 1031208   1   373 118   0      1.2   7.73   4.63  6.125     0.0  -0.2148   0.0000
  -1.117645   0.000000   0.245611   0.096985  -0.663599   0.060150   0.000000   0.000000   0.000000   0.000000
   0.00000   0.00000   0.13581   0.03093   0.00000  -1.11764   0.00000   0.00000  -0.87203   0.66276   0.19282   0.00000   0.00000
 NAME(I1)    NAME(I2)    M1[M*]                    M2[M*]                    EB[NB]                    ECC                       P[Days]                   SEMI[AU]                  RI[PC]                    VI[km/s]                  K*(I1)      K*(I2)      ZN[NB]                    RP[NB]                    STEP(I1)[NB]              NAME(ICM)                 ECM[NB]                   K*(ICM)      
           3           4   8.7970317491499028E-002   4.9196061553816367E-002  -9.2897646351125171E-004  0.98018963898304645        71340.815372945974        17.361255191394889        4.9975172619440222       0.18839005705224901                0           0   65941.428242054317        1.0539810829294615E-004  0.50000000000000000              706   6.7121563243131496E-002           0
          59          60  0.52934127945164156       0.11516011942956719       -3.1001072744619322E-002  0.99635260950274573        9025.0375450904266        7.3279160146024838        13.783461903436637       0.87984413352465807                0           0   521251.59969045070        4.4850020571511419E-005  0.50000000000000000              762   1.3849808755552109                0
          63          64  0.11284127030153632        5.3401276685359052E-002  -1.4468849236327175E-003  0.97984293960292113        54774.265105649982        15.520472950299069        12.117485609948272       0.36739081955111236                0           0   85885.502043175962        9.4206442072616631E-005  0.12500000000000000              766  0.19070061988625081                0
          83          84  0.10272953417562042        4.1373672231505683E-002  -1.2819188696754095E-003  0.97370419826673227        41789.837138321200        12.356008093958177        15.661414408339770       0.39295335024560057                0           0   112570.79662870750        7.4766174595093939E-005  0.12500000000000000              786  0.30852876121909295                0
         131         132   8.4797441590329786E-002   6.4637458177469395E-002  -7.7121942017657882E-004  0.98912831439601701        128788.41655396212        26.485513546867381        7.7347665767663880       0.44045736217704684                0           0   36527.471829531067        1.6151620773559698E-004   1.5625000000000000E-002         834  0.10072121142778979                0
         137         138  0.13717930409073115       0.13193897190263901       -4.0334545728335997E-003  0.97817964388784162        48147.574536657077        16.722602131164937        7.7669480141072613       0.26456498582214916                0           0   97706.173216745112        1.0141787278782275E-004  0.50000000000000000              840  0.59655945493435281                0
         167         168  0.11739175763496201        6.6852661947444644E-002  -1.3371095085191684E-003  0.97921691183512483        87047.450602289726        21.873015901955345        13.100549116605551       0.69436202826233329                0           0   54043.113555826756        1.3272323952673876E-004  0.50000000000000000              870  0.41168313029131309                0
         177         178  0.17518944591650459       0.15841447355487015       -4.8844045916293037E-002  0.97081544669269548        1948.4551180766894        2.1174370246531056        1.6593856932174760       0.79720288474287226                0           0   2414382.1502485364        1.2793853451865820E-005  0.25000000000000000              880  0.48051106925098497                0
         181         182  0.16494482085752635        4.8117280213717237E-002  -2.2342341753636167E-003  0.98308070947828008        38113.841390388654        13.238244572811659        4.1284091810051287       0.33007308483850406                0           0   123428.00111539195        8.0485139620415977E-005  0.50000000000000000              884   3.2003315923436609E-002           0
         193         194  0.13607741833753259        1.4509867592654014E-002  -3.3139095177587647E-004  0.98026160729439438        98477.807758994706        22.203845682541278        14.201583938302406       0.75204339733010261                0           0   47770.308506030713        1.3480179630591914E-004  0.50000000000000000              896   1.0880111160998769                0
         195         196  0.23980714281985319       0.16746154432118399       -1.7866781603804005E-002  0.96643523058497638        13874.745800257982        8.3762612435180923        12.280162302516716        1.0122895995781205                0           0   339055.96004197007        5.0498069052990366E-005  0.50000000000000000              898  0.78871603694792236                0
         207         208   9.9440827635248155E-002   5.0100703362626467E-002  -8.7683211256005204E-003  0.98112175417415370        2910.2243960466299        2.1174416066239212        1.7052725385561116       0.73460479782079391                0           0   1616478.5313583727        1.2860786271453537E-005  0.12500000000000000              910  0.45322672240386286                0
         225         226  0.11258739991983015        4.7810171057872303E-002  -9.4939383745014589E-004  0.98185672257896206        88575.957032427817        21.129198100363176        14.312487834131218       0.68970922428518822                0           0   53110.521356517827        1.2838083044770557E-004  0.50000000000000000              928   1.0226023198275687                0
         235         236   9.9158490776633662E-002   3.5661683213779022E-002  -5.1301121046354124E-003  0.96614283730650707        4095.4263718306088        2.5687641194955386        4.0523699635902952       0.31044667441873258                0           0   1148675.3345151674        1.5484037106406675E-005  0.50000000000000000              938   8.2251255382120941E-002           0
         249         250   8.3325272192247987E-002   6.4931060179189190E-002  -5.9417119074347373E-003  0.97581540753508467        5929.7866670524481        3.3934150410168407        14.762713264895641       0.44349799375479404                0           0   793336.34104971308        2.0555510157367267E-005  0.25000000000000000              952   1.2423273942074045                0
         271         272  0.13618545113931463       0.10282415591629936       -1.7643068358636144E-003  0.98806680624688603        120181.93023047518        29.578155387187675        6.0256260854827000       0.49168639715803203                0           0   39143.282593508091        1.8027976026539725E-004  0.50000000000000000              974   9.2712500092598751E-002           0
         287         288   8.8414603939471620E-002   4.2704642040310346E-002  -5.8515194294090581E-004  0.98093659039144399        118941.02246670357        24.046383900145148        3.3306392120506412       0.60059134393169711                0           0   39551.663169548527        1.4603779329379048E-004  0.50000000000000000              990  0.19762518202572035                0
         291         292  0.10251315781699964        2.9651563345757474E-002  -1.1831110334550475E-003  0.98075559013170377        29765.556837160901        9.5746088155111213        10.593229545082012       0.58833655121153161                0           0   158045.59892431262        5.8142920318824777E-005   3.1250000000000000E-002         994  0.23395101929292772                0
         303         304  0.77980953382043972       0.33783563817501155       -5.2382472905160467E-002  0.97671789874474535        28033.625192942258        18.742492285908785        6.4224844861012267       0.63601466613009361                0           0   167809.73653129677        1.1358394461059082E-004  0.50000000000000000             1006  0.23400235649230439                0
         311         312  0.16827131513595273       0.11782564957455051       -9.1314488263872420E-003  0.97485864189666582        15717.300866973132        8.0915100549741776        14.960312059054234       0.16384624635763301                0           0   299308.08714936365        4.8990345746074786E-005  0.50000000000000000             1014 -0.12857877184658614                0
         321         322  0.12252965187021556        4.0765808550071510E-002  -1.0952504619379879E-003  0.97557453106160041        63331.226025514967        16.995860241612995        16.008552722120285       0.42370121177909731                0           0   74281.133539866772        1.0293936416602254E-004  0.25000000000000000             1024  0.71947836330474080                0
         323         324  0.13577855073708561        2.1714876777924844E-002  -1.0672784058174505E-003  0.97737634574565457        30402.145619620234        10.295090097572151        12.836357962693594       0.64669595692510418                0           0   154736.29119810546        6.2411468000077191E-005  0.50000000000000000             1026  0.36425903128597303                0
         337         338  0.14234346256931027        4.8688670540606271E-002  -2.7220309402593351E-003  0.98436219341894415        24424.438780536861        9.4883723855236379        12.745386101338241       0.41372188717115660                0           0   192606.89262565569        5.7724153992768256E-005  0.50000000000000000             1040   1.4566236966902897                0
         363         364   8.0030474895858961E-002   2.5241398542184282E-002  -3.2505135387658957E-004  0.96900162088983910        125469.53716214608        23.159872534501439        13.004351548030861       0.70388832609450147                0           0   37493.684634903126        1.3980643129274424E-004  0.50000000000000000             1066  0.54628476355819067                0
         371         372   9.0756420354949963E-002   8.9399293653254358E-002  -1.4941626717007766E-003  0.97790038526241019        78336.750524128642        20.236383406048532        10.837990370642045       0.44998106614767497                0           0   60052.468683849453        1.2271064128272370E-004  0.50000000000000000             1074  0.26779178475315862                0
         383         384   9.3433970454860987E-002   6.5975786712685114E-002  -2.9999592269293533E-003  0.97176827062077331        19385.313257799193        7.6576121486429507        11.202859611858376       0.48581125165112743                0           0   242674.19334851863        4.6290742961604388E-005  0.50000000000000000             1086  0.46737590528385509                0
         395         396  0.10118924464727580        7.2387835402996439E-002  -4.0679476328368365E-003  0.98184110250843104        15239.121285685993        6.7103307468978812        9.0418000006637627       0.49176684257466807                0           0   308699.90266850201        4.0771591993552411E-005  0.50000000000000000             1098   6.2804220308169748E-002           0
         401         402  0.11008182267075275        8.1520559788653676E-002  -2.1754919003101718E-003  0.98946501741247106        50292.904508829961        15.372504553420699        8.8148254839108215       0.43833387473853064                0           0   93538.349069078395        9.3761781152373525E-005  0.50000000000000000             1104  0.13711668928991913                0
         219         220   5.9461379470541447        2.5291364086335988      -0.75299076982192070       0.98221912150944157        80559.862777643633        74.428097414589246        7.6324892120920049       0.20158879984387207                0           0   58395.273967004177        4.5230718866207646E-004  0.50000000000000000              922  0.12540362088763068                0
         159         160  0.52009082554844766       0.13749382338007102       -6.8562166579241961E-003  0.98252657550525302        109146.58921206869        38.868446659729038        3.5779039225619860       0.57833256062974170                0           0   43100.891119047374        2.3624417772278330E-004  0.50000000000000000              862  0.19305754705523570                0
           1           2   2.0244841138268650       0.61000484406818434       -7.0741485713423660E-002  0.98738152934187551        118081.33591071346        65.056817812538299        14.884950347706054       0.48192896153072001                0           0   39839.617509086311        3.9638661146352313E-004  0.50000000000000000              704  0.12689713021985971                0
         283         284  0.18094602805437388        8.1870494517192083E-002  -1.6064068193646895E-003  0.97697797871714775        143540.44546752289        34.366892541613126        6.1034860801768440       0.29074183212057259                0           0   32773.447527785116        2.0829891525217590E-004  0.50000000000000000              986  -5.0207874434291845E-002           0
         185         186  0.24628085064239766        6.9358336926096664E-002  -1.8551080494142963E-003  0.99057546901522908        130681.44545928008        34.314639623851313        8.4247928438991764       0.53687110628306911                0           0   35998.341165507023        2.0941269287605858E-004  0.50000000000000000              888  0.21775780099733189                0
         191         192  0.17819880543248182        5.0730547014061628E-002  -8.9966543292994278E-004  0.98450778698896024        174927.64032278312        37.446621017460309        16.229105886129620       0.62451676265697897                0           0   26892.921261409472        2.2782970840593575E-004  0.12500000000000000              894  0.46988000305493849                0
          71          72  0.16939743337267674        2.6319217633798585E-002  -4.7647967898261517E-004  0.96976219828091648        170003.73667627125        34.870225322542275        10.364426047528386       0.27035387166118541                0           0   27671.834452691655        1.5082883319385277E-004  0.25000000000000000              774 -0.11829877701553805                0
          53          54  0.10539273585624893        8.3691576402142989E-002  -9.4861616487088496E-004  0.98840746126056767        171334.30925667207        34.651436372167325        12.540296505068747       0.26373085561709403                0           0   27456.936547351612        2.1096666920612941E-004  0.12500000000000000              756 -0.16858151560078383                0
         245         246  0.10614450888457336        7.9534736728126665E-002  -8.8338078697462622E-004  0.97533507163214717        180155.36208468804        35.614411017835778        9.8790982301309018       0.17928615282824703                0           0   26112.546433302068        2.1568078356416255E-004  0.50000000000000000              948  0.11096889845350699                0
         331         332  0.12214104311112879        9.8521910482032543E-002  -1.1537755047203683E-003  0.97154055198387024        188414.45473505274        38.868024797675822        15.513852695729332       0.29267214298708633                0           0   24967.910579153504        2.3493249830021899E-004  0.50000000000000000             1034   6.8991581528642848E-002           0
         203         204  0.10958957416913398        5.6611292613942377E-002  -6.2817234305771752E-004  0.98494187057407623        200051.97130642890        36.805509599966030        13.542036558576408       0.14284325467386841                0           0   23515.465640870621        1.6988547057778460E-004  0.50000000000000000              906 -0.16844194182468117                0
          21          22  0.17137201111473407        1.8580527211685235E-002  -2.8964617018065918E-004  0.97725619083110171        219756.57682243298        40.968444197440832        4.3164152415889347       0.24437680954433558                0           0   21406.937283364805        1.8343950172520064E-004  0.50000000000000000              724   6.6611756902509200E-002           0
         369         370  0.35577330781196675       0.28758888866695975       -6.5923629871082615E-003  0.96841922705639494        200307.85819162280        57.839387851881206        13.849009747298462       0.41685846580411595                0           0   23485.425385280789        3.4904883910831302E-004  0.50000000000000000             1072   1.5696340006033260                0
          77          78   9.3430964505624117E-002   2.0354482771848002E-002  -1.6334883162896549E-004  0.97425183352183942        309441.22681298596        43.386459025179242        11.145669351321631       0.54733479141953723                0           0   15202.613129787858        1.8457846561722538E-004  0.50000000000000000              780  0.84727413009320762                0
         315         316  0.30834333591613694       0.21242803698149326       -3.5544000840579989E-003  0.96932722246065328        288048.63087816222        68.675120176768687        8.4304132861102197       0.38262505443204814                0           0   16331.670257563481        4.1463143421502049E-004   1.5625000000000000E-002        1018  0.19083935561447399                0
          89          90  0.20842321107894346       0.10223825271363279       -1.3435582502014560E-003  0.98702482580270168        297769.38109927031        59.104743533761280        6.4410453271595616       0.75873974487881957                0           0   15798.519109916271        3.6005640583131949E-004  0.50000000000000000              792  0.40038928860385814                0
         155         156  0.50373356431637750       0.18870347651975347       -4.6345267489272665E-003  0.98128177235206437        293320.33962033020        76.435433608783669        12.146020977306604       0.71445056647355254                0           0   16038.148816184937        4.6428632181207922E-004  0.50000000000000000              858  0.45914491599802010                0
         187         188  0.16652052450678573        4.4390738220572948E-002  -5.1200105471243477E-004  0.98740860044556455        313872.49940009229        53.803263366689940        6.0250675503199096       0.66840380493202689                0           0   14987.981637882163        1.5401396217716847E-004  0.50000000000000000              890  0.29125989997021884                0
         255         256   8.3811449474318997E-002   3.0344259974373743E-002  -1.9498774621546684E-004  0.99476358635673934        366335.73421504453        48.606227887337262        10.187233864758298       0.45876594101537899                0           0   12841.540746017587        1.7373772739312873E-004  0.50000000000000000              958  0.24132852260631904                0
          93          94   8.5361728603296438E-002   7.1347741082274679E-002  -4.1080252103106030E-004  0.97812880800934654        378910.90214675880        55.249666982163497        10.772578590859545       0.43997818834613056                0           0   12415.359998859836        1.7179347800011020E-004  0.50000000000000000              796  0.35038696887014786                0
          95         546  0.62290701776509083       0.52092362269304604       -3.7742949565404737E-003  0.93637785753276825        1958531.3351701109        320.39134468917587        8.7534901903723092       0.51956773446179194                0           0   2401.9606800093211        1.8892637985856509E-003   5.1408251122326797E-003         798  0.32791273134475307                0
          67          68  0.52597586808430075       0.46375414949012228       -9.5351984985231255E-003  0.98266064699714351        341740.68956755206        95.332992401100725        14.917047287507575       0.42984763849126711                0           0   13765.745201713413        5.7947742737167690E-004  0.50000000000000000              770   7.0959654352072798E-002           0
         213         214   8.6717284611907239E-002   1.7710005955573944E-002  -1.1427078035879827E-004  0.98213695314694749        400632.33674856107        50.085097135765906        4.6151361024793136       0.35326105122829188                0           0   11742.225542311169        1.5552041722878169E-004  0.50000000000000000              916  0.15150448905468841                0
         313         314  0.11479116130453372        5.7685466757393881E-002  -3.9453446450446250E-004  0.99253727403468150        435049.79924732697        62.547398305763593        3.5411045192466388       0.42243522886600204                0           0   10813.279918261374        1.7042172232509015E-004  0.50000000000000000             1016   7.7478502442051483E-002           0
         365         366  0.29906545429998188       0.27572229150032296       -3.4223050706489746E-003  0.97703614846779008        409915.73603235272        89.792227251814452        12.624976321332721       0.29066033562055804                0           0   11476.298283102440        5.4424978456707430E-004  0.50000000000000000             1068 -0.23647946807153539                0
         201         202  0.41909726131645580       0.36316033186407948       -5.4401348907038797E-003  0.97784193266974673        439642.50440806977        104.26124217537117        14.497092535171124       0.39046964991363098                0           0   10700.319487940789        6.3220712582260643E-004  0.50000000000000000              904   7.1689508349497291E-002           0
         171         172  0.11855449161888632       0.10910379859810015       -6.3808363105355751E-004  0.99690688946593098        502629.43037454027        75.543937317710842        4.5294264966937936       0.23592501313813552                0           0   9359.4106778413025        1.6222029374787257E-004  0.25000000000000000              874  -7.3104669731799035E-002           0
         347         348  0.19457293008789711        9.8264029982305379E-002  -8.4213227326918961E-004  0.97623178622328566        525292.62380639045        84.608893442837001        4.4457611823220082       0.40174944690669057                0           0   8955.6088253366652        5.1262384884362530E-004  0.25000000000000000             1050  0.15692656074860778                0
         343         344   9.9716206803828866E-002   3.9838043689421537E-002  -1.9541286924161294E-004  0.98547806040898511        644708.77578794607        75.758248904357316        14.022701750495397       0.58858585476621539                0           0   7296.8066114739531        4.6110969753691106E-004  0.50000000000000000             1046   1.7327768295711665                0
          99         100  0.11123848720615616        3.9011678252708890E-002  -1.9764343022701515E-004  0.98119635498491209        697449.45099556562        81.825121918085514        10.458144913863542       0.54704965438774489                0           0   6745.0268272914218        1.9609050585244134E-004  0.12500000000000000              802  0.13629269697206906                0
         391         392  0.13558686976987694        5.7578981684498085E-002  -2.5446740011902898E-004  0.98428057182237338        1015963.8259505472        114.33226250480101        11.314548611918125       0.32334645140369322                0           0   4630.3964151906221        1.9855493643177781E-004  0.50000000000000000             1094  0.10347139459254924                0
         385         386  0.12648191059682606        5.9749107023494945E-002  -2.5030111744847215E-004  0.99192399726360403        1010156.8010307509        112.51654391747591        15.994876607803374       0.27473782159499066                0           0   4657.0148840700185        1.9971473045980897E-004  0.50000000000000000             1088   7.3729432672263329E-003           0
          41          42  0.11122608390456809        8.6847116325004775E-002  -3.0034655602715249E-004  0.97689552612968544        1076875.4069236529        119.85571002551679        1.3468185894756961       0.83382796096523115                0           0   4368.4861102769009        1.9934720720389158E-004  0.44130549828641608              744  0.51948675338191452                0
         345         346  0.55774375829353751       0.47607345656862060       -4.7923803546830179E-003  0.97923176074338625        1065819.0059203701        206.47940675782556        1.9156590637337434       0.24689052433820996                0           0   4413.8031237137029        1.2529054742208931E-003  0.50000000000000000             1048  -4.2362522172753894E-002           0
          73          74  0.94128231410560004       0.69908498357263338       -1.0547991353088345E-002  0.98595090542721642        1010924.7705775029        232.48741209934116        15.847930182611305       0.51354126598692273                0           0   4653.4770880699325        1.4155097427745917E-003  0.50000000000000000              776  0.38531953327920088                0
         285         286   8.9462339041284894E-002   4.2834040765278178E-002  -1.2838168338598593E-004  0.97556116315563901        1178106.6063545495        111.23605151706303        10.116318868278594       0.66338304851740315                0           0   3993.1150816660524        1.4410236536712358E-004  0.12500000000000000              988  0.22834396025005543                0
         293         294  0.55382231722128972       0.12326253909399966       -1.3046202120956597E-003  0.97555013427591697        1208714.8768618368        195.00098063437505        10.194267883930117       0.51653033600074461                0           0   3891.9974823661364        1.1809822740092247E-003  0.50000000000000000              996  0.92203494487133031                0
         123         124  0.67985937278035102       0.12376754478802159       -1.4259437356367586E-003  0.97763450747397851        1328700.8239903566        219.90890269502705        8.2715439435268454       0.56744240647885646                0           0   3540.5376234484115        1.3330674591925293E-003  0.25000000000000000              826  0.32070310108579858                0
           7           8  0.10772050310063933        1.1526931384030817E-002  -3.7943697728780554E-005  0.99082248886431246        1424470.1409572540        121.95279694780302        11.712391543853071       0.45847620777703374                0           0   3302.5018372680170        1.6260639909577266E-004   6.2500000000000000E-002         710  -9.6401293124034199E-003           0
         355         356  0.32294731613854971       0.22153041596011064       -1.4146791448691402E-003  0.98835597978780254        1280677.5733209376        188.46314208734015        5.1158180515237897       0.43432993353138821                0           0   3673.3018174480535        1.1488556879049804E-003  0.50000000000000000             1058   6.7152094317384337E-002           0
          85          86   8.0567479673496034E-002   7.0359839832317903E-002  -1.6540594186675728E-004  0.98642166572395873        1357017.8794508749        127.71821781941760        7.7955514184568839       0.30579471065786434                0           0   3466.6567986181526        1.9401392259058692E-004   6.2500000000000000E-002         788  -5.6346765372082754E-002           0
         387         388  0.11696728908539532        8.3148869844046139E-002  -2.2937260224838984E-004  0.96227892667513615        1621798.8933814655        158.01509243732698        4.6121506308639146       0.51183933194518838                0           0   2900.6773138414360        7.5236743874264995E-004   1.7374226114737201E-005        1090  0.14783307659147821                0
         103         104   9.4240900685283069E-002   8.1646476448274677E-002  -1.9581474411928143E-004  0.97430932578693863        1543295.6101144454        146.43699954217337        3.9976068097213022       0.16168376583582120                0           0   3048.2269416265021        8.8618227905427590E-004  0.25000000000000000              806  -5.5661843264525876E-002           0
          65          66   8.1196656538748205E-002   3.2700733033609646E-002  -6.2627861262289943E-005  0.98184767372588766        2149336.5504112290        157.99647215383459        11.944832074421953       0.55276532998773775                0           0   2188.7290088398181        1.9363885980735446E-004  0.50000000000000000              768  0.17620712277687961                0
          15          16  0.12041882448822794        4.7134796559794988E-002  -1.1370748620294229E-004  0.97825164521118502        2263928.7909641471        186.02285177799217        11.335293340844677       0.58366653857389350                0           0   2077.9431210119114        1.1281688166013199E-003  0.50000000000000000              718  0.18009468230290882                0
         243         244  0.10897784068549871        6.2870305948584129E-002  -1.2688985103554134E-004  0.99345305026723485        2514966.0648626112        201.22235189126619        10.544064987776341       0.36896691381685520                0           0   1870.5283237695505        1.2297376519750148E-003  0.50000000000000000              946   7.3223810753745677E-002           0
         403         404  0.17519688796893346        3.8994197612049461E-002  -1.0593129191628571E-004  0.98389271785301058        2940503.4481621794        240.33744666047355        15.892138581028208       0.42916982586420266                0           0   1599.8332736473985        1.4310546541170762E-003   7.5011535431079716E-004        1106  0.15076864851351235                0
         127         128  0.41687934908818136       0.27898104023835063       -1.0601324713850049E-003  0.99434194081511351        3619474.9262651657        408.83142482301037        12.379133716988724       0.27790030639744695                0           0   1299.7231237899509        2.4997052625840904E-003  0.12500000000000000              830  -2.2524346301795589E-003           0
         217         218   8.1228311512873880E-002   6.5270211912634449E-002  -8.4864059256294254E-005  0.97696892315676265        3390006.8490829859        232.81876606981328        15.262055317869764       0.75373385553981431                0           0   1387.7008121435813        1.4110585494170628E-003  0.50000000000000000              920  0.32173469441461955                0
         143         144  0.25022565110097550       0.15769561095085233       -3.9893226177458845E-004  0.97378367469115990        4047244.7606835263        368.61381757316616        9.6184867493015265       0.64185240012661060                0           0   1162.3500766111972        2.2305190603367172E-003  0.50000000000000000              846  0.21977808208598257                0
          61          62  0.16574606629006447        5.1105325148539382E-002  -1.0680914848388477E-004  0.98146224652464376        3985102.7316611102        295.54272204541036        5.9136084697181506       0.43752628995349019                0           0   1180.4752786595950        1.7952874583487142E-003  0.50000000000000000              764  0.27976540214219559                0
          29          30   9.2064989403419284E-002   3.8673592252436655E-002  -4.8326417632826574E-005  0.98790084533106615        4595724.3541263249        274.56410217347485        6.7724416723125946       0.82315841961460257                0           0   1023.6286807368981        1.6733196375634911E-003  0.25000000000000000              732  0.51031173992945855                0
         405         406   8.7236661288412828E-002   5.5735761705262711E-002  -1.4072219982536795E-005  0.99445045527554632        44632234.652881853        1287.6258805654079        10.594657862009939       0.65382803410274870                0           0   105.40174145954420        7.8733128566099032E-003  0.50000000000000000             1108   1.2952481549390906                0
          45          46   8.6894120985331738E-002   8.6164685909330241E-002  -8.2040856412477007E-005  0.98387083180607882        5506893.1944410549        340.10174038637848        7.9922824756052524       0.63470723598593259                0           0   854.25939664011355        2.0685513436049150E-003  0.25000000000000000              748  0.47202035074612847                0
         161         162   9.3309048906446132E-002   9.2827486138433946E-002  -9.1369963979518129E-005  0.98820166415326605        5621455.3283103872        353.27770836709061        7.7783713551218314       0.49328676104820696                0           0   836.85006513406131        1.2153951917916459E-003   9.1637230856907393E-005         864  0.14180959136434781                0
         289         290  0.10428359770713377        2.3242149003040714E-002  -2.7029311643276792E-005  0.98098846924259753        6248218.9928363580        334.17706245562937        16.130096630161376       0.16400952677731565                0           0   752.90498989204843        3.1108201113904332E-004   4.6049150228317343E-004         992  -4.5738872009702156E-002           0
         115         116   9.5073144526220191E-002   4.6025486525321645E-002  -4.6726263478262970E-005  0.98361077625756288        6339435.9430684811        348.99124241529205        11.846648366455979       0.47179835265163217                0           0   742.07158174513086        2.1223306805025111E-003  0.25000000000000000              818  0.16989330433048050                0
         223         224  0.13901763968801717        6.0776114313866474E-002  -7.7059002318249361E-005  0.98945523910968425        6749124.8721974911        408.60040708023934        5.0837530827323265       0.34363414286783678                0           0   697.02596213974846        1.7602681916245168E-003   8.6146250193553720E-004         926  0.10604459156569512                0
         199         200  0.11230093762090229        4.7925291740752780E-002  -4.9845320530023470E-005  0.98557578802919299        7365259.5215128316        402.38621163417127        9.0138433274036114       0.34584333807027551                0           0   638.71683596540686        2.4494184751019071E-003  0.50000000000000000              902  0.76380176868929550                0
         373         374  0.15845034820673778       0.15233439132851201       -1.7085712096387011E-004  0.97949595266126144        7914554.9607257312        526.47458584613958        4.5736147233283786       0.41052118251446940                0           0   594.38784378766854        3.1825693957749758E-003   5.7286469034311092E-005        1076  0.10284638551717792                0
          69          70  0.10464422723177559       0.10349050793134676       -8.6377732787562200E-005  0.98042651398566583        8085705.8082159301        467.23280664956275        11.183988074813254       0.17002804455175527                0           0   581.80638391081243        2.8368343572848856E-003  0.50000000000000000              772 -0.16204751278679314                0
          51          52  0.11606384615255892        9.5064690585184505E-002  -1.2276543213329298E-004  0.98205345115529663        4872545.5793825211        334.93415447263214        4.7727357050460197       0.45332013910104485                0           0   965.47383313362923        1.9892380511386115E-004  0.25000000000000000              754   6.4118097734037566E-002           0
         265         266   8.4095384718170976E-002   3.6296916915751078E-002  -2.5177910462834410E-005  0.98207553082844334        10108883.498220254        451.79513528271121        4.0608795576484793       0.50015576986686450                0           0   465.36447457060848        2.4268049211264853E-003   1.2818815440276312E-003         968  0.21635538418614789                0
         367         368  0.20322917187314732       0.17631903439505672       -1.9839475085652622E-004  0.98269245596440202        10353051.166497106        673.09196302472969        13.195779079225602       0.52678073307599227                0           0   454.38925993798989        3.1013631559359558E-003   4.1580485789848492E-004        1070   1.5307021049381659                0
         305         306   8.5255713978393793E-002   1.6586699482616780E-002  -1.1931200371230782E-005  0.97557216214542408        10624387.113807641        441.69112072417624        13.299972643227802       0.26687013967167561                0           0   442.78462439785847        2.6751951435917505E-003  0.50000000000000000             1008   7.8854840573127361E-002           0
         325         326  0.14296285691723640        1.8018411898666035E-002  -1.7591034512000332E-005  0.98525910189351285        11605238.715074902        545.71725305743564        7.3959121064111706       0.37337371452235152                0           0   405.36135215676182        1.9976652747874619E-004  0.12500000000000000             1028   2.6535264825160807E-002           0
         119         120  0.12744757891135747        8.2887871857059842E-002  -6.3848789170769046E-005  0.98269985033698937        12193204.574003790        616.57973866081329        9.9094359886526391       0.25742628469317286                0           0   385.81451078697370        3.7479255214838184E-003  0.25000000000000000              822   6.7647363463392424E-002           0
         133         134  0.13034205300579016        4.8697333779162973E-002  -3.8327274166260923E-005  0.98105368010954774        13234808.127867641        617.16479391045527        6.7235148485829681       0.46700406895464380                0           0   355.45020465685513        8.8014913500316912E-004   1.6298068804012370E-004         836  0.20889868313667048                0
          17          18   8.8310858010865509E-002   3.6165089814597706E-002  -2.2321003472730643E-005  0.98140412768925933        12747100.610456508        533.22349031307033        8.4111747917014910       0.36716683852684673                0           0   369.04982563531280        3.2391129273980847E-003  0.50000000000000000              720  -4.3302471756788932E-002           0
         275         276  0.13196141201412448        6.9014568623332620E-002  -4.7733579604253168E-005  0.97885023530610882        15446950.049409252        711.02204133677697        10.906182597758116       0.41903270762560485                0           0   304.54654430792783        2.8424337840453652E-003   5.4090844069229493E-004         978  0.37119479227225904                0
         221         222  0.10685030920939192        6.9974509155263417E-002  -3.1625603785412485E-005  0.98435748755146268        22715005.479098257        881.04107154384792        11.688520457961854       0.18604323007198234                0           0   207.10165630263876        4.2157110258483222E-003   4.3249805927845488E-005         924 -0.20413614816464543                0
         157         158  0.17882018552997023        8.7937108552675433E-002  -4.2075740550775778E-005  0.98507697672006023        36757545.906270273        1392.7600156649248        6.9929002683503318       0.37220699535043955                0           0   127.98229973351620        6.6189997539581897E-003   8.9255948205700438E-005         860   9.1950753582810494E-003           0
         145         146  0.11284151051838727        7.1741434973604884E-002  -2.4259748053548842E-005  0.99378527860505839        37282277.848310456        1243.5750497841639        11.983440452132077       0.41501949484506678                0           0   126.18100419682246        7.5397759582711997E-003   2.3065754741655851E-004         848  0.14900129707493895                0
         399         400  0.17014458503807270        6.6018282057290864E-002  -2.6984420565485233E-005  0.99072913748167379        45921630.855238080        1551.2742725918315        10.486226553029853       0.23011491125147793                0           0   102.44225150614749        9.4677258642787889E-003   3.8589865762661433E-003        1102 -0.12840816764265628                0
         267         268  0.11152016154947933        1.9237634443879208E-002  -2.0555995177148692E-005  0.97570684470097702        7747922.3390370496        388.94293470432046        2.3984460421373162       0.54315547710389467                0           0   607.17119400417721        2.0786481689156759E-003   1.4018341706971546E-004         970  0.15179908609655984                0
