 1021867   1   373 168   0      1.9   7.73   4.63  7.182     0.0  -0.2148   0.0000
  -1.117539   0.000000   0.245505   0.096985  -0.663599   0.060150   0.000000   0.000000   0.000000   0.000000
   0.00000   0.00000   0.13974   0.02966   0.00000  -1.11754   0.00000   0.00000  -0.87203   0.66276   0.19180   0.00000   0.00000
 NAME(I1)    NAME(I2)    M1[M*]                    M2[M*]                    EB[NB]                    ECC                       P[Days]                   SEMI[AU]                  RI[PC]                    VI[km/s]                  K*(I1)      K*(I2)      ZN[NB]                    RP[NB]                    STEP(I1)[NB]              NAME(ICM)                 ECM[NB]                   K*(ICM)      
           3           4   8.7970317491499028E-002   4.9196061553816367E-002  -9.2897646351125171E-004  0.98018963898304645        71340.815372945974        17.361255191394889        4.1340605709202229       0.21853586883165593                0           0   65941.428242054317        1.0539810829294615E-004  0.50000000000000000              706   6.7550824589619418E-002           0
          59          60  0.52934127945164156       0.11516011942956719       -3.1001072744619322E-002  0.99635260950274573        9025.0375450904266        7.3279160146024838        13.443092042846805       0.93596178105955896                0           0   521251.59969045070        4.4850020571511419E-005  0.50000000000000000              762   1.3848962935339197                0
          63          64  0.11284127030153632        5.3401276685359052E-002  -1.4468849236327175E-003  0.97984293960292113        54774.265105649982        15.520472950299069        12.867548235903289       0.36655562045472256                0           0   85885.502043175962        9.4206442072616631E-005  0.25000000000000000              766  0.19056592437087597                0
          83          84  0.10272953417562042        4.1373672231505683E-002  -1.2819188696754095E-003  0.97370419826673227        41789.837138321200        12.356008093958177        15.850955681819544       0.43457733603722615                0           0   112570.79662870750        7.4766174595093939E-005  0.50000000000000000              786  0.30815873854888542                0
         131         132   8.4797441590329786E-002   6.4637458177469395E-002  -7.7121942017657882E-004  0.98912831439601701        128788.41655396212        26.485513546867381        7.2170599354845688       0.50939651104475803                0           0   36527.471829531067        1.6151620773559698E-004   7.8125000000000000E-003         834  0.15938667942669643                0
         137         138  0.13717930409073115       0.13193897190263901       -4.0334545728335997E-003  0.97817964388784162        48147.574536657077        16.722602131164937        8.0993427475098159       0.34506978493981494                0           0   97706.173216745112        1.0141787278782275E-004  0.50000000000000000              840  0.59697143609625647                0
         167         168  0.11739175763496201        6.6852661947444644E-002  -1.3371095085191684E-003  0.97921691183512483        87047.450602289726        21.873015901955345        13.920614494785200       0.70493383657168174                0           0   54043.113555826756        1.3272323952673876E-004  0.25000000000000000              870  0.41153172114380127                0
         177         178  0.17518944591650459       0.15841447355487015       -4.8844045916293037E-002  0.97081544669269548        1948.4551180766894        2.1174370246531056        1.3136416610178090       0.79587413850283295                0           0   2414382.1502485364        1.2793853451865820E-005  0.25000000000000000              880  0.48253162883475170                0
         181         182  0.16494482085752635        4.8117280213717237E-002  -2.2342341753636167E-003  0.98308070947828008        38113.841390388654        13.238244572811659        3.5811146554275588       0.34215930493904112                0           0   123428.00111539195        8.0485139620415977E-005  0.50000000000000000              884   2.9974765018802821E-002           0
         193         194  0.13607741833753259        1.4509867592654014E-002  -3.3139095177587647E-004  0.98026160729439438        98477.807758994706        22.203845682541278        15.082457300763236       0.80411023655982938                0           0   47770.308506030713        1.3480179630591914E-004  0.50000000000000000              896   1.0768743761593242                0
         195         196  0.23980714281985319       0.16746154432118399       -1.7866781603804005E-002  0.96643523058497638        13874.745800257982        8.3762612435180923        11.447582582071025        1.0330012501056616                0           0   339055.96004197007        5.0498069052990366E-005  0.50000000000000000              898  0.79575701471980165                0
         207         208   9.9440827635248155E-002   5.0100703362626467E-002  -8.7683211256005204E-003  0.98112175417415370        2910.2243960466299        2.1174416066239212        2.5087716604842321       0.71941412089905876                0           0   1616478.5313583727        1.2860786271453537E-005  0.25000000000000000              910  0.45451837960840630                0
         225         226  0.11258739991983015        4.7810171057872303E-002  -9.4939383745014589E-004  0.98185672257896206        88575.957032427817        21.129198100363176        14.999060042222146       0.75869831384547581                0           0   53110.521356517827        1.2838083044770557E-004  0.50000000000000000              928   1.0216374511852133                0
         235         236   9.9158490776633662E-002   3.5661683213779022E-002  -5.1301121046354124E-003  0.96614283730650707        4095.4263718306088        2.5687641194955386        3.0183760328797771       0.34128790584687935                0           0   1148675.3345151674        1.5484037106406675E-005  0.12500000000000000              938   9.1429205422654106E-002           0
         249         250   8.3325272192247987E-002   6.4931060179189190E-002  -5.9417119074347373E-003  0.97581540753508467        5929.7866670524481        3.3934150410168407        15.537413679937693       0.41444845089768240                0           0   793336.34104971308        2.0555510157367267E-005  0.25000000000000000              952   1.2426671481151434                0
         271         272  0.13618545113931463       0.10282415591629936       -1.7643068358636144E-003  0.98806680624688603        120181.93023047518        29.578155387187675        6.6158352417359323       0.47599204543016593                0           0   39143.282593508091        1.8027976026539725E-004  0.50000000000000000              974   9.3555155461811743E-002           0
         287         288   8.8414603939471620E-002   4.2704642040310346E-002  -5.8515194294090581E-004  0.98093659039144399        118941.02246670357        24.046383900145148        1.7438629150592517       0.59748895614689113                0           0   39551.663169548527        1.4603779329379048E-004  0.25000000000000000              990  0.19457614733576137                0
         291         292  0.10251315781699964        2.9651563345757474E-002  -1.1831110334550475E-003  0.98075559013170377        29765.556837160901        9.5746088155111213        11.915317378954706       0.58858373173581990                0           0   158045.59892431262        5.8142920318824777E-005   3.1250000000000000E-002         994  0.23383100669423629                0
         303         304  0.77980953382043972       0.33783563817501155       -5.2382472905160467E-002  0.97671789874474535        28033.625192942258        18.742492285908785        5.0402922790813314       0.63093985906599948                0           0   167809.73653129677        1.1358394461059082E-004  0.25000000000000000             1006  0.23002780179093932                0
         311         312  0.16827131513595273       0.11782564957455051       -9.1314488263872420E-003  0.97485864189666582        15717.300866973132        8.0915100549741776        15.843920285357644       0.15039402155169701                0           0   299308.08714936365        4.8990345746074786E-005  0.50000000000000000             1014 -0.12996699530274330                0
         321         322  0.12252965187021556        4.0765808550071510E-002  -1.0952504619379879E-003  0.97557453106160041        63331.226025514967        16.995860241612995        16.702140539038997       0.41333769166484341                0           0   74281.133539866772        1.0293936416602254E-004  0.50000000000000000             1024  0.71930718319168863                0
         323         324  0.13577855073708561        2.1714876777924844E-002  -1.0672784058174505E-003  0.97737634574565457        30402.145619620234        10.295090097572151        13.417750943408924       0.67857597493261834                0           0   154736.29119810546        6.2411468000077191E-005  0.25000000000000000             1026  0.36413079834278428                0
         337         338  0.14234346256931027        4.8688670540606271E-002  -2.7220309402593351E-003  0.98436219341894415        24424.438780536861        9.4883723855236379        13.223909236105856       0.40825143490507931                0           0   192606.89262565569        5.7724153992768256E-005  0.50000000000000000             1040   1.4560046455664597                0
         363         364   8.0030474895858961E-002   2.5241398542184282E-002  -3.2505135387658957E-004  0.96900162088983910        125469.53716214608        23.159872534501439        12.424768287860946       0.71702045556598037                0           0   37493.684634903126        1.3980643129274424E-004  0.50000000000000000             1066  0.54693322319284865                0
         371         372   9.0756420354949963E-002   8.9399293653254358E-002  -1.4941626717007766E-003  0.97790038526241019        78336.750524128642        20.236383406048532        9.8097372173719606       0.48626103924493924                0           0   60052.468683849453        1.2271064128272370E-004  0.50000000000000000             1074  0.26902788144138634                0
         383         384   9.3433970454860987E-002   6.5975786712685114E-002  -2.9999592269293533E-003  0.97176827062077331        19385.313257799193        7.6576121486429507        11.198316002681070       0.45725783647312007                0           0   242674.19334851863        4.6290742961604388E-005  0.50000000000000000             1086  0.46639230580443963                0
         395         396  0.10118924464727580        7.2387835402996439E-002  -4.0679476328368365E-003  0.98184110250843104        15239.121285685993        6.7103307468978812        8.5555181570317256       0.49479123769796379                0           0   308699.90266850201        4.0771591993552411E-005  0.50000000000000000             1098   6.0958525011046490E-002           0
         401         402  0.11008182267075275        8.1520559788653676E-002  -2.1754919003101718E-003  0.98946501741247106        50292.904508829961        15.372504553420699        8.0892345435611688       0.40211212102967514                0           0   93538.349069078395        9.3761781152373525E-005  0.50000000000000000             1104  0.13815127207577124                0
         219         220   5.9461379470541447        2.5291364086335988      -0.75299076982192070       0.98221912150944157        80559.862777643633        74.428097414589246        6.7705180412099333       0.18029307084895591                0           0   58395.273967004177        4.5230718866207646E-004  0.50000000000000000              922  0.12498112247591488                0
         159         160  0.52009082554844766       0.13749382338007102       -6.8562166579241961E-003  0.98252657550525302        109146.58921206869        38.868446659729038        3.3354502685371950       0.57760605869362092                0           0   43100.891119047374        2.3624417772278330E-004  0.25000000000000000              862  0.17593025419218414                0
           1           2   2.0244841138268650       0.61000484406818434       -7.0741485713423660E-002  0.98738152934187551        118081.33591071346        65.056817812538299        15.299802438004116       0.49817483214708314                0           0   39839.617509086311        3.9638661146352313E-004  0.50000000000000000              704  0.12661729117841655                0
         283         284  0.18094602805437388        8.1870494517192083E-002  -1.6064068193646895E-003  0.97697797871714775        143540.44546752289        34.366892541613126        4.8720444533379395       0.27994036418038859                0           0   32773.447527785116        2.0829891525217590E-004   6.2500000000000000E-002         986  -5.1988285985093668E-002           0
         185         186  0.24628085064239766        6.9358336926096664E-002  -1.8551080494142963E-003  0.99057546901522908        130681.44545928008        34.314639623851313        9.4857210812257424       0.52062823151207593                0           0   35998.341165507023        2.0941269287605858E-004  0.50000000000000000              888  0.21732292599665079                0
         191         192  0.17819880543248182        5.0730547014061628E-002  -8.9966543292994278E-004  0.98450778698896024        174927.64032278312        37.446621017460309        17.437743585867555       0.63271055897107054                0           0   26892.921261409472        2.2782970840593575E-004  0.25000000000000000              894  0.46972874762299049                0
          71          72  0.16939743337267674        2.6319217633798585E-002  -4.7647967898261517E-004  0.96976219828091648        170003.73667627125        34.870225322542275        10.898774808472803       0.27922696184814572                0           0   27671.834452691655        1.5082883319385277E-004  0.25000000000000000              774 -0.11731738808061767                0
          53          54  0.10539273585624893        8.3691576402142989E-002  -9.4861616487088496E-004  0.98840746126056767        171334.30925667207        34.651436372167325        13.533827644935490       0.24152222972389095                0           0   27456.936547351612        2.1096666920612941E-004  0.50000000000000000              756 -0.17334461461354533                0
         245         246  0.10614450888457336        7.9534736728126665E-002  -8.8338078697462622E-004  0.97533507163214717        180155.36208468804        35.614411017835778        10.085096270561342       0.13996195069251302                0           0   26112.546433302068        2.1568078356416255E-004  0.50000000000000000              948  0.11136740194424773                0
         331         332  0.12214104311112879        9.8521910482032543E-002  -1.1537755047203683E-003  0.97154055198387024        188414.45473505274        38.868024797675822        15.379149559860592       0.28899072452817964                0           0   24967.910579153504        2.3493249830021899E-004  0.50000000000000000             1034   6.9192203421934134E-002           0
         203         204  0.10958957416913398        5.6611292613942377E-002  -6.2817234305771752E-004  0.98494187057407623        200051.97130642890        36.805509599966030        14.350364544422158       0.11666631655091808                0           0   23515.465640870621        1.6988547057778460E-004  0.50000000000000000              906 -0.16883728100923978                0
          21          22  0.17137201111473407        1.8580527211685235E-002  -2.8964617018065918E-004  0.97725619083110171        219756.57682243298        40.968444197440832        4.2857360702808380       0.24042386429598456                0           0   21406.937283364805        1.8343950172520064E-004  0.50000000000000000              724   6.9710693689160330E-002           0
         369         370  0.35577330781196675       0.28758888866695975       -6.5923629871082615E-003  0.96841922705639494        200307.85819162280        57.839387851881206        14.320184122415609       0.42552859648367736                0           0   23485.425385280789        3.4904883910831302E-004  0.50000000000000000             1072   1.5701513011354766                0
          77          78   9.3430964505624117E-002   2.0354482771848002E-002  -1.6334883162896549E-004  0.97425183352183942        309441.22681298596        43.386459025179242        10.906394379246507       0.58391266431423605                0           0   15202.613129787858        1.8457846561722538E-004  0.50000000000000000              780  0.84331105206312129                0
         315         316  0.30834333591613694       0.21242803698149326       -3.5544000840579989E-003  0.96932722246065328        288048.63087816222        68.675120176768687        8.2218103590731086       0.42109995156609065                0           0   16331.670257563481        4.1463143421502049E-004   3.1250000000000000E-002        1018  0.23041595828474498                0
          89          90  0.20842321107894346       0.10223825271363279       -1.3435582502014560E-003  0.98702482580270168        297769.38109927031        59.104743533761280        7.3720724333437753       0.75653223970013295                0           0   15798.519109916271        3.6005640583131949E-004  0.50000000000000000              792  0.39894791418560543                0
         155         156  0.50373356431637750       0.18870347651975347       -4.6345267489272665E-003  0.98128177235206437        293320.33962033020        76.435433608783669        10.381099908460026       0.74642290810988798                0           0   16038.148816184937        4.6428632181207922E-004  0.50000000000000000              858  0.46013538833482720                0
         187         188  0.16652052450678573        4.4390738220572948E-002  -5.1200105471243477E-004  0.98740860044556455        313872.49940009229        53.803263366689940        6.7274819859933439       0.66600599458720877                0           0   14987.981637882163        1.5401396217716847E-004  0.50000000000000000              890  0.29436836745968625                0
         255         256   8.3811449474318997E-002   3.0344259974373743E-002  -1.9498774621546684E-004  0.99476358635673934        366335.73421504453        48.606227887337262        9.7512313009005567       0.45171488985470676                0           0   12841.540746017587        1.7373772739312873E-004  0.50000000000000000              958  0.23758318193643663                0
          93          94   8.5361728603296438E-002   7.1347741082274679E-002  -4.1080252103106030E-004  0.97812880800934654        378910.90214675880        55.249666982163497        10.468767478988754       0.48489494643367959                0           0   12415.359998859836        1.7179347800011020E-004  0.50000000000000000              796  0.35205213079232001                0
          95         546  0.62290701776509083       0.52092362269304604       -3.7742894275983440E-003  0.93636390899518651        1958535.6387392655        320.39181402922975        8.4878711814121726       0.51661789152788007                0           0   2401.9554020844830        1.7966446796142033E-003   4.9274214211129878E-003         798  0.31271831851197468                0
          67          68  0.52597586808430075       0.46375414949012228       -9.5351984985231255E-003  0.98266064699714351        341740.68956755206        95.332992401100725        16.134829581389489       0.46854209309384920                0           0   13765.745201713413        5.7947742737167690E-004  0.50000000000000000              770   7.0762984065658951E-002           0
         213         214   8.6717284611907239E-002   1.7710005955573944E-002  -1.1427078035879827E-004  0.98213695314694749        400632.33674856107        50.085097135765906        4.7010148035591364       0.34057561034440503                0           0   11742.225542311169        1.5552041722878169E-004  0.50000000000000000              916  0.15432527106840682                0
         313         314  0.11479116130453372        5.7685466757393881E-002  -3.9453446450446250E-004  0.99253727403468150        435049.79924732697        62.547398305763593        2.9666899056838232       0.44154119715036716                0           0   10813.279918261374        1.7042172232509015E-004  0.50000000000000000             1016   7.7343582693939331E-002           0
         365         366  0.29906545429998188       0.27572229150032296       -3.4223050706489746E-003  0.97703614846779008        409915.73603235272        89.792227251814452        13.649215758531462       0.30168566868598334                0           0   11476.298283102440        5.4424978456707430E-004  0.50000000000000000             1068 -0.23615294827024652                0
         201         202  0.41909726131645580       0.36316033186407948       -5.4401348907038797E-003  0.97784193266974673        439642.50440806977        104.26124217537117        14.426872375730005       0.38669102011249062                0           0   10700.319487940789        6.3220712582260643E-004  0.50000000000000000              904   7.2095274370080301E-002           0
         171         172  0.11855449161888632       0.10910379859810015       -6.3808363105355751E-004  0.99690688946593098        502629.43037454027        75.543937317710842        3.8907378718737142       0.23552083656922884                0           0   9359.4106778413025        1.6222029374787257E-004  0.50000000000000000              874  -7.4437967415323408E-002           0
         347         348  0.19457293008789711        9.8264029982305379E-002  -8.4213227326918961E-004  0.97623178622328566        525292.62380639045        84.608893442837001        5.4900452653336771       0.36777772077615556                0           0   8955.6088253366652        5.1262384884362530E-004  0.25000000000000000             1050  0.15740000541326946                0
         343         344   9.9716206803828866E-002   3.9838043689421537E-002  -1.9541286924161294E-004  0.98547806040898511        644708.77578794607        75.758248904357316        14.668699936554468       0.55401571636530833                0           0   7296.8066114739531        4.6110969753691106E-004  0.50000000000000000             1046   1.7402537295459153                0
          99         100  0.11123848720615616        3.9011678252708890E-002  -1.9764343022701515E-004  0.98119635498491209        697449.45099556562        81.825121918085514        9.2979588752832090       0.54594312350858432                0           0   6745.0268272914218        1.9609050585244134E-004  0.25000000000000000              802  0.13263036507332379                0
         391         392  0.13558686976987694        5.7578981684498085E-002  -2.5446740011902898E-004  0.98428057182237338        1015963.8259505472        114.33226250480101        12.804579323102558       0.30208499114810389                0           0   4630.3964151906221        1.9855493643177781E-004  0.50000000000000000             1094  0.10393385412147790                0
         385         386  0.12648191059682606        5.9749107023494945E-002  -2.5030111744847215E-004  0.99192399726360403        1010156.8010307509        112.51654391747591        16.762891874802463       0.27688711254098830                0           0   4657.0148840700185        1.9971473045980897E-004  0.50000000000000000             1088   7.8488757195738137E-003           0
          41          42  0.11122608390456809        8.6847116325004775E-002  -3.0034655602715249E-004  0.97689552612968544        1076875.4069236529        119.85571002551679        1.2976150542404037       0.83571322436795192                0           0   4368.4861102769009        1.9934720720389158E-004  0.25000000000000000              744  0.52090222611274073                0
         345         346  0.55774375829353751       0.47607345656862060       -4.7923803546830179E-003  0.97923176074338625        1065819.0059203701        206.47940675782556        1.5632946689249156       0.25805175284173593                0           0   4413.8031237137029        1.2529054742208931E-003  0.50000000000000000             1048  -4.2071915232647111E-002           0
          73          74  0.94128231410560004       0.69908498357263338       -1.0547991353088345E-002  0.98595090542721642        1010924.7705775029        232.48741209934116        15.159294515053636       0.55206049053032380                0           0   4653.4770880699325        1.4155097427745917E-003  0.50000000000000000              776  0.38500538678352958                0
         285         286   8.9462339041284894E-002   4.2834040765278178E-002  -1.2838168338598593E-004  0.97556116315563901        1178106.6063545495        111.23605151706303        8.9197899637544822       0.67077836194524643                0           0   3993.1150816660524        1.4410236536712358E-004  0.50000000000000000              988  0.22709195319378717                0
         293         294  0.55382231722128972       0.12326253909399966       -1.3046202120956597E-003  0.97555013427591697        1208714.8768618368        195.00098063437505        10.067629134976892       0.56891411626721056                0           0   3891.9974823661364        1.1809822740092247E-003  0.50000000000000000              996  0.92341242486059805                0
         123         124  0.67985937278035102       0.12376754478802159       -1.4259437356367586E-003  0.97763450747397851        1328700.8239903566        219.90890269502705        7.9250540351004490       0.58768200666346260                0           0   3540.5376234484115        1.3330674591925293E-003  0.50000000000000000              826  0.32050045243994685                0
           7           8  0.10772050310063933        1.1526931384030817E-002  -3.7943697728780554E-005  0.99082248886431246        1424470.1409572540        121.95279694780302        11.497398932595738       0.47246488135433445                0           0   3302.5018372680170        1.6260639909577266E-004   6.2500000000000000E-002         710  -9.7792703774957079E-003           0
         355         356  0.32294731613854971       0.22153041596011064       -1.4146791448691402E-003  0.98835597978780254        1280677.5733209376        188.46314208734015        5.5810399949044953       0.44031267507388117                0           0   3673.3018174480535        1.1488556879049804E-003  0.50000000000000000             1058   6.7485921398587306E-002           0
          85          86   8.0567479673496034E-002   7.0359839832317903E-002  -1.6540594186675728E-004  0.98642166572395873        1357017.8794508749        127.71821781941760        8.4852728939577027       0.32356044945290607                0           0   3466.6567986181526        1.9401392259058692E-004   6.2500000000000000E-002         788  -5.6282285405761842E-002           0
         387         388  0.11696728908539532        8.3148869844046139E-002  -2.2933728450121702E-004  0.95320511944427977        1622173.5412841255        158.03942662745368        4.0948546399481502       0.72435741082244642                0           0   2900.0073900359575        9.0642221814712476E-004   1.4498334690209687E-005        1090  0.11028908701800696                0
         103         104   9.4240900685283069E-002   8.1646476448274677E-002  -1.9581474411928143E-004  0.97430932578693863        1543295.6101144454        146.43699954217337        4.2516871441557278       0.15221648245365185                0           0   3048.2269416265021        8.8618227905427590E-004  0.25000000000000000              806  -4.7536932626119778E-002           0
          65          66   8.1196656538748205E-002   3.2700733033609646E-002  -6.2627861262289943E-005  0.98184767372588766        2149336.5504112290        157.99647215383459        12.791779235768031       0.56343828779025407                0           0   2188.7290088398181        1.9363885980735446E-004  0.50000000000000000              768  0.17588913635245085                0
          15          16  0.12041882448822794        4.7134796559794988E-002  -1.1370748620294229E-004  0.97825164521118502        2263928.7909641471        186.02285177799217        13.141191625862094       0.60992957195046160                0           0   2077.9431210119114        1.1281688166013199E-003  0.50000000000000000              718  0.17915108139561162                0
         243         244  0.10897784068549871        6.2870305948584129E-002  -1.2688985103554134E-004  0.99345305026723485        2514966.0648626112        201.22235189126619        10.466628637860993       0.38144482255771628                0           0   1870.5283237695505        1.2297376519750148E-003  0.50000000000000000              946   7.3630590040312707E-002           0
         265         266   8.4095384718170976E-002   3.6296916915751078E-002  -2.5179263309076986E-005  0.98201121952299752        10108068.805121839        451.77086096842015        3.6639680706140942       0.52773288908753679                0           0   465.40198215321294        2.2913665008376244E-003   1.2210824750217618E-003         968  0.21607729472035375                0
         127         128  0.41687934908818136       0.27898104023835063       -1.0601324713850049E-003  0.99434194081511351        3619474.9262651657        408.83142482301037        12.437510474036248       0.31359318686762944                0           0   1299.7231237899509        2.4997052625840904E-003  0.25000000000000000              830  -2.4232082852367748E-003           0
         217         218   8.1228311512873880E-002   6.5270211912634449E-002  -8.4864059256294254E-005  0.97696892315676265        3390006.8490829859        232.81876606981328        15.813551646572753       0.71865192582190829                0           0   1387.7008121435813        1.4110585494170628E-003  0.50000000000000000              920  0.32154022695530854                0
         143         144  0.25022565110097550       0.15769561095085233       -3.9893226177458845E-004  0.97378367469115990        4047244.7606835263        368.61381757316616        8.9355501100872701       0.64912380447992601                0           0   1162.3500766111972        2.2305190603367172E-003  0.50000000000000000              846  0.21696106692347261                0
          61          62  0.16574606629006447        5.1105325148539382E-002  -1.0680914848388477E-004  0.98146224652464376        3985102.7316611102        295.54272204541036        6.8689942352548128       0.45104091215356817                0           0   1180.4752786595950        1.7952874583487142E-003  0.50000000000000000              764  0.28031733710764095                0
          29          30   9.2064989403419284E-002   3.8673592252436655E-002  -4.8326417632826574E-005  0.98790084533106615        4595724.3541263249        274.56410217347485        5.5837468923173263       0.83776156128597223                0           0   1023.6286807368981        1.6733196375634911E-003  0.25000000000000000              732  0.51027998531781116                0
         405         406   8.7236661288412828E-002   5.5735761705262711E-002  -1.4072219982536795E-005  0.99445045527554632        44632234.652881853        1287.6258805654079        10.403417671496037       0.70962038217175738                0           0   105.40174145954420        7.8733128566099032E-003  0.50000000000000000             1108   1.2959336678208755                0
          45          46   8.6894120985331738E-002   8.6164685909330241E-002  -8.2040856412477007E-005  0.98387083180607882        5506893.1944410549        340.10174038637848        7.3166307393953636       0.65718321242251043                0           0   854.25939664011355        2.0685513436049150E-003  0.50000000000000000              748  0.47182645908148757                0
         161         162   9.3309048906446132E-002   9.2827486138433946E-002  -9.1371896569208242E-005  0.98758359590909883        5621276.9817469493        353.27023625714685        7.2621782361353731       0.40805699619320207                0           0   836.87661592202528        1.2364965519433778E-003   2.2830560244664788E-005         864   8.3860362880775807E-002           0
         289         290  0.10428359770713377        2.3242149003040714E-002  -2.7029293859185058E-005  0.98098931989641092        6248225.1594190989        334.17728232950259        16.672499432561310       0.16177603571443783                0           0   752.90424682488981        3.4438725480734317E-004   4.4993110423586889E-004         992  -4.7021255990119790E-002           0
         115         116   9.5073144526220191E-002   4.6025486525321645E-002  -4.6726263478262970E-005  0.98361077625756288        6339435.9430684811        348.99124241529205        12.562937319101300       0.49382344579556686                0           0   742.07158174513086        2.1223306805025111E-003  0.25000000000000000              818  0.16988603460263355                0
         223         224  0.13901763968801717        6.0776114313866474E-002  -7.7057817270247304E-005  0.98945169214236484        6749280.5618078094        408.60669081773938        5.2385379722590040       0.31785761458182710                0           0   697.00988343336871        2.3201827770382381E-003   2.4621356519109446E-004         926   9.6842876371273257E-002           0
         199         200  0.11230093762090229        4.7925291740752780E-002  -4.9845320530023470E-005  0.98557578802919299        7365259.5215128316        402.38621163417127        9.3905407407833454       0.43365837957983416                0           0   638.71683596540686        2.4494184751019071E-003  0.50000000000000000              902  0.76422386580656898                0
         373         374  0.15845034820673778       0.15233439132851201       -1.7085666685969059E-004  0.97958671416173038        7914586.5137953954        526.47598511439321        5.0421102277473180       0.40168952633599692                0           0   594.38547414258221        2.5745392247765661E-003   5.1598654865386591E-005        1076  0.11348679876017151                0
          69          70  0.10464422723177559       0.10349050793134676       -8.6377732787562200E-005  0.98042651398566583        8085705.8082159301        467.23280664956275        12.163041827962363       0.16496139733178047                0           0   581.80638391081243        2.8368343572848856E-003  0.50000000000000000              772 -0.16248931784158049                0
          51          52  0.11606384615255892        9.5064690585184505E-002  -1.2276543213329298E-004  0.98205345115529663        4872545.5793825211        334.93415447263214        3.9835507310143874       0.45602346869239846                0           0   965.47383313362923        1.9892380511386115E-004  0.50000000000000000              754   6.4450635834099268E-002           0
         267         268  0.11152016154947933        1.9237634443879208E-002  -2.0555965325579575E-005  0.97571177714604984        7747939.2164533725        388.94349953096383        2.2812485581999709       0.54804172478243274                0           0   607.16987139687035        2.0760353989885006E-003   1.1157961585162594E-003         970  0.15327822387067419                0
         367         368  0.20322917187314732       0.17631903439505672       -1.9839449755565199E-004  0.98268260918662309        10353070.993945302        673.09282239726656        13.676846923850011       0.52687372503025109                0           0   454.38838972474429        2.9547807042035810E-003   4.0599338140421079E-004        1070   1.5345205454914359                0
         305         306   8.5255713978393793E-002   1.6586699482616780E-002  -1.1931200371230782E-005  0.97557216214542408        10624387.113807641        441.69112072417624        12.492823007586630       0.24280864466208324                0           0   442.78462439785847        2.6751951435917505E-003  0.50000000000000000             1008   7.6671520366608487E-002           0
         325         326  0.14296285691723640        1.8018411898666035E-002  -1.7591034512000332E-005  0.98525910189351285        11605238.715074902        545.71725305743564        7.3808926716804022       0.38779130486177349                0           0   405.36135215676182        1.9976652747874619E-004  0.50000000000000000             1028   2.6837703225225596E-002           0
         119         120  0.12744757891135747        8.2887871857059842E-002  -6.3848789170769046E-005  0.98269985033698937        12193204.574003790        616.57973866081329        9.1396233293622693       0.25187558253507331                0           0   385.81451078697370        3.7479255214838184E-003  0.50000000000000000              822   6.8383606473259889E-002           0
         133         134  0.13034205300579016        4.8697333779162973E-002  -3.8327420569297637E-005  0.98104997343268929        13234732.296482913        617.16243646509020        6.3978030678352598       0.50677784622678446                0           0   355.45224128899974        3.6599106561271554E-003   6.5509087545110505E-004         836  0.21163366421984309                0
          17          18   8.8310858010865509E-002   3.6165089814597706E-002  -2.2321003472730643E-005  0.98140412768925933        12747100.610456508        533.22349031307033        8.9609047164660272       0.35261645452093227                0           0   369.04982563531280        3.2391129273980847E-003  0.50000000000000000              720  -4.3132410865325363E-002           0
         275         276  0.13196141201412448        6.9014568623332620E-002  -4.7733529442045074E-005  0.97886996239639301        15446974.398750337        711.02278853557027        10.657312159990544       0.42966704458263372                0           0   304.54606424578162        2.8431183891687753E-003   5.4098577471015194E-004         978  0.36997703266003312                0
         399         400  0.17014458503807270        6.6018282057290864E-002  -2.6984162887625993E-005  0.99072263096197788        45922288.630828328        1551.2890860598393        10.953667688037909       0.21787839801757386                0           0   102.44078415740553        5.3122482954047470E-003   8.5994288987557263E-005        1102 -0.12799434497318896                0
         157         158  0.17882018552997023        8.7937108552675433E-002  -4.2075188780752491E-005  0.98506368828452140        36758268.961081482        1392.7782801872845        5.8859780966338713       0.37009085294007160                0           0   127.97978225322707        2.2484369216159346E-004   6.9381621170255619E-005         860   3.9031200677232605E-003           0
         145         146  0.11284151051838727        7.1741434973604884E-002  -2.4259832279071666E-005  0.99380394306237652        37282083.693014033        1243.5707323281511        11.781041753227427       0.41381256354327123                0           0   126.18166131433971        4.6673760518776454E-003   1.8136408589962020E-004         848  0.14703069455446771                0
         221         222  0.10685030920939192        6.9974509155263417E-002  -3.1627539131732192E-005  0.98473003725304709        22712920.552594166        880.98715904726623        12.529780027030599       0.23793601479666379                0           0   207.12066714412285        1.3851018182000113E-003   2.4834539900682856E-005         924 -0.19401602309689597                0
