 1021836   1   373 169   0      1.8   7.73   4.63  7.215     0.0  -0.2148   0.0000
  -1.117539   0.000000   0.245506   0.096985  -0.663599   0.060150   0.000000   0.000000   0.000000   0.000000
   0.00000   0.00000   0.13971   0.02995   0.00000  -1.11754   0.00000   0.00000  -0.87203   0.66276   0.19180   0.00000   0.00000
 NAME(I1)    NAME(I2)    M1[M*]                    M2[M*]                    EB[NB]                    ECC                       P[Days]                   SEMI[AU]                  RI[PC]                    VI[km/s]                  K*(I1)      K*(I2)      ZN[NB]                    RP[NB]                    STEP(I1)[NB]              NAME(ICM)                 ECM[NB]                   K*(ICM)      
           3           4   8.7970317491499028E-002   4.9196061553816367E-002  -9.2897646351125171E-004  0.98018963898304645        71340.815372945974        17.361255191394889        4.0970527233330483       0.21697613247011693                0           0   65941.428242054317        1.0539810829294615E-004  0.50000000000000000              706   6.7470610938274389E-002           0
          59          60  0.52934127945164156       0.11516011942956719       -3.1001072744619322E-002  0.99635260950274573        9025.0375450904266        7.3279160146024838        13.513349091604814       0.93325600053499969                0           0   521251.59969045070        4.4850020571511419E-005  0.50000000000000000              762   1.3848977865635126                0
          63          64  0.11284127030153632        5.3401276685359052E-002  -1.4468849236327175E-003  0.97984293960292113        54774.265105649982        15.520472950299069        12.854088827536010       0.36645876568119629                0           0   85885.502043175962        9.4206442072616631E-005  0.25000000000000000              766  0.19057390138114760                0
          83          84  0.10272953417562042        4.1373672231505683E-002  -1.2819188696754095E-003  0.97370419826673227        41789.837138321200        12.356008093958177        15.912893876930827       0.43242860248675125                0           0   112570.79662870750        7.4766174595093939E-005  0.50000000000000000              786  0.30817592384914588                0
         131         132   8.4797441590329786E-002   6.4637458177469395E-002  -7.7121942017657882E-004  0.98912831439601701        128788.41655396212        26.485513546867381        7.1328960978941183       0.50295511025807382                0           0   36527.471829531067        1.6151620773559698E-004   7.8125000000000000E-003         834  0.15267969350310018                0
         137         138  0.13717930409073115       0.13193897190263901       -4.0334545728335997E-003  0.97817964388784162        48147.574536657077        16.722602131164937        8.1241912218886512       0.34120288895177453                0           0   97706.173216745112        1.0141787278782275E-004  0.50000000000000000              840  0.59695172027247345                0
         167         168  0.11739175763496201        6.6852661947444644E-002  -1.3371095085191684E-003  0.97921691183512483        87047.450602289726        21.873015901955345        13.920077858604124       0.70440932247592614                0           0   54043.113555826756        1.3272323952673876E-004  0.25000000000000000              870  0.41154098255358695                0
         177         178  0.17518944591650459       0.15841447355487015       -4.8844045916293037E-002  0.97081544669269548        1948.4551180766894        2.1174370246531056        1.3005139224035260       0.79589562711022710                0           0   2414382.1502485364        1.2793853451865820E-005  0.25000000000000000              880  0.48245417193427276                0
         181         182  0.16494482085752635        4.8117280213717237E-002  -2.2342341753636167E-003  0.98308070947828008        38113.841390388654        13.238244572811659        3.5082514317302342       0.34148836810372568                0           0   123428.00111539195        8.0485139620415977E-005  0.50000000000000000              884   3.0040835521965306E-002           0
         193         194  0.13607741833753259        1.4509867592654014E-002  -3.3139095177587647E-004  0.98026160729439438        98477.807758994706        22.203845682541278        15.060464957421072       0.80160503754923529                0           0   47770.308506030713        1.3480179630591914E-004  0.50000000000000000              896   1.0773829385813511                0
         195         196  0.23980714281985319       0.16746154432118399       -1.7866781603804005E-002  0.96643523058497638        13874.745800257982        8.3762612435180923        11.393257280484985        1.0319747959919101                0           0   339055.96004197007        5.0498069052990366E-005  0.50000000000000000              898  0.79536714942746400                0
         207         208   9.9440827635248155E-002   5.0100703362626467E-002  -8.7683211256005204E-003  0.98112175417415370        2910.2243960466299        2.1174416066239212        2.4526982809306328       0.72008018394995377                0           0   1616478.5313583727        1.2860786271453537E-005  0.25000000000000000              910  0.45446442396861225                0
         225         226  0.11258739991983015        4.7810171057872303E-002  -9.4939383745014589E-004  0.98185672257896206        88575.957032427817        21.129198100363176        14.980554191067307       0.75544776541422487                0           0   53110.521356517827        1.2838083044770557E-004  0.50000000000000000              928   1.0216762093744993                0
         235         236   9.9158490776633662E-002   3.5661683213779022E-002  -5.1301121046354124E-003  0.96614283730650707        4095.4263718306088        2.5687641194955386        2.9932976219015961       0.34021237563823348                0           0   1148675.3345151674        1.5484037106406675E-005  0.12500000000000000              938   9.0969401761992322E-002           0
         249         250   8.3325272192247987E-002   6.4931060179189190E-002  -5.9417119074347373E-003  0.97581540753508467        5929.7866670524481        3.3934150410168407        15.496892198123540       0.41497769579683524                0           0   793336.34104971308        2.0555510157367267E-005  0.25000000000000000              952   1.2426521553398346                0
         271         272  0.13618545113931463       0.10282415591629936       -1.7643068358636144E-003  0.98806680624688603        120181.93023047518        29.578155387187675        6.6762783457370745       0.47678200140863941                0           0   39143.282593508091        1.8027976026539725E-004  0.50000000000000000              974   9.3512440767785809E-002           0
         287         288   8.8414603939471620E-002   4.2704642040310346E-002  -5.8515194294090581E-004  0.98093659039144399        118941.02246670357        24.046383900145148        1.7590941318973872       0.59765632927861068                0           0   39551.663169548527        1.4603779329379048E-004  0.25000000000000000              990  0.19475852006500455                0
         291         292  0.10251315781699964        2.9651563345757474E-002  -1.1831110334550475E-003  0.98075559013170377        29765.556837160901        9.5746088155111213        11.902563501080326       0.58856829713028813                0           0   158045.59892431262        5.8142920318824777E-005   3.1250000000000000E-002         994  0.23383783269699818                0
         303         304  0.77980953382043972       0.33783563817501155       -5.2382472905160467E-002  0.97671789874474535        28033.625192942258        18.742492285908785        5.0155711554030580       0.63131298036968719                0           0   167809.73653129677        1.1358394461059082E-004  0.25000000000000000             1006  0.23028035858385726                0
         311         312  0.16827131513595273       0.11782564957455051       -9.1314488263872420E-003  0.97485864189666582        15717.300866973132        8.0915100549741776        15.883687847269870       0.15101388792559828                0           0   299308.08714936365        4.8990345746074786E-005  0.50000000000000000             1014 -0.12989036851296321                0
         321         322  0.12252965187021556        4.0765808550071510E-002  -1.0952504619379879E-003  0.97557453106160041        63331.226025514967        16.995860241612995        16.669227018017502       0.41330379523874750                0           0   74281.133539866772        1.0293936416602254E-004  0.50000000000000000             1024  0.71930887823283007                0
         323         324  0.13577855073708561        2.1714876777924844E-002  -1.0672784058174505E-003  0.97737634574565457        30402.145619620234        10.295090097572151        13.360272559039917       0.67703270321146425                0           0   154736.29119810546        6.2411468000077191E-005  0.25000000000000000             1026  0.36413897043869037                0
         337         338  0.14234346256931027        4.8688670540606271E-002  -2.7220309402593351E-003  0.98436219341894415        24424.438780536861        9.4883723855236379        13.219307744498908       0.40746257510061873                0           0   192606.89262565569        5.7724153992768256E-005  0.50000000000000000             1040   1.4560441986825872                0
         363         364   8.0030474895858961E-002   2.5241398542184282E-002  -3.2505135387658957E-004  0.96900162088983910        125469.53716214608        23.159872534501439        12.385987171059929       0.71628179585220686                0           0   37493.684634903126        1.3980643129274424E-004  0.50000000000000000             1066  0.54691810426608345                0
         371         372   9.0756420354949963E-002   8.9399293653254358E-002  -1.4941626717007766E-003  0.97790038526241019        78336.750524128642        20.236383406048532        9.8118338962823550       0.48454151626852182                0           0   60052.468683849453        1.2271064128272370E-004  0.50000000000000000             1074  0.26897883249295318                0
         383         384   9.3433970454860987E-002   6.5975786712685114E-002  -2.9999592269293533E-003  0.97176827062077331        19385.313257799193        7.6576121486429507        11.130905106432278       0.45831496280823947                0           0   242674.19334851863        4.6290742961604388E-005  0.50000000000000000             1086  0.46640698284107029                0
         395         396  0.10118924464727580        7.2387835402996439E-002  -4.0679476328368365E-003  0.98184110250843104        15239.121285685993        6.7103307468978812        8.4758702494041955       0.49464956094116497                0           0   308699.90266850201        4.0771591993552411E-005  0.50000000000000000             1098   6.1059539867640504E-002           0
         401         402  0.11008182267075275        8.1520559788653676E-002  -2.1754919003101718E-003  0.98946501741247106        50292.904508829961        15.372504553420699        8.0264166663712775       0.40398586369235129                0           0   93538.349069078395        9.3761781152373525E-005  0.50000000000000000             1104  0.13809475532049331                0
         219         220   5.9461379470541447        2.5291364086335988      -0.75299076982192070       0.98221912150944157        80559.862777643633        74.428097414589246        6.7275746173356765       0.18097998207610216                0           0   58395.273967004177        4.5230718866207646E-004  0.50000000000000000              922  0.12494175080984321                0
         159         160  0.52009082554844766       0.13749382338007102       -6.8562166579241961E-003  0.98252657550525302        109146.58921206869        38.868446659729038        3.2783048185564803       0.57755663503384236                0           0   43100.891119047374        2.3624417772278330E-004  0.25000000000000000              862  0.17652333876650581                0
           1           2   2.0244841138268650       0.61000484406818434       -7.0741485713423660E-002  0.98738152934187551        118081.33591071346        65.056817812538299        15.345691785548903       0.49747326949824633                0           0   39839.617509086311        3.9638661146352313E-004  0.50000000000000000              704  0.12663207674218191                0
         283         284  0.18094602805437388        8.1870494517192083E-002  -1.6064068193646895E-003  0.97697797871714775        143540.44546752289        34.366892541613126        4.8290720248989700       0.28048658334284032                0           0   32773.447527785116        2.0829891525217590E-004   6.2500000000000000E-002         986  -5.1911019693523380E-002           0
         185         186  0.24628085064239766        6.9358336926096664E-002  -1.8551080494142963E-003  0.99057546901522908        130681.44545928008        34.314639623851313        9.4932865486472764       0.52131104683197516                0           0   35998.341165507023        2.0941269287605858E-004  0.50000000000000000              888  0.21733488131338230                0
         191         192  0.17819880543248182        5.0730547014061628E-002  -8.9966543292994278E-004  0.98450778698896024        174927.64032278312        37.446621017460309        17.418221265204828       0.63221689186788577                0           0   26892.921261409472        2.2782970840593575E-004  0.25000000000000000              894  0.46973748052156711                0
          71          72  0.16939743337267674        2.6319217633798585E-002  -4.7647967898261517E-004  0.96976219828091648        170003.73667627125        34.870225322542275        10.959636817208391       0.27883467287760061                0           0   27671.834452691655        1.5082883319385277E-004  0.25000000000000000              774 -0.11735511862801061                0
          53          54  0.10539273585624893        8.3691576402142989E-002  -9.4861616487088496E-004  0.98840746126056767        171334.30925667207        34.651436372167325        13.581058352662435       0.24247299690364277                0           0   27456.936547351612        2.1096666920612941E-004  0.50000000000000000              756 -0.17315205583193236                0
         245         246  0.10614450888457336        7.9534736728126665E-002  -8.8338078697462622E-004  0.97533507163214717        180155.36208468804        35.614411017835778        10.095102959032767       0.14151932858364225                0           0   26112.546433302068        2.1568078356416255E-004  0.50000000000000000              948  0.11134759807496480                0
         331         332  0.12214104311112879        9.8521910482032543E-002  -1.1537755047203683E-003  0.97154055198387024        188414.45473505274        38.868024797675822        15.400531445555909       0.28907564191006374                0           0   24967.910579153504        2.3493249830021899E-004  0.50000000000000000             1034   6.9191549696316218E-002           0
         203         204  0.10958957416913398        5.6611292613942377E-002  -6.2817234305771752E-004  0.98494187057407623        200051.97130642890        36.805509599966030        14.401392584205599       0.11789422475466933                0           0   23515.465640870621        1.6988547057778460E-004  0.50000000000000000              906 -0.16882120619510227                0
          21          22  0.17137201111473407        1.8580527211685235E-002  -2.8964617018065918E-004  0.97725619083110171        219756.57682243298        40.968444197440832        4.3093856839782987       0.24031550439292435                0           0   21406.937283364805        1.8343950172520064E-004  0.50000000000000000              724   6.9497342416930175E-002           0
         369         370  0.35577330781196675       0.28758888866695975       -6.5923629871082615E-003  0.96841922705639494        200307.85819162280        57.839387851881206        14.328074379067900       0.42377342554833053                0           0   23485.425385280789        3.4904883910831302E-004  0.50000000000000000             1072   1.5699707718927762                0
          77          78   9.3430964505624117E-002   2.0354482771848002E-002  -1.6334883162896549E-004  0.97425183352183942        309441.22681298596        43.386459025179242        10.852547377022452       0.58187150749246763                0           0   15202.613129787858        1.8457846561722538E-004  0.50000000000000000              780  0.84347645178467734                0
         315         316  0.30834333591613694       0.21242803698149326       -3.5544000840579989E-003  0.96932722246065328        288048.63087816222        68.675120176768687        8.1591477696368848       0.41928569535588389                0           0   16331.670257563481        4.1463143421502049E-004   3.1250000000000000E-002        1018  0.22842992131803180                0
          89          90  0.20842321107894346       0.10223825271363279       -1.3435582502014560E-003  0.98702482580270168        297769.38109927031        59.104743533761280        7.3722754730790108       0.75656740969765202                0           0   15798.519109916271        3.6005640583131949E-004  0.50000000000000000              792  0.39900787201325894                0
         155         156  0.50373356431637750       0.18870347651975347       -4.6345267489272665E-003  0.98128177235206437        293320.33962033020        76.435433608783669        10.406343794675928       0.74502014047488796                0           0   16038.148816184937        4.6428632181207922E-004  0.50000000000000000              858  0.46010013086901946                0
         187         188  0.16652052450678573        4.4390738220572948E-002  -5.1200105471243477E-004  0.98740860044556455        313872.49940009229        53.803263366689940        6.7286100928829873       0.66609364529501525                0           0   14987.981637882163        1.5401396217716847E-004  0.50000000000000000              890  0.29424938096669440                0
         255         256   8.3811449474318997E-002   3.0344259974373743E-002  -1.9498774621546684E-004  0.99476358635673934        366335.73421504453        48.606227887337262        9.7003894679081117       0.45192941988422158                0           0   12841.540746017587        1.7373772739312873E-004  0.50000000000000000              958  0.23769370370429460                0
          93          94   8.5361728603296438E-002   7.1347741082274679E-002  -4.1080252103106030E-004  0.97812880800934654        378910.90214675880        55.249666982163497        10.444156705757948       0.48276379860525837                0           0   12415.359998859836        1.7179347800011020E-004  0.50000000000000000              796  0.35197078759256040                0
          95         546  0.62290701776509083       0.52092362269304604       -3.7742908885376536E-003  0.93636534312997521        1958534.5015846943        320.39169001308755        8.4288237063314373       0.51658246057126367                0           0   2401.9567966958953        1.3297926888719844E-003   3.7209189375125885E-003         798  0.31329959577797861                0
          67          68  0.52597586808430075       0.46375414949012228       -9.5351984985231255E-003  0.98266064699714351        341740.68956755206        95.332992401100725        16.178384260543073       0.46669943238958295                0           0   13765.745201713413        5.7947742737167690E-004  0.50000000000000000              770   7.0769377322858429E-002           0
         213         214   8.6717284611907239E-002   1.7710005955573944E-002  -1.1427078035879827E-004  0.98213695314694749        400632.33674856107        50.085097135765906        4.7203551011629541       0.34098299006264793                0           0   11742.225542311169        1.5552041722878169E-004  0.50000000000000000              916  0.15412252584583638                0
         313         314  0.11479116130453372        5.7685466757393881E-002  -3.9453446450446250E-004  0.99253727403468150        435049.79924732697        62.547398305763593        2.8968292014273018       0.44063753695453151                0           0   10813.279918261374        1.7042172232509015E-004  0.50000000000000000             1016   7.7344634204286708E-002           0
         365         366  0.29906545429998188       0.27572229150032296       -3.4223050706489746E-003  0.97703614846779008        409915.73603235272        89.792227251814452        13.698788600397094       0.30115917542792808                0           0   11476.298283102440        5.4424978456707430E-004  0.50000000000000000             1068 -0.23616088262217394                0
         201         202  0.41909726131645580       0.36316033186407948       -5.4401348907038797E-003  0.97784193266974673        439642.50440806977        104.26124217537117        14.455128422370109       0.38687517979966152                0           0   10700.319487940789        6.3220712582260643E-004  0.50000000000000000              904   7.2085427023345736E-002           0
         171         172  0.11855449161888632       0.10910379859810015       -6.3808363105355751E-004  0.99690688946593098        502629.43037454027        75.543937317710842        3.8951389016574640       0.23552723656573002                0           0   9359.4106778413025        1.6222029374787257E-004  0.50000000000000000              874  -7.4378145795075568E-002           0
         347         348  0.19457293008789711        9.8264029982305379E-002  -8.4213227326918961E-004  0.97623178622328566        525292.62380639045        84.608893442837001        5.4974881074079551       0.36938085144521954                0           0   8955.6088253366652        5.1262384884362530E-004  0.25000000000000000             1050  0.15738229742730486                0
         343         344   9.9716206803828866E-002   3.9838043689421537E-002  -1.9541286924161294E-004  0.98547806040898511        644708.77578794607        75.758248904357316        14.671392413076152       0.55485222458437211                0           0   7296.8066114739531        4.6110969753691106E-004  0.50000000000000000             1046   1.7399386043550911                0
          99         100  0.11123848720615616        3.9011678252708890E-002  -1.9764343022701515E-004  0.98119635498491209        697449.45099556562        81.825121918085514        9.2597671524452210       0.54598832130288977                0           0   6745.0268272914218        1.9609050585244134E-004  0.25000000000000000              802  0.13276086898322773                0
         391         392  0.13558686976987694        5.7578981684498085E-002  -2.5446740011902898E-004  0.98428057182237338        1015963.8259505472        114.33226250480101        12.830817562542364       0.30290156205101820                0           0   4630.3964151906221        1.9855493643177781E-004  0.50000000000000000             1094  0.10391259336682479                0
         385         386  0.12648191059682606        5.9749107023494945E-002  -2.5030111744847215E-004  0.99192399726360403        1010156.8010307509        112.51654391747591        16.764207395855777       0.27679275433671457                0           0   4657.0148840700185        1.9971473045980897E-004  0.50000000000000000             1088   7.8244034252710083E-003           0
          41          42  0.11122608390456809        8.6847116325004775E-002  -3.0034655602715249E-004  0.97689552612968544        1076875.4069236529        119.85571002551679        1.1984159575123479       0.83558639578616611                0           0   4368.4861102769009        1.9934720720389158E-004  0.25000000000000000              744  0.52085915408598971                0
         345         346  0.55774375829353751       0.47607345656862060       -4.7923803546830179E-003  0.97923176074338625        1065819.0059203701        206.47940675782556        1.5811600617243349       0.25752548227086269                0           0   4413.8031237137029        1.2529054742208931E-003  0.50000000000000000             1048  -4.2112592755092423E-002           0
          73          74  0.94128231410560004       0.69908498357263338       -1.0547991353088345E-002  0.98595090542721642        1010924.7705775029        232.48741209934116        15.195484989122169       0.55025810290720900                0           0   4653.4770880699325        1.4155097427745917E-003  0.50000000000000000              776  0.38502378247455060                0
         285         286   8.9462339041284894E-002   4.2834040765278178E-002  -1.2838168338598593E-004  0.97556116315563901        1178106.6063545495        111.23605151706303        8.8745473745025443       0.67053326077191489                0           0   3993.1150816660524        1.4410236536712358E-004  0.50000000000000000              988  0.22714525220484821                0
         293         294  0.55382231722128972       0.12326253909399966       -1.3046202120956597E-003  0.97555013427591697        1208714.8768618368        195.00098063437505        10.028523906747406       0.56614233497194810                0           0   3891.9974823661364        1.1809822740092247E-003  0.50000000000000000              996  0.92335478294157325                0
         123         124  0.67985937278035102       0.12376754478802159       -1.4259437356367586E-003  0.97763450747397851        1328700.8239903566        219.90890269502705        7.8688548308428015       0.58669912219366271                0           0   3540.5376234484115        1.3330674591925293E-003  0.50000000000000000              826  0.32049903938541291                0
           7           8  0.10772050310063933        1.1526931384030817E-002  -3.7943697728780554E-005  0.99082248886431246        1424470.1409572540        121.95279694780302        11.436577488881362       0.47181899658374155                0           0   3302.5018372680170        1.6260639909577266E-004   6.2500000000000000E-002         710  -9.7676986896090279E-003           0
         355         356  0.32294731613854971       0.22153041596011064       -1.4146791448691402E-003  0.98835597978780254        1280677.5733209376        188.46314208734015        5.6560561287286468       0.44002086198130241                0           0   3673.3018174480535        1.1488556879049804E-003  0.50000000000000000             1058   6.7465544127887273E-002           0
          85          86   8.0567479673496034E-002   7.0359839832317903E-002  -1.6540594186675728E-004  0.98642166572395873        1357017.8794508749        127.71821781941760        8.5349155792660625       0.32274211236455480                0           0   3466.6567986181526        1.9401392259058692E-004   6.2500000000000000E-002         788  -5.6281417730438210E-002           0
         387         388  0.11696728908539532        8.3148869844046139E-002  -2.2964984482751966E-004  0.96105076759990204        1618862.9281232033        157.82433022800927        4.0859331683868589       0.25339139353236040                0           0   2905.9379740683898        3.7799773506357444E-004   1.1866975340453833E-005        1090 -0.39440255849935524                0
         103         104   9.4240900685283069E-002   8.1646476448274677E-002  -1.9581474411928143E-004  0.97430932578693863        1543295.6101144454        146.43699954217337        4.2793227941600263       0.15278257632051390                0           0   3048.2269416265021        8.8618227905427590E-004  0.25000000000000000              806  -4.7863931249963375E-002           0
          65          66   8.1196656538748205E-002   3.2700733033609646E-002  -6.2627861262289943E-005  0.98184767372588766        2149336.5504112290        157.99647215383459        12.832457289557059       0.56290345172111578                0           0   2188.7290088398181        1.9363885980735446E-004  0.50000000000000000              768  0.17589044285457234                0
          15          16  0.12041882448822794        4.7134796559794988E-002  -1.1370748620294229E-004  0.97825164521118502        2263928.7909641471        186.02285177799217        13.157514645793677       0.60861775492983805                0           0   2077.9431210119114        1.1281688166013199E-003  0.50000000000000000              718  0.17921401745376461                0
         243         244  0.10897784068549871        6.2870305948584129E-002  -1.2688985103554134E-004  0.99345305026723485        2514966.0648626112        201.22235189126619        10.449885022030591       0.38086349500562910                0           0   1870.5283237695505        1.2297376519750148E-003  0.50000000000000000              946   7.3618461078887074E-002           0
         265         266   8.4095384718170976E-002   3.6296916915751078E-002  -2.5179278938843283E-005  0.98201122567453580        10108059.393410984        451.77058053652246        3.5986638880925561       0.52639835457578954                0           0   465.40241549345330        2.5230473453251192E-003   1.2823791201191489E-003         968  0.21604022900911440                0
         127         128  0.41687934908818136       0.27898104023835063       -1.0601324713850049E-003  0.99434194081511351        3619474.9262651657        408.83142482301037        12.384665717661530       0.31189888011496764                0           0   1299.7231237899509        2.4997052625840904E-003  0.25000000000000000              830  -2.4130888420237917E-003           0
         217         218   8.1228311512873880E-002   6.5270211912634449E-002  -8.4864059256294254E-005  0.97696892315676265        3390006.8490829859        232.81876606981328        15.874625154907328       0.72040012596291025                0           0   1387.7008121435813        1.4110585494170628E-003  0.50000000000000000              920  0.32154979945220646                0
         143         144  0.25022565110097550       0.15769561095085233       -3.9893226177458845E-004  0.97378367469115990        4047244.7606835263        368.61381757316616        8.8691930384361530       0.64875091388928818                0           0   1162.3500766111972        2.2305190603367172E-003  0.50000000000000000              846  0.21708192780769914                0
          61          62  0.16574606629006447        5.1105325148539382E-002  -1.0680914848388477E-004  0.98146224652464376        3985102.7316611102        295.54272204541036        6.9075173866285793       0.45022124485840964                0           0   1180.4752786595950        1.7952874583487142E-003  0.50000000000000000              764  0.28029912885087949                0
          29          30   9.2064989403419284E-002   3.8673592252436655E-002  -4.8326417632826574E-005  0.98790084533106615        4595724.3541263249        274.56410217347485        5.6495064321544772       0.83719368027961472                0           0   1023.6286807368981        1.6733196375634911E-003  0.25000000000000000              732  0.51029110980046843                0
         405         406   8.7236661288412828E-002   5.5735761705262711E-002  -1.4072219982536795E-005  0.99445045527554632        44632234.652881853        1287.6258805654079        10.419374215061554       0.70668691673081763                0           0   105.40174145954420        7.8733128566099032E-003  0.50000000000000000             1108   1.2958993508291532                0
          45          46   8.6894120985331738E-002   8.6164685909330241E-002  -8.2040856412477007E-005  0.98387083180607882        5506893.1944410549        340.10174038637848        7.2629991166982313       0.65602585984606010                0           0   854.25939664011355        2.0685513436049150E-003  0.50000000000000000              748  0.47183213513196820                0
         161         162   9.3309048906446132E-002   9.2827486138433946E-002  -9.1368875220010517E-005  0.98768648093076727        5621555.8072396722        353.28191805515877        7.1857655068519701       0.41682450896066353                0           0   836.83510738901680        1.7925411318895372E-003   2.6925847447122466E-005         864   8.9037807365104860E-002           0
         289         290  0.10428359770713377        2.3242149003040714E-002  -2.7029353550460553E-005  0.98098930924197136        6248204.4616808379        334.17654433670577        16.681625608604701       0.16190472839875492                0           0   752.90674088780520        1.2452147540326340E-003   8.8027848431473368E-004         992  -4.6965740111234881E-002           0
         115         116   9.5073144526220191E-002   4.6025486525321645E-002  -4.6726263478262970E-005  0.98361077625756288        6339435.9430684811        348.99124241529205        12.518259762054480       0.49275711480681056                0           0   742.07158174513086        2.1223306805025111E-003  0.25000000000000000              818  0.16988973573924701                0
         223         224  0.13901763968801717        6.0776114313866474E-002  -7.7058894236739934E-005  0.98945297252246311        6749139.0715160761        408.60098017630037        5.2622624594836012       0.31879424208399787                0           0   697.02449568697671        1.2670626948271227E-003   1.8053606536465151E-004         926   9.7202053967462523E-002           0
         199         200  0.11230093762090229        4.7925291740752780E-002  -4.9845320530023470E-005  0.98557578802919299        7365259.5215128316        402.38621163417127        9.4162246152348263       0.42948060103538560                0           0   638.71683596540686        2.4494184751019071E-003  0.50000000000000000              902  0.76420553811814562                0
         373         374  0.15845034820673778       0.15233439132851201       -1.7085709025938550E-004  0.97957715523339939        7914557.0941959452        526.47468045813844        5.0501409953407750       0.40135351297530814                0           0   594.38768356281389        2.6049865811912909E-003   5.1679499636269740E-005        1076  0.11252959016011661                0
          69          70  0.10464422723177559       0.10349050793134676       -8.6377732787562200E-005  0.98042651398566583        8085705.8082159301        467.23280664956275        12.217845777564740       0.16509910336958114                0           0   581.80638391081243        2.8368343572848856E-003  0.50000000000000000              772 -0.16246777296668610                0
          51          52  0.11606384615255892        9.5064690585184505E-002  -1.2276543213329298E-004  0.98205345115529663        4872545.5793825211        334.93415447263214        3.9904316272701044       0.45589297948467339                0           0   965.47383313362923        1.9892380511386115E-004  0.50000000000000000              754   6.4448981574671729E-002           0
         267         268  0.11152016154947933        1.9237634443879208E-002  -2.0555994335076779E-005  0.97571152159778862        7747922.8151250258        388.94295063728464        2.3492214746525271       0.54777074566466322                0           0   607.17115669522207        2.2696124001311789E-003   1.1678834954234542E-003         970  0.15322154458439646                0
         367         368  0.20322917187314732       0.17631903439505672       -1.9839313923813697E-004  0.98268284611762113        10353177.319056567        673.09743079135433        13.685433913448421       0.52622185668364252                0           0   454.38372324462836        1.2799549111747620E-003   2.6900334701667611E-004        1070   1.5344511473913236                0
         305         306   8.5255713978393793E-002   1.6586699482616780E-002  -1.1931200371230782E-005  0.97557216214542408        10624387.113807641        441.69112072417624        12.460848895857138       0.24383904943030879                0           0   442.78462439785847        2.6751951435917505E-003  0.50000000000000000             1008   7.6774928250019997E-002           0
         325         326  0.14296285691723640        1.8018411898666035E-002  -1.7591034512000332E-005  0.98525910189351285        11605238.715074902        545.71725305743564        7.3504048589792594       0.38715073236778152                0           0   405.36135215676182        1.9976652747874619E-004  0.50000000000000000             1028   2.6828809750698613E-002           0
         119         120  0.12744757891135747        8.2887871857059842E-002  -6.3848789170769046E-005  0.98269985033698937        12193204.574003790        616.57973866081329        9.1406256425282137       0.25198439575916970                0           0   385.81451078697370        3.7479255214838184E-003  0.50000000000000000              822   6.8358062904132072E-002           0
         133         134  0.13034205300579016        4.8697333779162973E-002  -3.8327441814429132E-005  0.98105028651403470        13234721.292346884        617.16209436824010        6.4004726690573852       0.50501916730131580                0           0   355.45253683317708        3.7467943575548016E-003   6.6323435866268783E-004         836  0.21152007244396431                0
          17          18   8.8310858010865509E-002   3.6165089814597706E-002  -2.2321003472730643E-005  0.98140412768925933        12747100.610456508        533.22349031307033        9.0360260278240023       0.35325562473748812                0           0   369.04982563531280        3.2391129273980847E-003  0.50000000000000000              720  -4.3134478900171774E-002           0
         275         276  0.13196141201412448        6.9014568623332620E-002  -4.7733353916936195E-005  0.97886952242137071        15447059.601259688        711.02540310886400        10.590602804453857       0.42888462066846256                0           0   304.54438443813160        1.6223085673608582E-003   4.1028299177064682E-004         978  0.37001986481372384                0
         399         400  0.17014458503807270        6.6018282057290864E-002  -2.6984324688186986E-005  0.99072315737295658        45921875.599873684        1551.2797843838741        11.021079942581011       0.21836419416521402                0           0   102.44170553124583        9.0357805112735376E-003   1.1192405799120148E-004        1102 -0.12802156882840188                0
         157         158  0.17882018552997023        8.7937108552675433E-002  -4.2075272967636626E-005  0.98506382933048353        36758158.638710506        1392.7754934278548        5.8401430987196266       0.37022688812755122                0           0   127.98016635932862        3.8386423021417294E-003   2.7159430735364200E-004         860   4.1511285214089130E-003           0
         145         146  0.11284151051838727        7.1741434973604884E-002  -2.4259736146864928E-005  0.99380288979401810        37282305.295539252        1243.5756601310757        11.755166865757515       0.41382359159446475                0           0   126.18091130238194        6.7146900077956579E-003   2.1748594132169776E-004         848  0.14712639211394352                0
         221         222  0.10685030920939192        6.9974509155263417E-002  -3.1627419048582381E-005  0.98471156525319026        22713049.907520007        880.99050398391262        12.580699469494842       0.23461844649330427                0           0   207.11948755447517        1.9244369463922535E-003   2.9306297314083360E-005         924 -0.19458640983459097                0
