 122 749   1   452 101   0      0.7   0.46   4.88  5.777     0.0  -0.2385   0.0000
  -1.209976   0.000000   0.288333   0.062472  -0.571267   0.053723   0.000000   0.000000   0.000000   0.000000
   0.00000   0.00000   0.15219   0.03458   0.00000  -1.20998   0.00000   0.00000  -0.92164   0.77512   0.21060   0.00000   0.00000
 NAME(I1)    NAME(I2)    M1[M*]                    M2[M*]                    EB[NB]                    ECC                       P[Days]                   SEMI[AU]                  RI[PC]                    VI[km/s]                  K*(I1)      K*(I2)      ZN[NB]                    RP[NB]                    STEP(I1)[NB]              NAME(ICM)                 ECM[NB]                   K*(ICM)      
           3           4   8.7970317491499028E-002   4.9196061553816367E-002  -9.2897646351125171E-004  0.98018963898304645        71340.815372945974        17.361255191394889        7.4772579491969884       0.18447605274834172                0           0   65941.428242054317        1.0539810829294615E-004  0.50000000000000000              706  0.11011720370036908                0
          57          58   8.8793517676333700E-002   7.4789808565780366E-002  -1.3944536633748324E-003  0.99288618157622466        67519.482439442989        17.747571380570307        13.424854882612602       0.65774247741240965                0           0   69673.449613065080        1.0843421479498632E-004  0.50000000000000000              760   1.1518938117247410                0
          59          60  0.52934127945164156       0.11516011942956719       -3.1001072744619322E-002  0.99635260950274573        9025.0375450904266        7.3279160146024838        16.833770174509485       0.83236690387723944                0           0   521251.59969045070        4.4850020571511419E-005  0.50000000000000000              762   1.4518354005765879                0
          63          64  0.11284127030153632        5.3401276685359052E-002  -1.4468849236327175E-003  0.97984293960292113        54774.265105649982        15.520472950299069        12.079440384799478       0.38759079646765993                0           0   85885.502043175962        9.4206442072616631E-005  0.50000000000000000              766  0.23326071625307870                0
          83          84  0.10272953417562042        4.1373672231505683E-002  -1.2819188696754095E-003  0.97370419826673227        41789.837138321200        12.356008093958177        13.929156922884658       0.36576980450886598                0           0   112570.79662870750        7.4766174595093939E-005  0.50000000000000000              786  0.23216268372440868                0
          87          88  0.10306885414503236        3.0345968261083246E-002  -4.1821248241819420E-003  0.98428134930470224        4652.7998571211401        2.7870887101701558        15.226167237973046       0.31187521574447308                0           0   1011071.9141389197        1.6955045282497800E-005  0.50000000000000000              790   8.7737411635011919E-002           0
         105         106  0.12790761581087476        8.1406408734692293E-002  -3.3640542461646258E-002  0.96974758674909145        989.02684361157492        1.1534833915785283        18.630899086512066       0.31788961597000276                0           0   4756509.1767037120        6.9657331703446991E-006  0.50000000000000000              808  0.11607110992768002                0
         131         132   8.4797441590329786E-002   6.4637458177469395E-002  -7.7121942017657882E-004  0.98912831439601701        128788.41655396212        26.485513546867381        8.0791748514854529       0.44450561632162267                0           0   36527.471829531067        1.6151620773559698E-004  0.25000000000000000              834  0.12153451370518824                0
         137         138  0.13717930409073115       0.13193897190263901       -4.0334545728335997E-003  0.97817964388784162        48147.574536657077        16.722602131164937        11.673926444137155       0.20845599872568346                0           0   97706.173216745112        1.0141787278782275E-004  0.50000000000000000              840  0.66873581161645723                0
         167         168  0.11739175763496201        6.6852661947444644E-002  -1.3371095085191684E-003  0.97921691183512483        87047.450602289726        21.873015901955345        12.757298325353259       0.67915378375806579                0           0   54043.113555826756        1.3272323952673876E-004  0.50000000000000000              870  0.41892420103558048                0
         177         178  0.17518944591650459       0.15841447355487015       -4.8844045916293037E-002  0.97081544669269548        1948.4551180766894        2.1174370246531056        3.7689724202804387       0.80639386625018128                0           0   2414382.1502485364        1.2793853451865820E-005  0.50000000000000000              880  0.50982442169178477                0
         181         182  0.16494482085752635        4.8117280213717237E-002  -2.2342341753636167E-003  0.98308070947828008        38113.841390388654        13.238244572811659        5.3419499114804996       0.30981718289632720                0           0   123428.00111539195        8.0485139620415977E-005  0.50000000000000000              884   4.9201346074365465E-002           0
         193         194  0.13607741833753259        1.4509867592654014E-002  -3.3139095177587647E-004  0.98026160729439438        98477.807758994706        22.203845682541278        15.670603955119876       0.72849945864168630                0           0   47770.308506030713        1.3480179630591914E-004  0.50000000000000000              896   1.1884557383304606                0
         195         196  0.23980714281985319       0.16746154432118399       -1.7866781603804005E-002  0.96643523058497638        13874.745800257982        8.3762612435180923        10.979358507301992       0.99117904896407605                0           0   339055.96004197007        5.0498069052990366E-005  0.50000000000000000              898  0.75047850496127322                0
         207         208   9.9440827635248155E-002   5.0100703362626467E-002  -8.7683211256005204E-003  0.98112175417415370        2910.2243960466299        2.1174416066239212        4.0438915079280671       0.73274137338435630                0           0   1616478.5313583727        1.2860786271453537E-005  0.50000000000000000              910  0.45650747612465326                0
         225         226  0.11258739991983015        4.7810171057872303E-002  -9.4939383745014589E-004  0.98185672257896206        88575.957032427817        21.129198100363176        15.831246082174193       0.65128802792113338                0           0   53110.521356517827        1.2838083044770557E-004  0.50000000000000000              928   1.1134558831405503                0
         235         236   9.9158490776633662E-002   3.5661683213779022E-002  -5.1301121046354124E-003  0.96614283730650707        4095.4263718306088        2.5687641194955386        6.7810088700009548       0.30527131564458720                0           0   1148675.3345151674        1.5484037106406675E-005  0.50000000000000000              938  0.12400090563239863                0
         239         240   8.3253089810449737E-002   5.9845060969569666E-002  -7.4110620056441019E-004  0.97866503909393976        121080.59857328323        25.053451414275163        15.573937948127213       0.48126053646543393                0           0   38852.758518512826        1.5197941044801133E-004  0.50000000000000000              942  0.14811680930614923                0
         247         248  0.12867704596478571        5.6124925773135610E-002  -4.8755267774440045E-002  0.97148621675522984        348.47281385192167       0.55201979559906922        19.220160198912016       0.60344876563271377                0           0   13499805.639483234        3.3365167437779866E-006  0.50000000000000000              950  0.54687188025634992                0
         249         250   8.3325272192247987E-002   6.4931060179189190E-002  -5.9417119074347373E-003  0.97581540753508467        5929.7866670524481        3.3934150410168407        16.645925449179735       0.47325564840876261                0           0   793336.34104971308        2.0555510157367267E-005  0.50000000000000000              952   1.3358527397206559                0
         271         272  0.13618545113931463       0.10282415591629936       -1.7643068358636144E-003  0.98806680624688603        120181.93023047518        29.578155387187675        6.5282571863829331       0.49409859187201749                0           0   39143.282593508091        1.8027976026539725E-004  0.50000000000000000              974   8.5856472406563300E-002           0
         287         288   8.8414603939471620E-002   4.2704642040310346E-002  -5.8515194294090581E-004  0.98093659039144399        118941.02246670357        24.046383900145148        2.9167287203257479       0.61279442309213716                0           0   39551.663169548527        1.4603779329379048E-004  0.50000000000000000              990  0.21288127813447297                0
         291         292  0.10251315781699964        2.9651563345757474E-002  -1.1831110334550475E-003  0.98075559013170377        29765.556837160901        9.5746088155111213        9.5146359177284818       0.59255407315868847                0           0   158045.59892431262        5.8142920318824777E-005   6.2500000000000000E-002         994  0.24135740035234576                0
         303         304  0.77980953382043972       0.33783563817501155       -5.2382472905160467E-002  0.97671789874474535        28033.625192942258        18.742492285908785        5.9176829094156469       0.63398664145939221                0           0   167809.73653129677        1.1358394461059082E-004  0.50000000000000000             1006  0.22974479872066164                0
         311         312  0.16827131513595273       0.11782564957455051       -9.1314488263872420E-003  0.97485864189666582        15717.300866973132        8.0915100549741776        14.453015757248323       0.17223894796250377                0           0   299308.08714936365        4.8990345746074786E-005  0.50000000000000000             1014 -0.14267183349530901                0
         321         322  0.12252965187021556        4.0765808550071510E-002  -1.0952504619379879E-003  0.97557453106160041        63331.226025514967        16.995860241612995        16.809486541153785       0.43182840097020186                0           0   74281.133539866772        1.0293936416602254E-004  0.50000000000000000             1024  0.78460763826457491                0
         323         324  0.13577855073708561        2.1714876777924844E-002  -1.0672784058174505E-003  0.97737634574565457        30402.145619620234        10.295090097572151        12.198088050433494       0.61646185065176551                0           0   154736.29119810546        6.2411468000077191E-005  0.50000000000000000             1026  0.38849126468545853                0
         337         338  0.14234346256931027        4.8688670540606271E-002  -2.7220309402593351E-003  0.98436219341894415        24424.438780536861        9.4883723855236379        16.370839334734733       0.43280785624840917                0           0   192606.89262565569        5.7724153992768256E-005  0.50000000000000000             1040   1.5593148445202345                0
         357         358   7.9717634398698847E-002   3.5168480550120958E-002  -1.1543449013877967E-003  0.99034897964864510        29342.295402160125        9.0508997532508531        13.569768971392090       0.51390761714888367                0           0   160325.40035359471        5.5228836842580753E-005  0.50000000000000000             1060  0.89405735163774136                0
         363         364   8.0030474895858961E-002   2.5241398542184282E-002  -3.2505135387658957E-004  0.96900162088983910        125469.53716214608        23.159872534501439        10.094270855563765       0.68643040350173934                0           0   37493.684634903126        1.3980643129274424E-004  0.50000000000000000             1066  0.47941658905449758                0
         371         372   9.0756420354949963E-002   8.9399293653254358E-002  -1.4941626717007766E-003  0.97790038526241019        78336.750524128642        20.236383406048532        7.8599572493643564       0.41352505004793871                0           0   60052.468683849453        1.2271064128272370E-004  0.50000000000000000             1074  0.20616586517169558                0
         383         384   9.3433970454860987E-002   6.5975786712685114E-002  -2.9999592269293533E-003  0.97176827062077331        19385.313257799193        7.6576121486429507        12.856761747020808       0.49915736040540676                0           0   242674.19334851863        4.6290742961604388E-005  0.50000000000000000             1086  0.51455855671798290                0
         395         396  0.10118924464727580        7.2387835402996439E-002  -4.0679476328368365E-003  0.98184110250843104        15239.121285685993        6.7103307468978812        7.7088214676746807       0.47392208151902510                0           0   308699.90266850201        4.0771591993552411E-005  0.50000000000000000             1098   5.7623150416948765E-002           0
         401         402  0.11008182267075275        8.1520559788653676E-002  -2.1754919003101718E-003  0.98946501741247106        50292.904508829961        15.372504553420699        9.5931883241142391       0.45626051559939496                0           0   93538.349069078395        9.3761781152373525E-005  0.50000000000000000             1104  0.16397721854193009                0
         219         220   5.9461379470541447        2.5291364086335988      -0.75299076982192070       0.98221912150944157        80559.862777643633        74.428097414589246        9.4287256812221134       0.23299781396688615                0           0   58395.273967004177        4.5230718866207646E-004  0.50000000000000000              922  0.17287597186183409                0
         159         160  0.52009082554844766       0.13749382338007102       -6.8562166579241961E-003  0.98252657550525302        109146.58921206869        38.868446659729038        4.8920740260447815       0.57004765770022126                0           0   43100.891119047374        2.3624417772278330E-004  0.50000000000000000              862  0.21655043760184620                0
           1           2   2.0244841138268650       0.61000484406818434       -7.0741485713423660E-002  0.98738152934187551        118081.33591071346        65.056817812538299        13.897676369082502       0.47006771446378687                0           0   39839.617509086311        3.9638661146352313E-004  0.50000000000000000              704  0.10254657311188778                0
         283         284  0.18094602805437388        8.1870494517192083E-002  -1.6064068193646895E-003  0.97697797871714775        143540.44546752289        34.366892541613126        5.2367112987494480       0.29719895387653211                0           0   32773.447527785116        2.0829891525217590E-004  0.50000000000000000              986  -4.4805654085060209E-002           0
         185         186  0.24628085064239766        6.9358336926096664E-002  -1.8551080494142963E-003  0.99057546901522908        130681.44545928008        34.314639623851313        10.610994003123157       0.55512191785394860                0           0   35998.341165507023        2.0941269287605858E-004  0.50000000000000000              888  0.25126282099877251                0
         191         192  0.17819880543248182        5.0730547014061628E-002  -8.9966543292994278E-004  0.98450778698896024        174927.64032278312        37.446621017460309        16.050649167521147       0.61937843471770881                0           0   26892.921261409472        2.2782970840593575E-004  0.50000000000000000              894  0.50375378656936576                0
          71          72  0.16939743337267674        2.6319217633798585E-002  -4.7647967898261517E-004  0.96976219828091648        170003.73667627125        34.870225322542275        10.052397842777518       0.27009989821668062                0           0   27671.834452691655        1.5082883319385277E-004  0.50000000000000000              774 -0.14233354420452929                0
          53          54  0.10539273585624893        8.3691576402142989E-002  -9.4861616487088496E-004  0.98840746126056767        171334.30925667207        34.651436372167325        12.379023984438161       0.28906017024409936                0           0   27456.936547351612        2.1096666920612941E-004  0.50000000000000000              756 -0.17518015354870806                0
         245         246  0.10614450888457336        7.9534736728126665E-002  -8.8338078697462622E-004  0.97533507163214717        180155.36208468804        35.614411017835778        12.488593354630726       0.20291218890875601                0           0   26112.546433302068        2.1568078356416255E-004  0.50000000000000000              948  0.14743768090743820                0
         331         332  0.12214104311112879        9.8521910482032543E-002  -1.1537755047203683E-003  0.97154055198387024        188414.45473505274        38.868024797675822        13.391122957544612       0.29592812809992147                0           0   24967.910579153504        2.3493249830021899E-004  0.50000000000000000             1034   2.9494410980467525E-002           0
         203         204  0.10958957416913398        5.6611292613942377E-002  -6.2817234305771752E-004  0.98494187057407623        200051.97130642890        36.805509599966030        13.037571863481885       0.15939709223229925                0           0   23515.465640870621        1.6988547057778460E-004  0.50000000000000000              906 -0.19267448913122756                0
          21          22  0.17137201111473407        1.8580527211685235E-002  -2.8964617018065918E-004  0.97725619083110171        219756.57682243298        40.968444197440832        7.7283783207496990       0.24137830574430352                0           0   21406.937283364805        1.8343950172520064E-004  0.50000000000000000              724   9.6054841005912661E-002           0
         369         370  0.35577330781196675       0.28758888866695975       -6.5923629871082615E-003  0.96841922705639494        200307.85819162280        57.839387851881206        17.408065064191007       0.43385703507119322                0           0   23485.425385280789        3.4904883910831302E-004  0.50000000000000000             1072   1.6797431239332632                0
          77          78   9.3430964505624117E-002   2.0354482771848002E-002  -1.6334883162896549E-004  0.97425183352183942        309441.22681298596        43.386459025179242        13.713531355485618       0.52196310703341653                0           0   15202.613129787858        1.8457846561722538E-004  0.50000000000000000              780  0.92313246661710124                0
         315         316  0.30834333591613694       0.21242803698149326       -3.5544000840579989E-003  0.96932722246065328        288048.63087816222        68.675120176768687        10.258649976514512       0.36253755372037272                0           0   16331.670257563481        4.1463143421502049E-004   3.1250000000000000E-002        1018  0.22006321119100886                0
          89          90  0.20842321107894346       0.10223825271363279       -1.3435582502014560E-003  0.98702482580270168        297769.38109927031        59.104743533761280        7.8789659994317347       0.77191420144853984                0           0   15798.519109916271        3.6005640583131949E-004  0.50000000000000000              792  0.42825873208038640                0
         155         156  0.50373356431637750       0.18870347651975347       -4.6345267489272665E-003  0.98128177235206437        293320.33962033020        76.435433608783669        11.078518247398069       0.69044638965433169                0           0   16038.148816184937        4.6428632181207922E-004  0.50000000000000000              858  0.41939672362735492                0
         187         188  0.16652052450678573        4.4390738220572948E-002  -5.1200105471243477E-004  0.98740860044556455        313872.49940009229        53.803263366689940        7.4986727259577997       0.67864935037455110                0           0   14987.981637882163        1.5401396217716847E-004  0.50000000000000000              890  0.31137845865027980                0
         255         256   8.3811449474318997E-002   3.0344259974373743E-002  -1.9498774621546684E-004  0.99476358635673934        366335.73421504453        48.606227887337262        11.505303861477664       0.46390384225817310                0           0   12841.540746017587        1.7373772739312873E-004  0.50000000000000000              958  0.28232765912560132                0
          93          94   8.5361728603296438E-002   7.1347741082274679E-002  -4.1080252103106030E-004  0.97812880800934654        378910.90214675880        55.249666982163497        13.080214043467857       0.40213072872559347                0           0   12415.359998859836        1.7179347800011020E-004  0.50000000000000000              796  0.39436705369650238                0
          95         546  0.62290701776509083       0.52092362269304604       -3.7742802428125488E-003  0.93635254476844687        1958542.7879465723        320.39259370906092        10.626690573486897       0.50442500691356174                0           0   2401.9466343020194        1.8653290493999498E-003   1.2725741519483520E-003         798  0.36831890351603580                0
          67          68  0.52597586808430075       0.46375414949012228       -9.5351984985231255E-003  0.98266064699714351        341740.68956755206        95.332992401100725        16.844691605515440       0.41444135584345126                0           0   13765.745201713413        5.7947742737167690E-004  0.50000000000000000              770  0.11793196776056231                0
         213         214   8.6717284611907239E-002   1.7710005955573944E-002  -1.1427078035879827E-004  0.98213695314694749        400632.33674856107        50.085097135765906        8.0700839124904480       0.35167167945918965                0           0   11742.225542311169        1.5552041722878169E-004  0.50000000000000000              916  0.17847957567763476                0
         313         314  0.11479116130453372        5.7685466757393881E-002  -3.9453446450446250E-004  0.99253727403468150        435049.79924732697        62.547398305763593        4.7988638179278409       0.39854535916117573                0           0   10813.279918261374        1.7042172232509015E-004  0.50000000000000000             1016   9.1091454932476612E-002           0
         365         366  0.29906545429998188       0.27572229150032296       -3.4223050706489746E-003  0.97703614846779008        409915.73603235272        89.792227251814452        13.621051626217129       0.29693775813285173                0           0   11476.298283102440        5.4424978456707430E-004  0.50000000000000000             1068 -0.23172423774752243                0
         201         202  0.41909726131645580       0.36316033186407948       -5.4401348907038797E-003  0.97784193266974673        439642.50440806977        104.26124217537117        13.011719644906931       0.39109016297862970                0           0   10700.319487940789        6.3220712582260643E-004  0.50000000000000000              904   4.8692894874654599E-002           0
         171         172  0.11855449161888632       0.10910379859810015       -6.3808363105355751E-004  0.99690688946593098        502629.43037454027        75.543937317710842        3.1261899049214943       0.22931731913512543                0           0   9359.4106778413025        1.6222029374787257E-004  0.25000000000000000              874  -8.3122200552067441E-002           0
         347         348  0.19457293008789711        9.8264029982305379E-002  -8.4213227326918961E-004  0.97623178622328566        525292.62380639045        84.608893442837001        5.9541850561835314       0.41862211065258426                0           0   8955.6088253366652        5.1262384884362530E-004   6.2500000000000000E-002        1050  0.17592990313450929                0
         343         344   9.9716206803828866E-002   3.9838043689421537E-002  -1.9541286924161294E-004  0.98547806040898511        644708.77578794607        75.758248904357316        17.538772761188039       0.61562530515269132                0           0   7296.8066114739531        4.6110969753691106E-004  0.50000000000000000             1046   1.8250890351997937                0
          55          56   8.3915877860446200E-002   1.7498204653530233E-002  -7.7740196882517218E-005  0.96898154446861051        677342.13462491788        70.390059717499767        13.549311144641051       0.15497792081367734                0           0   6945.2570823012566        1.8325936041652929E-004  0.50000000000000000              758 -0.19780176471255459                0
          99         100  0.11123848720615616        3.9011678252708890E-002  -1.9764343022701515E-004  0.98119635498491209        697449.45099556562        81.825121918085514        10.380321211265091       0.54305607161596881                0           0   6745.0268272914218        1.9609050585244134E-004  0.50000000000000000              802  0.14082020966475600                0
         391         392  0.13558686976987694        5.7578981684498085E-002  -2.5446740011902898E-004  0.98428057182237338        1015963.8259505472        114.33226250480101        12.923971828987041       0.35234933288650300                0           0   4630.3964151906221        1.9855493643177781E-004  0.50000000000000000             1094  0.14429705994173320                0
         385         386  0.12648191059682606        5.9749107023494945E-002  -2.5030111744847215E-004  0.99192399726360403        1010156.8010307509        112.51654391747591        14.254420724022024       0.28173749516482899                0           0   4657.0148840700185        1.9971473045980897E-004  0.50000000000000000             1088  -1.1010115296915410E-002           0
          41          42  0.11122608390456809        8.6847116325004775E-002  -3.0034655602715249E-004  0.97689552612968544        1076875.4069236529        119.85571002551679        3.3428289079031170       0.81642895789926684                0           0   4368.4861102769009        1.9934720720389158E-004  0.50000000000000000              744  0.51138058671175002                0
         345         346  0.55774375829353751       0.47607345656862060       -4.7923803546830179E-003  0.97923176074338625        1065819.0059203701        206.47940675782556        2.1933864679595514       0.24327960989223774                0           0   4413.8031237137029        1.2529054742208931E-003  0.50000000000000000             1048  -3.1656981030485212E-002           0
          73          74  0.94128231410560004       0.69908498357263338       -1.0547991353088345E-002  0.98595090542721642        1010924.7705775029        232.48741209934116        13.217826159032791       0.48816056818679804                0           0   4653.4770880699325        1.4155097427745917E-003  0.50000000000000000              776  0.32407791594098023                0
         285         286   8.9462339041284894E-002   4.2834040765278178E-002  -1.2838168338598593E-004  0.97556116315563901        1178106.6063545495        111.23605151706303        8.5288734548437297       0.65508584889315680                0           0   3993.1150816660524        1.4410236536712358E-004  0.25000000000000000              988  0.21666157648389456                0
         293         294  0.55382231722128972       0.12326253909399966       -1.3046202120956597E-003  0.97555013427591697        1208714.8768618368        195.00098063437505        13.196294357548261       0.47504994911141846                0           0   3891.9974823661364        1.1809822740092247E-003  0.50000000000000000              996  0.99428073889871427                0
         123         124  0.67985937278035102       0.12376754478802159       -1.4259437356367586E-003  0.97763450747397851        1328700.8239903566        219.90890269502705        10.166963903253626       0.54024863823846137                0           0   3540.5376234484115        1.3330674591925293E-003  0.12500000000000000              826  0.34982167158777194                0
           7           8  0.10772050310063933        1.1526931384030817E-002  -3.7943697728780554E-005  0.99082248886431246        1424470.1409572540        121.95279694780302        9.3381815755632864       0.43764903558176771                0           0   3302.5018372680170        1.6260639909577266E-004  0.25000000000000000              710  -2.5117186726643231E-002           0
         355         356  0.32294731613854971       0.22153041596011064       -1.4146791448691402E-003  0.98835597978780254        1280677.5733209376        188.46314208734015        6.5743366245246779       0.41719867141307360                0           0   3673.3018174480535        1.1488556879049804E-003  0.50000000000000000             1058   6.7338556743954059E-002           0
         117         118  0.40216802461087314       0.11268199431891886       -9.3948131643061938E-004  0.97690707695788359        1226845.1060164988        179.76007936485891        15.326770295491423       0.50530698456196510                0           0   3834.4818221751120        1.0894929361876689E-003  0.50000000000000000              820  0.95827015009229521                0
          85          86   8.0567479673496034E-002   7.0359839832317903E-002  -1.6540594186675728E-004  0.98642166572395873        1357017.8794508749        127.71821781941760        6.9098542295433649       0.30495425511352370                0           0   3466.6567986181526        1.9401392259058692E-004  0.25000000000000000              788  -7.2529358488473014E-002           0
          47          48   9.8900608463481726E-002   3.1153535981132970E-002  -9.0443949087021743E-005  0.96929450295796848        1448762.9164048610        126.95392421516813        15.581899386651010       0.80644544358674008                0           0   3247.1256714098058        1.9207619232510233E-004  0.50000000000000000              750  0.40654356081588949                0
         387         388  0.11696728908539532        8.3148869844046139E-002  -2.2935335180217846E-004  0.98773542889318422        1622003.0827287135        158.02835520856468        7.6686860565979114       0.31354420751893231                0           0   2900.3121558379785        5.9463874447888076E-004   1.5028101878980166E-005        1090 -0.15560385590021250                0
         103         104   9.4240900685283069E-002   8.1646476448274677E-002  -1.9581474411928143E-004  0.97430932578693863        1543295.6101144454        146.43699954217337        6.5605677759046195       0.15608888442896832                0           0   3048.2269416265021        8.8618227905427590E-004  0.25000000000000000              806  -4.3392403137857985E-002           0
         215         216   9.9764396033006283E-002   5.7531129034738331E-002  -1.3467170227244636E-004  0.99202500142069505        1843377.2888768672        158.82594977762659        17.709262038963260       0.29227654356837740                0           0   2552.0089056272404        1.9606910170443681E-004  0.50000000000000000              918 -0.28045847064990265                0
          65          66   8.1196656538748205E-002   3.2700733033609646E-002  -6.2627861262289943E-005  0.98184767372588766        2149336.5504112290        157.99647215383459        10.567727085989697       0.55810890872694785                0           0   2188.7290088398181        1.9363885980735446E-004  0.50000000000000000              768  0.14569583713933348                0
          15          16  0.12041882448822794        4.7134796559794988E-002  -1.1370748620294229E-004  0.97825164521118502        2263928.7909641471        186.02285177799217        12.488662537107277       0.58254261488302528                0           0   2077.9431210119114        1.1281688166013199E-003  0.25000000000000000              718  0.22020864066319018                0
         243         244  0.10897784068549871        6.2870305948584129E-002  -1.2688985103554134E-004  0.99345305026723485        2514966.0648626112        201.22235189126619        11.890770834154637       0.35261632071725452                0           0   1870.5283237695505        1.2297376519750148E-003  0.50000000000000000              946   8.9425456743848900E-002           0
          37          38  0.10983277472157330        9.0349772612143470E-002  -1.6313461273031012E-004  0.98167519740275366        2786284.6185355540        226.68993556755197        16.133576217654511       0.58611621707888373                0           0   1688.3828831949368        1.3772225981147541E-003  0.50000000000000000              740  -8.2747225610042663E-002           0
         403         404  0.17519688796893346        3.8994197612049461E-002  -1.0593100957424964E-004  0.98389425336188341        2940515.2043271661        240.33808724120914        13.534916297839226       0.45841546704096869                0           0   1599.8268775220229        5.1155536445189468E-004   4.3940683728855857E-004        1106  0.12897944502513939                0
         127         128  0.41687934908818136       0.27898104023835063       -1.0601324713850049E-003  0.99434194081511351        3619474.9262651657        408.83142482301037        11.707619562472850       0.25443812075895672                0           0   1299.7231237899509        2.4997052625840904E-003  0.50000000000000000              830   2.8425543838470402E-002           0
         217         218   8.1228311512873880E-002   6.5270211912634449E-002  -8.4864059256294254E-005  0.97696892315676265        3390006.8490829859        232.81876606981328        14.910429964802141       0.76775914566082371                0           0   1387.7008121435813        1.4110585494170628E-003  0.50000000000000000              920  0.28185207780777211                0
         175         176   8.2952047495663137E-002   3.6571247402372269E-002  -5.1727426434609779E-005  0.99014129807306883        3413594.8030393822        218.55731582440217        15.802623737777431       0.59216466407060753                0           0   1378.1117938942707        4.9790584363956390E-004   1.2129380991828555E-003         878   4.0490167471791294E-002           0
         143         144  0.25022565110097550       0.15769561095085233       -3.9893226177458845E-004  0.97378367469115990        4047244.7606835263        368.61381757316616        8.3233982669023199       0.62855458308483547                0           0   1162.3500766111972        2.2305190603367172E-003  0.50000000000000000              846  0.20594030434228278                0
          61          62  0.16574606629006447        5.1105325148539382E-002  -1.0680914848388477E-004  0.98146224652464376        3985102.7316611102        295.54272204541036        9.2400027417879773       0.42646182625158230                0           0   1180.4752786595950        1.7952874583487142E-003  0.50000000000000000              764  0.31668238289294742                0
          29          30   9.2064989403419284E-002   3.8673592252436655E-002  -4.8326417632826574E-005  0.98790084533106615        4595724.3541263249        274.56410217347485        5.6315672122133842       0.79888334479768297                0           0   1023.6286807368981        1.6733196375634911E-003  0.25000000000000000              732  0.46478329117435996                0
         237         238  0.17519413512811899        4.8620481183886892E-002  -9.6133046925272949E-005  0.99516489023133436        4632593.2409340926        330.20636827131904        17.240224483496373       0.57069762647360933                0           0   1015.4820449326151        1.9984115928462558E-004  0.50000000000000000              940  0.71359518958266155                0
         147         148  0.31456825641218544       0.25964081492902225       -6.6243600918377415E-004  0.98456015427272825        4747337.3481747657        459.47645601886813        15.493535369675298       0.46191349207248272                0           0   990.93763780099937        1.9668248657376449E-004  0.50000000000000000              850  0.11985115661979245                0
         399         400  0.17014458503807270        6.6018282057290864E-002  -2.6982291911722550E-005  0.99086028051987474        45927065.151582561        1551.3966538123782        10.287435504318294       0.22534546443948530                0           0   102.43013007946712        5.0846731731150670E-003   8.2669626537029415E-005        1102 -0.15318778801847935                0
         281         282   8.0478030877779258E-002   1.6466831233086777E-002  -1.7957697855702917E-005  0.98263065067680411        5350100.0540587250        275.01479105052306        14.059950656753257       0.54889381835904572                0           0   879.29481880921958        1.4134702600643433E-003   2.1719291039476252E-003         984  0.45246784904838871                0
          45          46   8.6894120985331738E-002   8.6164685909330241E-002  -8.2040856412477007E-005  0.98387083180607882        5506893.1944410549        340.10174038637848        9.4009308258118942       0.61405466135403142                0           0   854.25939664011355        2.0685513436049150E-003  0.50000000000000000              748  0.51222341239629499                0
         161         162   9.3309048906446132E-002   9.2827486138433946E-002  -9.1370302343061707E-005  0.98811260643073839        5621424.1021832665        353.27640010506013        7.9634223342373307       0.49738981251073183                0           0   836.85471370460857        8.2647645184252588E-004   1.5035126982802170E-004         864  0.15924827167629935                0
         309         310  0.10545420084030525        5.3264404142991120E-002  -5.7855495593977865E-005  0.98363597107776712        6309425.5400360068        361.80592593708820        13.939940860959867       0.53702794952680255                0           0   745.60120058377254        2.2003001492994592E-003  0.50000000000000000             1012  -2.5041610617175303E-002           0
         189         190  0.11107991559331475        5.1209466390144058E-002  -5.9401457297079668E-005  0.98671314114777653        6112335.9088638304        356.86834591407722        18.261425992782065       0.16053393515888309                0           0   769.64278923590894        2.1736268209196817E-003  0.50000000000000000              892 -0.14537792648834907                0
         289         290  0.10428359770713377        2.3242149003040714E-002  -2.7029415093963347E-005  0.98098708156259762        6248183.1218089685        334.17578344731845        14.743818568455499       0.16162194078876879                0           0   752.90931234466984        1.8106701115721392E-003   1.0713018331096403E-003         992  -6.0556710891823705E-002           0
         115         116   9.5073144526220191E-002   4.6025486525321645E-002  -4.6726263478262970E-005  0.98361077625756288        6339435.9430684811        348.99124241529205        11.018943625993371       0.45693885078729513                0           0   742.07158174513086        2.1223306805025111E-003  0.50000000000000000              818  0.19412381303222626                0
         223         224  0.13901763968801717        6.0776114313866474E-002  -7.7058778858291738E-005  0.98944812444587527        6749154.2295323806        408.60159196573852        8.1762069384779466       0.37689959885361229                0           0   697.02293023028233        1.2366017972295935E-003   7.2482768656355920E-004         926  0.15107518942243620                0
         299         300   9.2079428251349071E-002   8.2023039557947389E-002  -6.9096087921801354E-005  0.98687483576142154        7196714.6939656399        407.34683836829731        17.396171741379547       0.10565620025627540                0           0   653.67538629664932        1.0544182460067986E-003   7.0157249116270298E-004        1002 -0.35604115306229911                0
         199         200  0.11230093762090229        4.7925291740752780E-002  -4.9845320530023470E-005  0.98557578802919299        7365259.5215128316        402.38621163417127        12.747633970546605       0.29454143062576899                0           0   638.71683596540686        2.4494184751019071E-003  0.50000000000000000              902  0.84866210378561502                0
         373         374  0.15845034820673778       0.15233439132851201       -1.7085719623402345E-004  0.97951246909269341        7914549.7306589298        526.47435391079443        7.2852764270441064       0.43635576539745741                0           0   594.38823656909437        2.9886837457240214E-003   2.2256847774860668E-004        1076  0.13629359615883330                0
          69          70  0.10464422723177559       0.10349050793134676       -8.6377732787562200E-005  0.98042651398566583        8085705.8082159301        467.23280664956275        12.288451459898587       0.17623756776531901                0           0   581.80638391081243        2.8368343572848856E-003  0.50000000000000000              772 -0.15186153207604355                0
         267         268  0.11152016154947933        1.9237634443879208E-002  -2.0549618140643251E-005  0.97571375702049523        7751529.1663932940        389.06363297112847        4.4481052240281622       0.52586478831635419                0           0   606.88867404902408        5.4325795741970972E-005   5.3083655458070964E-005         970  0.14513767412488743                0
         183         184  0.10185732075756881        5.4219839429199369E-002  -4.3501450501461198E-005  0.97501195286887188        9514142.6195357777        473.11429826015666        16.708249523981742       0.35118220892504087                0           0   494.45498619972341        1.2722230910869839E-003   5.1207976867781794E-005         886   1.2764036283589533                0
         265         266   8.4095384718170976E-002   3.6296916915751078E-002  -2.5177836669736795E-005  0.98207820394828627        10108927.940067051        451.79645943787824        6.3677061224316551       0.46890928700020928                0           0   465.36242869029286        2.2108912949980711E-003   1.2246096681703574E-003         968  0.24146715871571200                0
         367         368  0.20322917187314732       0.17631903439505672       -1.9839389114281801E-004  0.98270278424631741        10353118.461938521        673.09487977979791        16.783473118378740       0.52802652752903845                0           0   454.38630640027725        2.4608031024004459E-003   3.7093508872638954E-004        1070   1.6207458232329941                0
         305         306   8.5255713978393793E-002   1.6586699482616780E-002  -1.1931200371230782E-005  0.97557216214542408        10624387.113807641        441.69112072417624        14.299212327845407       0.29092793033677072                0           0   442.78462439785847        2.6751951435917505E-003  0.50000000000000000             1008  0.11352533157800281                0
         325         326  0.14296285691723640        1.8018411898666035E-002  -1.7591034512000332E-005  0.98525910189351285        11605238.715074902        545.71725305743564        6.0548618576183060       0.35169122548330317                0           0   405.36135215676182        1.9976652747874619E-004  0.25000000000000000             1028   2.7693387083092179E-002           0
         119         120  0.12744757891135747        8.2887871857059842E-002  -6.3848789170769046E-005  0.98269985033698937        12193204.574003790        616.57973866081329        6.2467305811455480       0.27174818444131399                0           0   385.81451078697370        3.7479255214838184E-003  0.50000000000000000              822   2.7184353113960905E-002           0
         133         134  0.13034205300579016        4.8697333779162973E-002  -3.8327211256371508E-005  0.98105629304903774        13234840.713097434        617.16580691838533        9.4526554765676973       0.43458394857718485                0           0   355.44932951019865        2.4076576044934142E-003   5.3360875368465882E-004         836  0.24137945931132454                0
          17          18   8.8310858010865509E-002   3.6165089814597706E-002  -2.2321003472730643E-005  0.98140412768925933        12747100.610456508        533.22349031307033        9.7868476198395271       0.36362615852992025                0           0   369.04982563531280        3.2391129273980847E-003  0.50000000000000000              720  -4.7144482481410940E-002           0
         275         276  0.13196141201412448        6.9014568623332620E-002  -4.7733904110869652E-005  0.97883814687825632        15446792.531527471        711.01720763709989        12.544083216119001       0.40314414054226849                0           0   304.54964990583528        3.5194960734454203E-003   5.9904634947657864E-004         978  0.41740645332677451                0
         221         222  0.10685030920939192        6.9974509155263417E-002  -3.1626164769836350E-005  0.98416784971634141        22714401.104152065        881.02544365088261        11.464083803755850       0.17214362295085694                0           0   207.10716677380680        3.0218532915405778E-003   3.7321931753870562E-005         924 -0.22575008275835057                0
         157         158  0.17882018552997023        8.7937108552675433E-002  -4.2075757737691914E-005  0.98508436759063711        36757523.384437211        1392.7594467565825        7.2527757817248686       0.37196927672966523                0           0   127.98237815000685        8.2828458886958674E-003   3.9975411594076436E-004         860   2.3019250646895084E-002           0
         145         146  0.11284151051838727        7.1741434973604884E-002  -2.4259729538568837E-005  0.99377686765324791        37282320.528965220        1243.5759988783054        13.346357756999419       0.40145574506166998                0           0   126.18085974530227        7.3113640751652281E-003   4.5485446432296265E-004         848  0.16433629270528596                0
         405         406   8.7236661288412828E-002   5.5735761705262711E-002  -1.4072219982536795E-005  0.99445045527554632        44632234.652881853        1287.6258805654079        14.722684705961647       0.61424153954547867                0           0   105.40174145954420        7.8733128566099032E-003  0.50000000000000000             1108   1.3789339783709240                0
          51          52  0.11606384615255892        9.5064690585184505E-002  -1.2276543213329298E-004  0.98205345115529663        4872545.5793825211        334.93415447263214        1.9060116361074804       0.44137552544971798                0           0   965.47383313362923        1.9892380511386115E-004   3.1250000000000000E-002         754   4.7731101665513545E-002           0
