 1031624   1   373 108   0      1.6   7.73   4.63  5.494     0.0  -0.2148   0.0000
  -1.117645   0.000000   0.245611   0.096985  -0.663599   0.060150   0.000000   0.000000   0.000000   0.000000
   0.00000   0.00000   0.13648   0.02864   0.00000  -1.11764   0.00000   0.00000  -0.87203   0.66276   0.19282   0.00000   0.00000
 NAME(I1)    NAME(I2)    M1[M*]                    M2[M*]                    EB[NB]                    ECC                       P[Days]                   SEMI[AU]                  RI[PC]                    VI[km/s]                  K*(I1)      K*(I2)      ZN[NB]                    RP[NB]                    STEP(I1)[NB]              NAME(ICM)                 ECM[NB]                   K*(ICM)      
           3           4   8.7970317491499028E-002   4.9196061553816367E-002  -9.2897646351125171E-004  0.98018963898304645        71340.815372945974        17.361255191394889        3.5446177018565912       0.20660327681186774                0           0   65941.428242054317        1.0539810829294615E-004  0.50000000000000000              706   6.7045209620404070E-002           0
          59          60  0.52934127945164156       0.11516011942956719       -3.1001072744619322E-002  0.99635260950274573        9025.0375450904266        7.3279160146024838        14.187932278992580       0.91489459074462043                0           0   521251.59969045070        4.4850020571511419E-005  0.50000000000000000              762   1.3849365132084241                0
          63          64  0.11284127030153632        5.3401276685359052E-002  -1.4468849236327175E-003  0.97984293960292113        54774.265105649982        15.520472950299069        13.593482814983354       0.36615268607954848                0           0   85885.502043175962        9.4206442072616631E-005  0.25000000000000000              766  0.19062451572010425                0
          83          84  0.10272953417562042        4.1373672231505683E-002  -1.2819188696754095E-003  0.97370419826673227        41789.837138321200        12.356008093958177        16.555883341181975       0.41818764705140543                0           0   112570.79662870750        7.4766174595093939E-005  0.12500000000000000              786  0.30829429576725886                0
         131         132   8.4797441590329786E-002   6.4637458177469395E-002  -7.7121942017657882E-004  0.98912831439601701        128788.41655396212        26.485513546867381        6.7765304167869163       0.45376189283675428                0           0   36527.471829531067        1.6151620773559698E-004   1.5625000000000000E-002         834  0.11248538203012357                0
         137         138  0.13717930409073115       0.13193897190263901       -4.0334545728335997E-003  0.97817964388784162        48147.574536657077        16.722602131164937        7.8181198491074824       0.31489005195232167                0           0   97706.173216745112        1.0141787278782275E-004  0.50000000000000000              840  0.59681797650509527                0
         167         168  0.11739175763496201        6.6852661947444644E-002  -1.3371095085191684E-003  0.97921691183512483        87047.450602289726        21.873015901955345        14.767481342408116       0.70088746541625346                0           0   54043.113555826756        1.3272323952673876E-004  0.25000000000000000              870  0.41159854891914216                0
         177         178  0.17518944591650459       0.15841447355487015       -4.8844045916293037E-002  0.97081544669269548        1948.4551180766894        2.1174370246531056       0.52409274240712034       0.79615932689677005                0           0   2414382.1502485364        1.2793853451865820E-005  0.25000000000000000              880  0.48188724208195310                0
         181         182  0.16494482085752635        4.8117280213717237E-002  -2.2342341753636167E-003  0.98308070947828008        38113.841390388654        13.238244572811659        3.1115916186025703       0.33715327927942923                0           0   123428.00111539195        8.0485139620415977E-005  0.50000000000000000              884   3.0550260680663507E-002           0
         193         194  0.13607741833753259        1.4509867592654014E-002  -3.3139095177587647E-004  0.98026160729439438        98477.807758994706        22.203845682541278        15.473933864997129       0.78457241999604455                0           0   47770.308506030713        1.3480179630591914E-004  0.50000000000000000              896   1.0808900355065427                0
         195         196  0.23980714281985319       0.16746154432118399       -1.7866781603804005E-002  0.96643523058497638        13874.745800257982        8.3762612435180923        11.203772381922670        1.0250973588920822                0           0   339055.96004197007        5.0498069052990366E-005  0.50000000000000000              898  0.79286450827633581                0
         207         208   9.9440827635248155E-002   5.0100703362626467E-002  -8.7683211256005204E-003  0.98112175417415370        2910.2243960466299        2.1174416066239212        2.8833941157719321       0.72477963238112164                0           0   1616478.5313583727        1.2860786271453537E-005  0.25000000000000000              910  0.45407343530525546                0
         225         226  0.11258739991983015        4.7810171057872303E-002  -9.4939383745014589E-004  0.98185672257896206        88575.957032427817        21.129198100363176        15.437369330424938       0.73318410791150301                0           0   53110.521356517827        1.2838083044770557E-004  0.50000000000000000              928   1.0219572944016682                0
         235         236   9.9158490776633662E-002   3.5661683213779022E-002  -5.1301121046354124E-003  0.96614283730650707        4095.4263718306088        2.5687641194955386        2.4126732627301464       0.33190382583483569                0           0   1148675.3345151674        1.5484037106406675E-005   3.1250000000000000E-002         938   8.5630250409316391E-002           0
         249         250   8.3325272192247987E-002   6.4931060179189190E-002  -5.9417119074347373E-003  0.97581540753508467        5929.7866670524481        3.3934150410168407        15.545602800490128       0.42091019430784776                0           0   793336.34104971308        2.0555510157367267E-005  0.25000000000000000              952   1.2425479170361060                0
         271         272  0.13618545113931463       0.10282415591629936       -1.7643068358636144E-003  0.98806680624688603        120181.93023047518        29.578155387187675        7.3957781576502510       0.48206724997217815                0           0   39143.282593508091        1.8027976026539725E-004  0.25000000000000000              974   9.3211171470354959E-002           0
         287         288   8.8414603939471620E-002   4.2704642040310346E-002  -5.8515194294090581E-004  0.98093659039144399        118941.02246670357        24.046383900145148        2.3355002709087240       0.59878021643703239                0           0   39551.663169548527        1.4603779329379048E-004  0.25000000000000000              990  0.19581275888094818                0
         291         292  0.10251315781699964        2.9651563345757474E-002  -1.1831110334550475E-003  0.98075559013170377        29765.556837160901        9.5746088155111213        12.630396827544462       0.58847205888164300                0           0   158045.59892431262        5.8142920318824777E-005   3.1250000000000000E-002         994  0.23388228531695474                0
         303         304  0.77980953382043972       0.33783563817501155       -5.2382472905160467E-002  0.97671789874474535        28033.625192942258        18.742492285908785        4.9008848301138270       0.63345447419694478                0           0   167809.73653129677        1.1358394461059082E-004  0.25000000000000000             1006  0.23189375724094083                0
         311         312  0.16827131513595273       0.11782564957455051       -9.1314488263872420E-003  0.97485864189666582        15717.300866973132        8.0915100549741776        16.619569966943065       0.15529068092938089                0           0   299308.08714936365        4.8990345746074786E-005  0.50000000000000000             1014 -0.12939777426167096                0
         321         322  0.12252965187021556        4.0765808550071510E-002  -1.0952504619379879E-003  0.97557453106160041        63331.226025514967        16.995860241612995        17.115049224122828       0.41447957278387032                0           0   74281.133539866772        1.0293936416602254E-004  0.50000000000000000             1024  0.71933602786064577                0
         323         324  0.13577855073708561        2.1714876777924844E-002  -1.0672784058174505E-003  0.97737634574565457        30402.145619620234        10.295090097572151        13.967324171580136       0.66658105349636909                0           0   154736.29119810546        6.2411468000077191E-005  0.25000000000000000             1026  0.36418925095871346                0
         337         338  0.14234346256931027        4.8688670540606271E-002  -2.7220309402593351E-003  0.98436219341894415        24424.438780536861        9.4883723855236379        12.746356740477912       0.40482214015853807                0           0   192606.89262565569        5.7724153992768256E-005  0.50000000000000000             1040   1.4562838524472193                0
         363         364   8.0030474895858961E-002   2.5241398542184282E-002  -3.2505135387658957E-004  0.96900162088983910        125469.53716214608        23.159872534501439        12.542176840538961       0.71153625355537453                0           0   37493.684634903126        1.3980643129274424E-004  0.50000000000000000             1066  0.54677055308867673                0
         371         372   9.0756420354949963E-002   8.9399293653254358E-002  -1.4941626717007766E-003  0.97790038526241019        78336.750524128642        20.236383406048532        10.306906298767951       0.47280019085141745                0           0   60052.468683849453        1.2271064128272370E-004  0.50000000000000000             1074  0.26861747253592744                0
         383         384   9.3433970454860987E-002   6.5975786712685114E-002  -2.9999592269293533E-003  0.97176827062077331        19385.313257799193        7.6576121486429507        10.075694469459350       0.46633851916021307                0           0   242674.19334851863        4.6290742961604388E-005  0.50000000000000000             1086  0.46658575104042255                0
         395         396  0.10118924464727580        7.2387835402996439E-002  -4.0679476328368365E-003  0.98184110250843104        15239.121285685993        6.7103307468978812        8.4684244930125558       0.49367968594552847                0           0   308699.90266850201        4.0771591993552411E-005  0.50000000000000000             1098   6.1716008074848297E-002           0
         401         402  0.11008182267075275        8.1520559788653676E-002  -2.1754919003101718E-003  0.98946501741247106        50292.904508829961        15.372504553420699        7.4909835076991174       0.41635037641690920                0           0   93538.349069078395        9.3761781152373525E-005  0.50000000000000000             1104  0.13773452951890167                0
         219         220   5.9461379470541447        2.5291364086335988      -0.75299076982192070       0.98221912150944157        80559.862777643633        74.428097414589246        6.1329655985381031       0.18658608960097292                0           0   58395.273967004177        4.5230718866207646E-004  0.50000000000000000              922  0.12482920475287129                0
         159         160  0.52009082554844766       0.13749382338007102       -6.8562166579241961E-003  0.98252657550525302        109146.58921206869        38.868446659729038        2.5338885446912318       0.57750476287334684                0           0   43100.891119047374        2.3624417772278330E-004  0.25000000000000000              862  0.18127701337110974                0
           1           2   2.0244841138268650       0.61000484406818434       -7.0741485713423660E-002  0.98738152934187551        118081.33591071346        65.056817812538299        16.314693548554036       0.49250884394724703                0           0   39839.617509086311        3.9638661146352313E-004  0.50000000000000000              704  0.12672823775761785                0
         283         284  0.18094602805437388        8.1870494517192083E-002  -1.6064068193646895E-003  0.97697797871714775        143540.44546752289        34.366892541613126        5.1190393678634418       0.28412563606611357                0           0   32773.447527785116        2.0829891525217590E-004   6.2500000000000000E-002         986  -5.1353822666015785E-002           0
         185         186  0.24628085064239766        6.9358336926096664E-002  -1.8551080494142963E-003  0.99057546901522908        130681.44545928008        34.314639623851313        8.5020080176579036       0.52622491127845872                0           0   35998.341165507023        2.0941269287605858E-004  0.50000000000000000              888  0.21744653541131509                0
         191         192  0.17819880543248182        5.0730547014061628E-002  -8.9966543292994278E-004  0.98450778698896024        174927.64032278312        37.446621017460309        18.050759619676040       0.62912202641197690                0           0   26892.921261409472        2.2782970840593575E-004  0.25000000000000000              894  0.46979305526118287                0
          71          72  0.16939743337267674        2.6319217633798585E-002  -4.7647967898261517E-004  0.96976219828091648        170003.73667627125        34.870225322542275        11.264023255655960       0.27617382835357535                0           0   27671.834452691655        1.5082883319385277E-004  0.25000000000000000              774 -0.11767036462131901                0
          53          54  0.10539273585624893        8.3691576402142989E-002  -9.4861616487088496E-004  0.98840746126056767        171334.30925667207        34.651436372167325        14.086017388166447       0.24918900795324683                0           0   27456.936547351612        2.1096666920612941E-004  0.50000000000000000              756 -0.17175950242268950                0
         245         246  0.10614450888457336        7.9534736728126665E-002  -8.8338078697462622E-004  0.97533507163214717        180155.36208468804        35.614411017835778        9.0152608082745669       0.15308603858090891                0           0   26112.546433302068        2.1568078356416255E-004  0.50000000000000000              948  0.11121295032894672                0
         331         332  0.12214104311112879        9.8521910482032543E-002  -1.1537755047203683E-003  0.97154055198387024        188414.45473505274        38.868024797675822        16.604810490192762       0.28989961088009636                0           0   24967.910579153504        2.3493249830021899E-004  0.50000000000000000             1034   6.9166284348532420E-002           0
         203         204  0.10958957416913398        5.6611292613942377E-002  -6.2817234305771752E-004  0.98494187057407623        200051.97130642890        36.805509599966030        15.032274477247302       0.12630789805356124                0           0   23515.465640870621        1.6988547057778460E-004  0.50000000000000000              906 -0.16870535162405842                0
          21          22  0.17137201111473407        1.8580527211685235E-002  -2.8964617018065918E-004  0.97725619083110171        219756.57682243298        40.968444197440832        3.3615233138720133       0.24038690454944622                0           0   21406.937283364805        1.8343950172520064E-004  0.25000000000000000              724   6.8141546978308293E-002           0
         369         370  0.35577330781196675       0.28758888866695975       -6.5923629871082615E-003  0.96841922705639494        200307.85819162280        57.839387851881206        14.038145601146041       0.41511783227497917                0           0   23485.425385280789        3.4904883910831302E-004  0.50000000000000000             1072   1.5690798123968497                0
          77          78   9.3430964505624117E-002   2.0354482771848002E-002  -1.6334883162896549E-004  0.97425183352183942        309441.22681298596        43.386459025179242        10.220901839105382       0.56872394287750683                0           0   15202.613129787858        1.8457846561722538E-004  0.50000000000000000              780  0.84468003597677543                0
         315         316  0.30834333591613694       0.21242803698149326       -3.5544000840579989E-003  0.96932722246065328        288048.63087816222        68.675120176768687        7.1686968146055099       0.40611742384887051                0           0   16331.670257563481        4.1463143421502049E-004   3.1250000000000000E-002        1018  0.21427405966328064                0
          89          90  0.20842321107894346       0.10223825271363279       -1.3435582502014560E-003  0.98702482580270168        297769.38109927031        59.104743533761280        6.3823329840813035       0.75699500253714436                0           0   15798.519109916271        3.6005640583131949E-004  0.50000000000000000              792  0.39943381981514575                0
         155         156  0.50373356431637750       0.18870347651975347       -4.6345267489272665E-003  0.98128177235206437        293320.33962033020        76.435433608783669        10.562316839590448       0.73515180751858689                0           0   16038.148816184937        4.6428632181207922E-004  0.50000000000000000              858  0.45982542926794434                0
         187         188  0.16652052450678573        4.4390738220572948E-002  -5.1200105471243477E-004  0.98740860044556455        313872.49940009229        53.803263366689940        5.7247141927430309       0.66678119109278167                0           0   14987.981637882163        1.5401396217716847E-004  0.50000000000000000              890  0.29336874127042678                0
         255         256   8.3811449474318997E-002   3.0344259974373743E-002  -1.9498774621546684E-004  0.99476358635673934        366335.73421504453        48.606227887337262        8.7651280209036990       0.45372857512948833                0           0   12841.540746017587        1.7373772739312873E-004  0.50000000000000000              958  0.23869022720241251                0
          93          94   8.5361728603296438E-002   7.1347741082274679E-002  -4.1080252103106030E-004  0.97812880800934654        378910.90214675880        55.249666982163497        9.3491191637123858       0.46820262908095056                0           0   12415.359998859836        1.7179347800011020E-004  0.50000000000000000              796  0.35141960985051190                0
          95         546  0.62290701776509083       0.52092362269304604       -3.7742942872084763E-003  0.93637344636014497        1958531.8561580018        320.39140150726217        7.4700369904513142       0.51716364179565755                0           0   2401.9600410651929        1.7499080886211494E-003   2.4057840379562117E-003         798  0.31786674488527206                0
          67          68  0.52597586808430075       0.46375414949012228       -9.5351984985231255E-003  0.98266064699714351        341740.68956755206        95.332992401100725        16.193337952057696       0.45412799935436887                0           0   13765.745201713413        5.7947742737167690E-004  0.50000000000000000              770   7.0825840587095346E-002           0
         213         214   8.6717284611907239E-002   1.7710005955573944E-002  -1.1427078035879827E-004  0.98213695314694749        400632.33674856107        50.085097135765906        3.7640895389633893       0.34434851024227758                0           0   11742.225542311169        1.5552041722878169E-004  0.25000000000000000              916  0.15287239125763330                0
         313         314  0.11479116130453372        5.7685466757393881E-002  -3.9453446450446250E-004  0.99253727403468150        435049.79924732697        62.547398305763593        2.5458313077413304       0.43446528236771964                0           0   10813.279918261374        1.7042172232509015E-004  0.50000000000000000             1016   7.7352679716744976E-002           0
         365         366  0.29906545429998188       0.27572229150032296       -3.4223050706489746E-003  0.97703614846779008        409915.73603235272        89.792227251814452        13.635897650324816       0.29757761690008960                0           0   11476.298283102440        5.4424978456707430E-004  0.50000000000000000             1068 -0.23623383789156710                0
         201         202  0.41909726131645580       0.36316033186407948       -5.4401348907038797E-003  0.97784193266974673        439642.50440806977        104.26124217537117        15.651318762213467       0.38812194736899691                0           0   10700.319487940789        6.3220712582260643E-004  0.50000000000000000              904   7.1996168309760883E-002           0
         171         172  0.11855449161888632       0.10910379859810015       -6.3808363105355751E-004  0.99690688946593098        502629.43037454027        75.543937317710842        4.0396305491609921       0.23560446057332871                0           0   9359.4106778413025        1.6222029374787257E-004  0.50000000000000000              874  -7.3963637725883893E-002           0
         347         348  0.19457293008789711        9.8264029982305379E-002  -8.4213227326918961E-004  0.97623178622328566        525292.62380639045        84.608893442837001        6.0681886718205513       0.38034823151211505                0           0   8955.6088253366652        5.1262384884362530E-004  0.25000000000000000             1050  0.15724856724074115                0
         343         344   9.9716206803828866E-002   3.9838043689421537E-002  -1.9541286924161294E-004  0.98547806040898511        644708.77578794607        75.758248904357316        14.278314421856438       0.56275331740917056                0           0   7296.8066114739531        4.6110969753691106E-004  0.50000000000000000             1046   1.7376865234209098                0
          99         100  0.11123848720615616        3.9011678252708890E-002  -1.9764343022701515E-004  0.98119635498491209        697449.45099556562        81.825121918085514        8.9270098260263016       0.54638064453727841                0           0   6745.0268272914218        1.9609050585244134E-004  0.25000000000000000              802  0.13367261753407966                0
         391         392  0.13558686976987694        5.7578981684498085E-002  -2.5446740011902898E-004  0.98428057182237338        1015963.8259505472        114.33226250480101        12.911327118838017       0.30900722433600469                0           0   4630.3964151906221        1.9855493643177781E-004  0.50000000000000000             1094  0.10376660355393916                0
         385         386  0.12648191059682606        5.9749107023494945E-002  -2.5030111744847215E-004  0.99192399726360403        1010156.8010307509        112.51654391747591        17.692614404231481       0.27612825687251119                0           0   4657.0148840700185        1.9971473045980897E-004  0.50000000000000000             1088   7.6573286865481947E-003           0
          41          42  0.11122608390456809        8.6847116325004775E-002  -3.0034655602715249E-004  0.97689552612968544        1076875.4069236529        119.85571002551679        1.4584124164361620       0.83488587590861274                0           0   4368.4861102769009        1.9934720720389158E-004  0.25000000000000000              744  0.52053064034453211                0
         345         346  0.55774375829353751       0.47607345656862060       -4.7923803546830179E-003  0.97923176074338625        1065819.0059203701        206.47940675782556        2.6615431973805701       0.25391278247307941                0           0   4413.8031237137029        1.2529054742208931E-003  0.50000000000000000             1048  -4.2313119032995491E-002           0
          73          74  0.94128231410560004       0.69908498357263338       -1.0547991353088345E-002  0.98595090542721642        1010924.7705775029        232.48741209934116        16.518548735294388       0.53788377963555623                0           0   4653.4770880699325        1.4155097427745917E-003  0.50000000000000000              776  0.38513919694284721                0
         285         286   8.9462339041284894E-002   4.2834040765278178E-002  -1.2838168338598593E-004  0.97556116315563901        1178106.6063545495        111.23605151706303        9.1745166572837835       0.66858491009649956                0           0   3993.1150816660524        1.4410236536712358E-004  0.50000000000000000              988  0.22753146804573704                0
         293         294  0.55382231722128972       0.12326253909399966       -1.3046202120956597E-003  0.97555013427591697        1208714.8768618368        195.00098063437505        9.4230948941347066       0.54794156395517701                0           0   3891.9974823661364        1.1809822740092247E-003  0.50000000000000000              996  0.92294282970579322                0
         123         124  0.67985937278035102       0.12376754478802159       -1.4259437356367586E-003  0.97763450747397851        1328700.8239903566        219.90890269502705        6.9140234257530446       0.58013083800033349                0           0   3540.5376234484115        1.3330674591925293E-003  0.50000000000000000              826  0.32057243321941420                0
           7           8  0.10772050310063933        1.1526931384030817E-002  -3.7943697728780554E-005  0.99082248886431246        1424470.1409572540        121.95279694780302        12.097347386379624       0.46737105796855377                0           0   3302.5018372680170        1.6260639909577266E-004   6.2500000000000000E-002         710  -9.7012349904558870E-003           0
         355         356  0.32294731613854971       0.22153041596011064       -1.4146791448691402E-003  0.98835597978780254        1280677.5733209376        188.46314208734015        6.3231477807096494       0.43805495989189086                0           0   3673.3018174480535        1.1488556879049804E-003  0.50000000000000000             1058   6.7334062239624806E-002           0
          85          86   8.0567479673496034E-002   7.0359839832317903E-002  -1.6540594186675728E-004  0.98642166572395873        1357017.8794508749        127.71821781941760        8.9362763353100796       0.31709693611570788                0           0   3466.6567986181526        1.9401392259058692E-004   6.2500000000000000E-002         788  -5.6285269697127951E-002           0
         387         388  0.11696728908539532        8.3148869844046139E-002  -2.2937385579697601E-004  0.96123956185955428        1621785.5984861613        158.01422887074906        3.0399120469179914       0.55034092351351882                0           0   2900.7010926943467        8.9381187575742372E-004   1.9325441071918981E-005        1090  0.14825643344974232                0
         103         104   9.4240900685283069E-002   8.1646476448274677E-002  -1.9581474411928143E-004  0.97430932578693863        1543295.6101144454        146.43699954217337        3.4366482045821907       0.15640408143094436                0           0   3048.2269416265021        8.8618227905427590E-004  0.25000000000000000              806  -5.0271663425401944E-002           0
          65          66   8.1196656538748205E-002   3.2700733033609646E-002  -6.2627861262289943E-005  0.98184767372588766        2149336.5504112290        157.99647215383459        13.292671604313442       0.55932959812757921                0           0   2188.7290088398181        1.9363885980735446E-004  0.50000000000000000              768  0.17594032575335333                0
          15          16  0.12041882448822794        4.7134796559794988E-002  -1.1370748620294229E-004  0.97825164521118502        2263928.7909641471        186.02285177799217        13.103446376622093       0.59984826414530756                0           0   2077.9431210119114        1.1281688166013199E-003  0.50000000000000000              718  0.17957614220576903                0
         243         244  0.10897784068549871        6.2870305948584129E-002  -1.2688985103554134E-004  0.99345305026723485        2514966.0648626112        201.22235189126619        9.4006719051772158       0.37688005124733281                0           0   1870.5283237695505        1.2297376519750148E-003  0.50000000000000000              946   7.3508939488401037E-002           0
         403         404  0.17519688796893346        3.8994197612049461E-002  -1.0593115109582654E-004  0.98389286818981836        2940509.3116383017        240.33776615506270        17.614404390565930       0.41400516674379778                0           0   1599.8300835251423        1.3096807250914037E-003   3.6048882694600235E-004        1106  0.14454906922856026                0
         127         128  0.41687934908818136       0.27898104023835063       -1.0601324713850049E-003  0.99434194081511351        3619474.9262651657        408.83142482301037        13.026710576989746       0.30033575341915686                0           0   1299.7231237899509        2.4997052625840904E-003  0.25000000000000000              830  -2.3491932944093435E-003           0
         217         218   8.1228311512873880E-002   6.5270211912634449E-002  -8.4864059256294254E-005  0.97696892315676265        3390006.8490829859        232.81876606981328        16.585087716864187       0.73210822220360339                0           0   1387.7008121435813        1.4110585494170628E-003  0.50000000000000000              920  0.32161402670335093                0
         143         144  0.25022565110097550       0.15769561095085233       -3.9893226177458845E-004  0.97378367469115990        4047244.7606835263        368.61381757316616        8.7380594634634612       0.64628883030203654                0           0   1162.3500766111972        2.2305190603367172E-003  0.50000000000000000              846  0.21794496580246803                0
          61          62  0.16574606629006447        5.1105325148539382E-002  -1.0680914848388477E-004  0.98146224652464376        3985102.7316611102        295.54272204541036        6.5367991939528238       0.44509039963640018                0           0   1180.4752786595950        1.7952874583487142E-003  0.50000000000000000              764  0.28015396194433195                0
          29          30   9.2064989403419284E-002   3.8673592252436655E-002  -4.8326417632826574E-005  0.98790084533106615        4595724.3541263249        274.56410217347485        6.0348716085278138       0.83299754301396989                0           0   1023.6286807368981        1.6733196375634911E-003  0.25000000000000000              732  0.51034237568419105                0
         405         406   8.7236661288412828E-002   5.5735761705262711E-002  -1.4072219982536795E-005  0.99445045527554632        44632234.652881853        1287.6258805654079        9.8865237021328731       0.68736583098972037                0           0   105.40174145954420        7.8733128566099032E-003  0.50000000000000000             1108   1.2956697580632237                0
          45          46   8.6894120985331738E-002   8.6164685909330241E-002  -8.2040856412477007E-005  0.98387083180607882        5506893.1944410549        340.10174038637848        7.2141726505854962       0.64836287712447838                0           0   854.25939664011355        2.0685513436049150E-003  0.50000000000000000              748  0.47188003530686023                0
         161         162   9.3309048906446132E-002   9.2827486138433946E-002  -9.1370237467967369E-005  0.98843949524561958        5621430.0892064003        353.27665093990981        6.8566988711340118       0.46714575127953784                0           0   836.85382242455137        1.9659661574577890E-003   2.9101064225014766E-005         864  0.12594606563799227                0
         289         290  0.10428359770713377        2.3242149003040714E-002  -2.7029318516774528E-005  0.98098914426552331        6248216.6094734725        334.17697747511897        17.673026272189585       0.16273272835707656                0           0   752.90527708532636        8.5277856428634757E-004   7.4229236248664354E-004         992  -4.6568333672781945E-002           0
         115         116   9.5073144526220191E-002   4.6025486525321645E-002  -4.6726263478262970E-005  0.98361077625756288        6339435.9430684811        348.99124241529205        13.234093334324358       0.48553547004123382                0           0   742.07158174513086        2.1223306805025111E-003  0.25000000000000000              818  0.16990664538100911                0
         223         224  0.13901763968801717        6.0776114313866474E-002  -7.7059005432945660E-005  0.98945978678959812        6749124.4630018240        408.60039056476302        4.2935387906182978       0.32624011324814911                0           0   697.02600440004517        8.2395224209746184E-004   1.4473431380219168E-004         926  0.10014741693775191                0
         199         200  0.11230093762090229        4.7925291740752780E-002  -4.9845320530023470E-005  0.98557578802919299        7365259.5215128316        402.38621163417127        9.2713327101125742       0.40096972742632941                0           0   638.71683596540686        2.4494184751019071E-003  0.50000000000000000              902  0.76407622691932497                0
         373         374  0.15845034820673778       0.15233439132851201       -1.7085688351595898E-004  0.97952283327832412        7914571.4595798375        526.47531751283123        3.9864476499125310       0.40142885340028006                0           0   594.38660471637240        2.8954469097724339E-003   5.4527046050647150E-005        1076  0.10742679235154992                0
          69          70  0.10464422723177559       0.10349050793134676       -8.6377732787562200E-005  0.98042651398566583        8085705.8082159301        467.23280664956275        12.543133928031276       0.16631028035097645                0           0   581.80638391081243        2.8368343572848856E-003  0.50000000000000000              772 -0.16232331291210714                0
          51          52  0.11606384615255892        9.5064690585184505E-002  -1.2276543213329298E-004  0.98205345115529663        4872545.5793825211        334.93415447263214        5.1289597325525111       0.45499596502710177                0           0   965.47383313362923        1.9892380511386115E-004  0.50000000000000000              754   6.4392859070856331E-002           0
         267         268  0.11152016154947933        1.9237634443879208E-002  -2.0555813641109967E-005  0.97570980917168615        7748024.9764412185        388.94636960409571        2.5388284845405633       0.54601234339463400                0           0   607.16315086086934        4.8491296234802499E-004   5.2764713535680542E-004         970  0.15279825931530427                0
         367         368  0.20322917187314732       0.17631903439505672       -1.9839350632879258E-004  0.98268541147563571        10353148.584097231        673.09618534848812        13.404212491402031       0.52344949787401074                0           0   454.38498437767453        1.8750773640716068E-003   3.2444293364974750E-004        1070   1.5336753258041467                0
         305         306   8.5255713978393793E-002   1.6586699482616780E-002  -1.1931200371230782E-005  0.97557216214542408        10624387.113807641        441.69112072417624        11.655684539669686       0.25118157167015615                0           0   442.78462439785847        2.6751951435917505E-003  0.50000000000000000             1008   7.7484441659882303E-002           0
         325         326  0.14296285691723640        1.8018411898666035E-002  -1.7591034512000332E-005  0.98525910189351285        11605238.715074902        545.71725305743564        8.3013684589313321       0.38266689463456416                0           0   405.36135215676182        1.9976652747874619E-004  0.50000000000000000             1028   2.6753774563241114E-002           0
         119         120  0.12744757891135747        8.2887871857059842E-002  -6.3848789170769046E-005  0.98269985033698937        12193204.574003790        616.57973866081329        10.027876916245468       0.25314022578800205                0           0   385.81451078697370        3.7479255214838184E-003  0.50000000000000000              822   6.8164211289808568E-002           0
         133         134  0.13034205300579016        4.8697333779162973E-002  -3.8327344547426147E-005  0.98105128731511193        13234771.672924014        617.16366060007749        5.3496046956381429       0.49268844959483882                0           0   355.45118373813386        3.2202995236821946E-003   6.1393792199666603E-004         836  0.21070055350677055                0
          17          18   8.8310858010865509E-002   3.6165089814597706E-002  -2.2321003472730643E-005  0.98140412768925933        12747100.610456508        533.22349031307033        9.3907241291996115       0.35775380880965324                0           0   369.04982563531280        3.2391129273980847E-003  0.50000000000000000              720  -4.3166321153327053E-002           0
         275         276  0.13196141201412448        6.9014568623332620E-002  -4.7733966139219387E-005  0.97886360280411855        15446762.422818238        711.01628369912476        9.7224836574417868       0.42426064374563593                0           0   304.55024353164544        4.2319084452186453E-003   6.5808371269596351E-004         978  0.37034857361637841                0
         221         222  0.10685030920939192        6.9974509155263417E-002  -3.1626605228102964E-005  0.98461545077703605        22713926.596494745        881.01317376175132        13.112811362211140       0.21420857727806933                0           0   207.11149336771834        2.3248213286081133E-003   3.2601724546570976E-005         924 -0.19860386929494872                0
         157         158  0.17882018552997023        8.7937108552675433E-002  -4.2075844814168281E-005  0.98507010065203615        36757409.279278740        1392.7565644238430        5.5829995232926306       0.37106433228403823                0           0   127.98277544268407        8.1684532506022534E-003   3.9672915996680409E-004         860   5.8838444456135591E-003           0
         145         146  0.11284151051838727        7.1741434973604884E-002  -2.4259736549671697E-005  0.99379582547324941        37282304.366990529        1243.5756394828425        10.694156202267372       0.41402018840058041                0           0   126.18091444502899        7.2073803650346746E-003   2.2534409090516256E-004         848  0.14781109603712422                0
         399         400  0.17014458503807270        6.6018282057290864E-002  -2.6984134017921294E-005  0.99072577345425705        45922362.327649519        1551.2907457483730        11.728644941360370       0.22191310817529036                0           0   102.44061975906514        5.0230939033180377E-003   8.3614411682014029E-005        1102 -0.12819462976057502                0
         265         266   8.4095384718170976E-002   3.6296916915751078E-002  -2.5179282722997751E-005  0.98201215583810664        10108057.114724746        451.77051264063834        2.9326645517706531       0.51737038576218242                0           0   465.40252041035950        1.8253627902540113E-004   3.9477263888516502E-005         968  0.21586929622906254                0
