 122 258   1   452 101   0      0.3   0.46   4.88  5.704     0.0  -0.2385   0.0000
  -1.208671   0.000000   0.287028   0.062472  -0.571267   0.053723   0.000000   0.000000   0.000000   0.000000
   0.00000   0.00000   0.15019   0.03405   0.00000  -1.20867   0.00000   0.00000  -0.92164   0.77512   0.20854   0.00000   0.00000
 NAME(I1)    NAME(I2)    M1[M*]                    M2[M*]                    EB[NB]                    ECC                       P[Days]                   SEMI[AU]                  RI[PC]                    VI[km/s]                  K*(I1)      K*(I2)      ZN[NB]                    RP[NB]                    STEP(I1)[NB]              NAME(ICM)                 ECM[NB]                   K*(ICM)      
           3           4   8.7970317491499028E-002   4.9196061553816367E-002  -9.2897646351125171E-004  0.98018963898304645        71340.815372945974        17.361255191394889        7.6139236171130582       0.17539797845572577                0           0   65941.428242054317        1.0539810829294615E-004  0.25000000000000000              706  0.11270619340002502                0
          57          58   8.8793517676333700E-002   7.4789808565780366E-002  -1.3944536633748324E-003  0.99288618157622466        67519.482439442989        17.747571380570307        14.013353364874218       0.57485417208257561                0           0   69673.449613065080        1.0843421479498632E-004  0.50000000000000000              760   1.1544608316267131                0
          59          60  0.52934127945164156       0.11516011942956719       -3.1001072744619322E-002  0.99635260950274573        9025.0375450904266        7.3279160146024838        17.633647918827528       0.79724309020936812                0           0   521251.59969045070        4.4850020571511419E-005  0.25000000000000000              762   1.4517419598009944                0
          63          64  0.11284127030153632        5.3401276685359052E-002  -1.4468849236327175E-003  0.97984293960292113        54774.265105649982        15.520472950299069        11.999724936529800       0.39553134410967083                0           0   85885.502043175962        9.4206442072616631E-005  0.25000000000000000              766  0.23324986431810948                0
          83          84  0.10272953417562042        4.1373672231505683E-002  -1.2819188696754095E-003  0.97370419826673227        41789.837138321200        12.356008093958177        13.997799788186823       0.34979351606206194                0           0   112570.79662870750        7.4766174595093939E-005  0.50000000000000000              786  0.23224848827729017                0
          87          88  0.10306885414503236        3.0345968261083246E-002  -4.1821248241819420E-003  0.98428134930470224        4652.7998571211401        2.7870887101701558        15.224771566162708       0.29837185122301241                0           0   1011071.9141389197        1.6955045282497800E-005  0.25000000000000000              790   8.8432176956193820E-002           0
         105         106  0.12790761581087476        8.1406408734692293E-002  -3.3640542461646258E-002  0.96974758674909145        989.02684361157492        1.1534833915785283        18.413751093294916       0.33738595798907783                0           0   4756509.1767037120        6.9657331703446991E-006  0.25000000000000000              808  0.11608340152296909                0
         131         132   8.4797441590329786E-002   6.4637458177469395E-002  -7.7121942017657882E-004  0.98912831439601701        128788.41655396212        26.485513546867381        7.8191926703839929       0.46159643469209705                0           0   36527.471829531067        1.6151620773559698E-004  0.25000000000000000              834  0.12354010117273813                0
         137         138  0.13717930409073115       0.13193897190263901       -4.0334545728335997E-003  0.97817964388784162        48147.574536657077        16.722602131164937        11.796541392376108       0.16052583132718143                0           0   97706.173216745112        1.0141787278782275E-004  0.25000000000000000              840  0.66840670214841691                0
         167         168  0.11739175763496201        6.6852661947444644E-002  -1.3371095085191684E-003  0.97921691183512483        87047.450602289726        21.873015901955345        12.753516284269404       0.67173829384130757                0           0   54043.113555826756        1.3272323952673876E-004  0.25000000000000000              870  0.41894640468198235                0
         177         178  0.17518944591650459       0.15841447355487015       -4.8844045916293037E-002  0.97081544669269548        1948.4551180766894        2.1174370246531056        3.7323433645309354       0.80592914035144669                0           0   2414382.1502485364        1.2793853451865820E-005  0.25000000000000000              880  0.51028775484709743                0
         181         182  0.16494482085752635        4.8117280213717237E-002  -2.2342341753636167E-003  0.98308070947828008        38113.841390388654        13.238244572811659        5.1946164198799174       0.30660029606868233                0           0   123428.00111539195        8.0485139620415977E-005  0.25000000000000000              884   5.3127627072349456E-002           0
         193         194  0.13607741833753259        1.4509867592654014E-002  -3.3139095177587647E-004  0.98026160729439438        98477.807758994706        22.203845682541278        15.660301228055763       0.69568796112112141                0           0   47770.308506030713        1.3480179630591914E-004  0.25000000000000000              896   1.1986129741189613                0
         195         196  0.23980714281985319       0.16746154432118399       -1.7866781603804005E-002  0.96643523058497638        13874.745800257982        8.3762612435180923        11.075171908980634       0.97946411256445465                0           0   339055.96004197007        5.0498069052990366E-005  0.25000000000000000              898  0.74730340600902434                0
         207         208   9.9440827635248155E-002   5.0100703362626467E-002  -8.7683211256005204E-003  0.98112175417415370        2910.2243960466299        2.1174416066239212        3.8969073249975921       0.74729731257413989                0           0   1616478.5313583727        1.2860786271453537E-005  0.25000000000000000              910  0.45590149252018114                0
         225         226  0.11258739991983015        4.7810171057872303E-002  -9.4939383745014589E-004  0.98185672257896206        88575.957032427817        21.129198100363176        15.899608467743915       0.60260520963076869                0           0   53110.521356517827        1.2838083044770557E-004  0.25000000000000000              928   1.1143954524197091                0
         235         236   9.9158490776633662E-002   3.5661683213779022E-002  -5.1301121046354124E-003  0.96614283730650707        4095.4263718306088        2.5687641194955386        7.0267701040794766       0.29139585923811417                0           0   1148675.3345151674        1.5484037106406675E-005  0.25000000000000000              938  0.12743113757055802                0
         239         240   8.3253089810449737E-002   5.9845060969569666E-002  -7.4110620056441019E-004  0.97866503909393976        121080.59857328323        25.053451414275163        15.849117448052802       0.46655510392022520                0           0   38852.758518512826        1.5197941044801133E-004  0.25000000000000000              942  0.14851793118733461                0
         247         248  0.12867704596478571        5.6124925773135610E-002  -4.8755267774440045E-002  0.97148621675522984        348.47281385192167       0.55201979559906922        18.806408354072392       0.62376458228296128                0           0   13499805.639483234        3.3365167437779866E-006  0.25000000000000000              950  0.54680269429544581                0
         249         250   8.3325272192247987E-002   6.4931060179189190E-002  -5.9417119074347373E-003  0.97581540753508467        5929.7866670524481        3.3934150410168407        16.258857109578535       0.53070450472562958                0           0   793336.34104971308        2.0555510157367267E-005  0.50000000000000000              952   1.3354243480536856                0
         271         272  0.13618545113931463       0.10282415591629936       -1.7643068358636144E-003  0.98806680624688603        120181.93023047518        29.578155387187675        6.6764862658479700       0.50604622084359496                0           0   39143.282593508091        1.8027976026539725E-004  0.25000000000000000              974   8.5758108395962346E-002           0
         287         288   8.8414603939471620E-002   4.2704642040310346E-002  -5.8515194294090581E-004  0.98093659039144399        118941.02246670357        24.046383900145148        3.0535467595204207       0.61657826901912383                0           0   39551.663169548527        1.4603779329379048E-004  0.25000000000000000              990  0.21459913963100502                0
         291         292  0.10251315781699964        2.9651563345757474E-002  -1.1831110334550475E-003  0.98075559013170377        29765.556837160901        9.5746088155111213        9.1034335187008377       0.59160855266361567                0           0   158045.59892431262        5.8142920318824777E-005   6.2500000000000000E-002         994  0.24132731649896058                0
         303         304  0.77980953382043972       0.33783563817501155       -5.2382472905160467E-002  0.97671789874474535        28033.625192942258        18.742492285908785        5.9366164274304083       0.63511207727299368                0           0   167809.73653129677        1.1358394461059082E-004  0.25000000000000000             1006  0.23066467982824992                0
         311         312  0.16827131513595273       0.11782564957455051       -9.1314488263872420E-003  0.97485864189666582        15717.300866973132        8.0915100549741776        14.432751499939247       0.18093895281859462                0           0   299308.08714936365        4.8990345746074786E-005  0.25000000000000000             1014 -0.14208554269792378                0
         321         322  0.12252965187021556        4.0765808550071510E-002  -1.0952504619379879E-003  0.97557453106160041        63331.226025514967        16.995860241612995        16.550053390996755       0.46506864871221520                0           0   74281.133539866772        1.0293936416602254E-004  0.50000000000000000             1024  0.78531033615869283                0
         323         324  0.13577855073708561        2.1714876777924844E-002  -1.0672784058174505E-003  0.97737634574565457        30402.145619620234        10.295090097572151        11.945954501718260       0.59467688471090041                0           0   154736.29119810546        6.2411468000077191E-005  0.25000000000000000             1026  0.38852036315133603                0
         337         338  0.14234346256931027        4.8688670540606271E-002  -2.7220309402593351E-003  0.98436219341894415        24424.438780536861        9.4883723855236379        16.224953668409494       0.48637902046618792                0           0   192606.89262565569        5.7724153992768256E-005  0.50000000000000000             1040   1.5594529651032727                0
         357         358   7.9717634398698847E-002   3.5168480550120958E-002  -1.1543449013877967E-003  0.99034897964864510        29342.295402160125        9.0508997532508531        13.619508649385853       0.51014079603799667                0           0   160325.40035359471        5.5228836842580753E-005  0.25000000000000000             1060  0.89733827788587728                0
         363         364   8.0030474895858961E-002   2.5241398542184282E-002  -3.2505135387658957E-004  0.96900162088983910        125469.53716214608        23.159872534501439        9.8665569702518674       0.68337913491258528                0           0   37493.684634903126        1.3980643129274424E-004  0.25000000000000000             1066  0.47827549581753293                0
         371         372   9.0756420354949963E-002   8.9399293653254358E-002  -1.4941626717007766E-003  0.97790038526241019        78336.750524128642        20.236383406048532        7.9343900310171760       0.39061991838181159                0           0   60052.468683849453        1.2271064128272370E-004  0.25000000000000000             1074  0.20493954008593684                0
         383         384   9.3433970454860987E-002   6.5975786712685114E-002  -2.9999592269293533E-003  0.97176827062077331        19385.313257799193        7.6576121486429507        12.311862918795070       0.53432588623637745                0           0   242674.19334851863        4.6290742961604388E-005  0.25000000000000000             1086  0.51720416853478923                0
         395         396  0.10118924464727580        7.2387835402996439E-002  -4.0679476328368365E-003  0.98184110250843104        15239.121285685993        6.7103307468978812        7.2621718541537472       0.47329234672845877                0           0   308699.90266850201        4.0771591993552411E-005  0.25000000000000000             1098   5.8138259868315965E-002           0
         401         402  0.11008182267075275        8.1520559788653676E-002  -2.1754919003101718E-003  0.98946501741247106        50292.904508829961        15.372504553420699        9.3841247836359685       0.47957444067215016                0           0   93538.349069078395        9.3761781152373525E-005  0.25000000000000000             1104  0.16295785063196566                0
         219         220   5.9461379470541447        2.5291364086335988      -0.75299076982192070       0.98221912150944157        80559.862777643633        74.428097414589246        9.4072324702437502       0.26098350180594282                0           0   58395.273967004177        4.5230718866207646E-004  0.25000000000000000              922  0.17519229356546684                0
         159         160  0.52009082554844766       0.13749382338007102       -6.8562166579241961E-003  0.98252657550525302        109146.58921206869        38.868446659729038        4.8262392754085601       0.56700323809515019                0           0   43100.891119047374        2.3624417772278330E-004  0.25000000000000000              862  0.23237822781584472                0
           1           2   2.0244841138268650       0.61000484406818434       -7.0741485713423660E-002  0.98738152934187551        118081.33591071346        65.056817812538299        14.091811802137165       0.45808342631434673                0           0   39839.617509086311        3.9638661146352313E-004  0.25000000000000000              704  0.10274323927831350                0
         283         284  0.18094602805437388        8.1870494517192083E-002  -1.6064068193646895E-003  0.97697797871714775        143540.44546752289        34.366892541613126        5.2173417481314406       0.30681491596667720                0           0   32773.447527785116        2.0829891525217590E-004  0.25000000000000000              986  -4.3933383363388548E-002           0
         185         186  0.24628085064239766        6.9358336926096664E-002  -1.8551080494142963E-003  0.99057546901522908        130681.44545928008        34.314639623851313        10.007820906922818       0.57174803383333384                0           0   35998.341165507023        2.0941269287605858E-004  0.25000000000000000              888  0.25165706531961513                0
         191         192  0.17819880543248182        5.0730547014061628E-002  -8.9966543292994278E-004  0.98450778698896024        174927.64032278312        37.446621017460309        15.704372423081439       0.61914711821632118                0           0   26892.921261409472        2.2782970840593575E-004  0.25000000000000000              894  0.50378948730072870                0
          71          72  0.16939743337267674        2.6319217633798585E-002  -4.7647967898261517E-004  0.96976219828091648        170003.73667627125        34.870225322542275        10.019830491416728       0.26363597321859827                0           0   27671.834452691655        1.5082883319385277E-004  0.25000000000000000              774 -0.14203596175410449                0
          53          54  0.10539273585624893        8.3691576402142989E-002  -9.4861616487088496E-004  0.98840746126056767        171334.30925667207        34.651436372167325        12.237252575148840       0.31390407542665100                0           0   27456.936547351612        2.1096666920612941E-004  0.25000000000000000              756 -0.16849930672484642                0
         245         246  0.10614450888457336        7.9534736728126665E-002  -8.8338078697462622E-004  0.97533507163214717        180155.36208468804        35.614411017835778        12.265585456010902       0.24302309314511139                0           0   26112.546433302068        2.1568078356416255E-004  0.25000000000000000              948  0.14732970319469002                0
         331         332  0.12214104311112879        9.8521910482032543E-002  -1.1537755047203683E-003  0.97154055198387024        188414.45473505274        38.868024797675822        13.704517381710128       0.30023423947699551                0           0   24967.910579153504        2.3493249830021899E-004  0.25000000000000000             1034   2.8764583795348353E-002           0
         203         204  0.10958957416913398        5.6611292613942377E-002  -6.2817234305771752E-004  0.98494187057407623        200051.97130642890        36.805509599966030        13.043316882850636       0.17536520525235930                0           0   23515.465640870621        1.6988547057778460E-004  0.25000000000000000              906 -0.19211276641814209                0
          21          22  0.17137201111473407        1.8580527211685235E-002  -2.8964617018065918E-004  0.97725619083110171        219756.57682243298        40.968444197440832        7.7665959198997809       0.25616183165100748                0           0   21406.937283364805        1.8343950172520064E-004  0.25000000000000000              724   9.8868290618013804E-002           0
         369         370  0.35577330781196675       0.28758888866695975       -6.5923629871082615E-003  0.96841922705639494        200307.85819162280        57.839387851881206        17.321808820448840       0.49770621641904073                0           0   23485.425385280789        3.4904883910831302E-004  0.25000000000000000             1072   1.6905346474149106                0
          77          78   9.3430964505624117E-002   2.0354482771848002E-002  -1.6334883162896549E-004  0.97425183352183942        309441.22681298596        43.386459025179242        13.667857889941432       0.51435477881097491                0           0   15202.613129787858        1.8457846561722538E-004  0.25000000000000000              780  0.92575743134846500                0
         315         316  0.30834333591613694       0.21242803698149326       -3.5544000840579989E-003  0.96932722246065328        288048.63087816222        68.675120176768687        9.9915138318795407       0.38077098784665508                0           0   16331.670257563481        4.1463143421502049E-004  0.25000000000000000             1018  0.23288523386340704                0
          89          90  0.20842321107894346       0.10223825271363279       -1.3435582502014560E-003  0.98702482580270168        297769.38109927031        59.104743533761280        7.1827270112281729       0.77774610580959258                0           0   15798.519109916271        3.6005640583131949E-004  0.25000000000000000              792  0.43048888197480800                0
         155         156  0.50373356431637750       0.18870347651975347       -4.6345267489272665E-003  0.98128177235206437        293320.33962033020        76.435433608783669        11.616170706637870       0.66545785448113959                0           0   16038.148816184937        4.6428632181207922E-004  0.25000000000000000              858  0.41824638345421483                0
         187         188  0.16652052450678573        4.4390738220572948E-002  -5.1200105471243477E-004  0.98740860044556455        313872.49940009229        53.803263366689940        6.8688512106623394       0.68082507708630757                0           0   14987.981637882163        1.5401396217716847E-004  0.25000000000000000              890  0.30664426776044812                0
         255         256   8.3811449474318997E-002   3.0344259974373743E-002  -1.9498774621546684E-004  0.99476358635673934        366335.73421504453        48.606227887337262        11.167630174302358       0.47574577952825686                0           0   12841.540746017587        1.7373772739312873E-004  0.25000000000000000              958  0.28467439372690512                0
          93          94   8.5361728603296438E-002   7.1347741082274679E-002  -4.1080252103106030E-004  0.97812880800934654        378910.90214675880        55.249666982163497        12.980539586035524       0.36985583318275700                0           0   12415.359998859836        1.7179347800011020E-004  0.25000000000000000              796  0.39359244446192976                0
          95          96  0.62290701776509083        9.1312241257938784E-002  -2.4694096080854805E-003  0.98231766593052106        343709.93801822281        85.837770475221120        10.413873582127311       0.54199768503135359                0           0   13686.875872048102        5.1565686190832094E-004   1.1378664410177549E-004         798  0.36013156155663456                0
          67          68  0.52597586808430075       0.46375414949012228       -9.5351984985231255E-003  0.98266064699714351        341740.68956755206        95.332992401100725        16.780283767932847       0.38695504367846378                0           0   13765.745201713413        5.7947742737167690E-004  0.25000000000000000              770  0.11796481190757202                0
         213         214   8.6717284611907239E-002   1.7710005955573944E-002  -1.1427078035879827E-004  0.98213695314694749        400632.33674856107        50.085097135765906        8.0633739798319866       0.37020710327841294                0           0   11742.225542311169        1.5552041722878169E-004  0.25000000000000000              916  0.17915522403248688                0
         313         314  0.11479116130453372        5.7685466757393881E-002  -3.9453446450446250E-004  0.99253727403468150        435049.79924732697        62.547398305763593        4.7614137531165444       0.38222637360647421                0           0   10813.279918261374        1.7042172232509015E-004  0.25000000000000000             1016   9.2562610394803083E-002           0
         365         366  0.29906545429998188       0.27572229150032296       -3.4223050706489746E-003  0.97703614846779008        409915.73603235272        89.792227251814452        13.470804744322963       0.28773429282815316                0           0   11476.298283102440        5.4424978456707430E-004  0.25000000000000000             1068 -0.23249042046702370                0
         201         202  0.41909726131645580       0.36316033186407948       -5.4401348907038797E-003  0.97784193266974673        439642.50440806977        104.26124217537117        13.421141167605313       0.39194727035905513                0           0   10700.319487940789        6.3220712582260643E-004  0.25000000000000000              904   4.8053918710327138E-002           0
         171         172  0.11855449161888632       0.10910379859810015       -6.3808363105355751E-004  0.99690688946593098        502629.43037454027        75.543937317710842        2.8315473087658840       0.23082138263807928                0           0   9359.4106778413025        1.6222029374787257E-004  0.25000000000000000              874  -8.1659019325063670E-002           0
         347         348  0.19457293008789711        9.8264029982305379E-002  -8.4213227326918961E-004  0.97623178622328566        525292.62380639045        84.608893442837001        5.7277716600762227       0.44614944509003046                0           0   8955.6088253366652        5.1262384884362530E-004   6.2500000000000000E-002        1050  0.17544939495531559                0
         343         344   9.9716206803828866E-002   3.9838043689421537E-002  -1.9541286924161294E-004  0.98547806040898511        644708.77578794607        75.758248904357316        17.350084174212718       0.67625426856009829                0           0   7296.8066114739531        4.6110969753691106E-004  0.25000000000000000             1046   1.8178221599445230                0
          55          56   8.3915877860446200E-002   1.7498204653530233E-002  -7.7740196882517218E-005  0.96898154446861051        677342.13462491788        70.390059717499767        13.573119739823417       0.14671227530308728                0           0   6945.2570823012566        1.8325936041652929E-004  0.25000000000000000              758 -0.19798157412849945                0
          99         100  0.11123848720615616        3.9011678252708890E-002  -1.9764343022701515E-004  0.98119635498491209        697449.45099556562        81.825121918085514        10.528674109327714       0.54328305458381621                0           0   6745.0268272914218        1.9609050585244134E-004  0.25000000000000000              802  0.14350787247775210                0
         391         392  0.13558686976987694        5.7578981684498085E-002  -2.5446740011902898E-004  0.98428057182237338        1015963.8259505472        114.33226250480101        12.577106074591127       0.37657935263245357                0           0   4630.3964151906221        1.9855493643177781E-004  0.25000000000000000             1094  0.14399710481922931                0
         385         386  0.12648191059682606        5.9749107023494945E-002  -2.5030111744847215E-004  0.99192399726360403        1010156.8010307509        112.51654391747591        14.049724208882326       0.28182672293580430                0           0   4657.0148840700185        1.9971473045980897E-004  0.25000000000000000             1088  -1.0701442219094555E-002           0
          41          42  0.11122608390456809        8.6847116325004775E-002  -3.0034655602715249E-004  0.97689552612968544        1076875.4069236529        119.85571002551679        3.6186546796048855       0.81642821125094855                0           0   4368.4861102769009        1.9934720720389158E-004  0.25000000000000000              744  0.51203347444281555                0
         345         346  0.55774375829353751       0.47607345656862060       -4.7923803546830179E-003  0.97923176074338625        1065819.0059203701        206.47940675782556        2.3010431586182571       0.23431557198510847                0           0   4413.8031237137029        1.2529054742208931E-003  0.12500000000000000             1048  -3.0980657121339704E-002           0
          73          74  0.94128231410560004       0.69908498357263338       -1.0547991353088345E-002  0.98595090542721642        1010924.7705775029        232.48741209934116        13.721644145700344       0.46404428434980843                0           0   4653.4770880699325        1.4155097427745917E-003  0.25000000000000000              776  0.32382798199927115                0
         285         286   8.9462339041284894E-002   4.2834040765278178E-002  -1.2838168338598593E-004  0.97556116315563901        1178106.6063545495        111.23605151706303        8.6866619097850499       0.64785853210291910                0           0   3993.1150816660524        1.4410236536712358E-004  0.25000000000000000              988  0.21728009593602227                0
         293         294  0.55382231722128972       0.12326253909399966       -1.3046202120956597E-003  0.97555013427591697        1208714.8768618368        195.00098063437505        13.132296619196863       0.45700980420307080                0           0   3891.9974823661364        1.1809822740092247E-003  0.25000000000000000              996  0.99350058424417953                0
         123         124  0.67985937278035102       0.12376754478802159       -1.4259437356367586E-003  0.97763450747397851        1328700.8239903566        219.90890269502705        10.088024442927159       0.52288919949960577                0           0   3540.5376234484115        1.3330674591925293E-003  0.25000000000000000              826  0.34915442908880101                0
           7           8  0.10772050310063933        1.1526931384030817E-002  -3.7943697728780554E-005  0.99082248886431246        1424470.1409572540        121.95279694780302        9.0575566059519090       0.42946056041906111                0           0   3302.5018372680170        1.6260639909577266E-004  0.25000000000000000              710  -2.5345476702430869E-002           0
         355         356  0.32294731613854971       0.22153041596011064       -1.4146791448691402E-003  0.98835597978780254        1280677.5733209376        188.46314208734015        6.9838051292384797       0.41190137957236767                0           0   3673.3018174480535        1.1488556879049804E-003  0.25000000000000000             1058   6.7074768781954786E-002           0
         117         118  0.40216802461087314       0.11268199431891886       -9.3948131643061938E-004  0.97690707695788359        1226845.1060164988        179.76007936485891        14.801090453564424       0.57522135289704757                0           0   3834.4818221751120        1.0894929361876689E-003  0.25000000000000000              820  0.95959864292169605                0
          85          86   8.0567479673496034E-002   7.0359839832317903E-002  -1.6540594186675728E-004  0.98642166572395873        1357017.8794508749        127.71821781941760        6.6665652897219445       0.29335791452343019                0           0   3466.6567986181526        1.9401392259058692E-004  0.25000000000000000              788  -7.2774891152430188E-002           0
          47          48   9.8900608463481726E-002   3.1153535981132970E-002  -9.0443949087021743E-005  0.96929450295796848        1448762.9164048610        126.95392421516813        16.082249345509684       0.82645778731136943                0           0   3247.1256714098058        1.9207619232510233E-004  0.25000000000000000              750  0.40687136570489557                0
         387         388  0.11696728908539532        8.3148869844046139E-002  -2.2937105121720758E-004  0.98802154306265677        1621815.3435714138        158.01616095200808        7.8957889666935150       0.44046876522288503                0           0   2900.6478920623290        5.6292805910259963E-004   6.2227806093504879E-005        1090  0.20646637223287301                0
         103         104   9.4240900685283069E-002   8.1646476448274677E-002  -1.9581474411928143E-004  0.97430932578693863        1543295.6101144454        146.43699954217337        6.3960982268732129       0.16786731659065796                0           0   3048.2269416265021        8.8618227905427590E-004  0.25000000000000000              806  -4.3528503304360269E-002           0
         215         216   9.9764396033006283E-002   5.7531129034738331E-002  -1.3467170227244636E-004  0.99202500142069505        1843377.2888768672        158.82594977762659        17.503110592702306       0.27201609760093221                0           0   2552.0089056272404        1.9606910170443681E-004  0.25000000000000000              918 -0.28017685379273727                0
          65          66   8.1196656538748205E-002   3.2700733033609646E-002  -6.2627861262289943E-005  0.98184767372588766        2149336.5504112290        157.99647215383459        10.288539653274775       0.55229659067154568                0           0   2188.7290088398181        1.9363885980735446E-004  0.25000000000000000              768  0.14619448442739802                0
          15          16  0.12041882448822794        4.7134796559794988E-002  -1.1370748620294229E-004  0.97825164521118502        2263928.7909641471        186.02285177799217        11.981325744196662       0.56662713500263695                0           0   2077.9431210119114        1.1281688166013199E-003  0.25000000000000000              718  0.22039228860817103                0
         243         244  0.10897784068549871        6.2870305948584129E-002  -1.2688985103554134E-004  0.99345305026723485        2514966.0648626112        201.22235189126619        11.619090783265007       0.34191670837034516                0           0   1870.5283237695505        1.2297376519750148E-003  0.25000000000000000              946   8.9868975135577414E-002           0
          37          38  0.10983277472157330        9.0349772612143470E-002  -1.6313461273031012E-004  0.98167519740275366        2786284.6185355540        226.68993556755197        15.922017502622044       0.58157330696278464                0           0   1688.3828831949368        1.3772225981147541E-003  0.25000000000000000              740  -8.3089839628439688E-002           0
         403         404  0.17519688796893346        3.8994197612049461E-002  -1.0593120184587751E-004  0.98390052862688415        2940507.1985076522        240.33765101284141        13.275076331805087       0.46944006770829683                0           0   1599.8312332077498        4.5824721122695168E-004   4.3576862442725237E-004        1106  0.13079801765599228                0
         127         128  0.41687934908818136       0.27898104023835063       -1.0601324713850049E-003  0.99434194081511351        3619474.9262651657        408.83142482301037        11.663810041422058       0.22851142331357935                0           0   1299.7231237899509        2.4997052625840904E-003  0.25000000000000000              830   2.8456435800254989E-002           0
         217         218   8.1228311512873880E-002   6.5270211912634449E-002  -8.4864059256294254E-005  0.97696892315676265        3390006.8490829859        232.81876606981328        15.270744177319736       0.78486128105553987                0           0   1387.7008121435813        1.4110585494170628E-003  0.25000000000000000              920  0.28225735876679536                0
         175         176   8.2952047495663137E-002   3.6571247402372269E-002  -5.1727599516797237E-005  0.99014069902092794        3413577.6700591105        218.55658452469638        15.282319187657068       0.57104817086981019                0           0   1378.1187107318119        1.1182540567891074E-003   8.9356295213041095E-004         878   3.9584797521483250E-002           0
         143         144  0.25022565110097550       0.15769561095085233       -3.9893226177458845E-004  0.97378367469115990        4047244.7606835263        368.61381757316616        8.1912990972666435       0.62523971548460922                0           0   1162.3500766111972        2.2305190603367172E-003  0.25000000000000000              846  0.20788481358790953                0
          61          62  0.16574606629006447        5.1105325148539382E-002  -1.0680914848388477E-004  0.98146224652464376        3985102.7316611102        295.54272204541036        9.1882852407799813       0.42675461138078014                0           0   1180.4752786595950        1.7952874583487142E-003  0.25000000000000000              764  0.31599321532194613                0
          29          30   9.2064989403419284E-002   3.8673592252436655E-002  -4.8326417632826574E-005  0.98790084533106615        4595724.3541263249        274.56410217347485        6.0614721592301244       0.78526940247530730                0           0   1023.6286807368981        1.6733196375634911E-003  0.25000000000000000              732  0.46444050953643234                0
         237         238  0.17519413512811899        4.8620481183886892E-002  -9.6133046925272949E-005  0.99516489023133436        4632593.2409340926        330.20636827131904        17.777696275895288       0.55414419654661540                0           0   1015.4820449326151        1.9984115928462558E-004  0.25000000000000000              940  0.71368494637635316                0
         147         148  0.31456825641218544       0.25964081492902225       -6.6243600918377415E-004  0.98456015427272825        4747337.3481747657        459.47645601886813        15.661289739243319       0.45681874747172468                0           0   990.93763780099937        1.9668248657376449E-004  0.25000000000000000              850  0.11998280315674967                0
         399         400  0.17014458503807270        6.6018282057290864E-002  -2.6982688844327313E-005  0.99085059296612754        45926051.730570614        1551.3738317756877        10.519471027149560       0.24122108662238206                0           0   102.43239034008538        8.4526382878384859E-003   5.2887278307575719E-005        1102 -0.15272921864960637                0
         281         282   8.0478030877779258E-002   1.6466831233086777E-002  -1.7957717851106334E-005  0.98262598953824898        5350091.1182869291        275.01448482944642        14.614075081399179       0.51837808282299591                0           0   879.29628741557963        1.0194344255762518E-003   9.1121154552749317E-004         984  0.44999550985758097                0
          45          46   8.6894120985331738E-002   8.6164685909330241E-002  -8.2040856412477007E-005  0.98387083180607882        5506893.1944410549        340.10174038637848        9.4791595432823001       0.60273621266625144                0           0   854.25939664011355        2.0685513436049150E-003  0.25000000000000000              748  0.51243570636077007                0
         161         162   9.3309048906446132E-002   9.2827486138433946E-002  -9.1369951539071927E-005  0.98808421444895511        5621456.4763915725        353.27775646750268        7.6178152858126396       0.51173086003421453                0           0   836.84989422251556        2.1311332560382114E-003   9.7747684639846338E-004         864  0.15849406053032000                0
         309         310  0.10545420084030525        5.3264404142991120E-002  -5.7855495593977865E-005  0.98363597107776712        6309425.5400360068        361.80592593708820        13.645270618039328       0.52000100601455501                0           0   745.60120058377254        2.2003001492994592E-003  0.25000000000000000             1012  -2.5463776873841659E-002           0
         189         190  0.11107991559331475        5.1209466390144058E-002  -5.9401457297079668E-005  0.98671314114777653        6112335.9088638304        356.86834591407722        18.321473455701934       0.13799819530060820                0           0   769.64278923590894        2.1736268209196817E-003  0.25000000000000000              892 -0.14495319736552570                0
         289         290  0.10428359770713377        2.3242149003040714E-002  -2.7029433294672018E-005  0.98098545666093173        6248176.8108363897        334.17555842461775        14.714875075838998       0.16551013979613283                0           0   752.91007282091243        1.9973803540596106E-003   5.6167931946887967E-004         992  -5.9341662688702050E-002           0
         115         116   9.5073144526220191E-002   4.6025486525321645E-002  -4.6726263478262970E-005  0.98361077625756288        6339435.9430684811        348.99124241529205        10.773537934046477       0.44147392985034251                0           0   742.07158174513086        2.1223306805025111E-003  0.25000000000000000              818  0.19396001075861902                0
         223         224  0.13901763968801717        6.0776114313866474E-002  -7.7059076946548710E-005  0.98944318607991066        6749115.0678575747        408.60001136886177        8.0504057665904867       0.40086569007212586                0           0   697.02697469908310        2.1732282730962480E-003   4.7768319980143219E-004         926  0.15538162728994334                0
         299         300   9.2079428251349071E-002   8.2023039557947389E-002  -6.9096344227863069E-005  0.98687543852033377        7196674.6507496657        407.34532735544900        17.345290943827436       0.12695214097019028                0           0   653.67902342990078        1.7345581142034550E-003   4.5635900641497466E-004        1002 -0.35683619670074457                0
         199         200  0.11230093762090229        4.7925291740752780E-002  -4.9845320530023470E-005  0.98557578802919299        7365259.5215128316        402.38621163417127        12.902863869047335       0.23881271060895989                0           0   638.71683596540686        2.4494184751019071E-003  0.25000000000000000              902  0.84830681884773584                0
         373         374  0.15845034820673778       0.15233439132851201       -1.7085722852650681E-004  0.97953281325168473        7914547.4868517276        526.47425440570203        6.9463799090540235       0.45791799194425398                0           0   594.38840508063709        3.1951022046410550E-003   5.3191138237655101E-003        1076  0.14004659647447551                0
          69          70  0.10464422723177559       0.10349050793134676       -8.6377732787562200E-005  0.98042651398566583        8085705.8082159301        467.23280664956275        12.311838746195971       0.18327888390871502                0           0   581.80638391081243        2.8368343572848856E-003  0.25000000000000000              772 -0.15160958021184953                0
         267         268  0.11152016154947933        1.9237634443879208E-002  -2.0549626408308886E-005  0.97571036424140922        7751524.4884217642        389.06347644039818        4.7891611286988853       0.52403543226417759                0           0   606.88904030058450        7.8303954217616694E-004   3.5279058499028323E-004         970  0.14390334605728697                0
         183         184  0.10185732075756881        5.4219839429199369E-002  -4.3501451015982200E-005  0.97494810976601298        9514142.4507405069        473.11429266431475        16.730226179543379       0.32335863770832879                0           0   494.45499497210244        2.7868733640050592E-003   7.6016286126507753E-005         886   1.2649853936992013                0
         265         266   8.4095384718170976E-002   3.6296916915751078E-002  -2.5177878601682212E-005  0.98208246778567443        10108902.686539255        451.79570700337899        6.3905167064375545       0.44837515272026068                0           0   465.36359123418060        2.5015015635484620E-003   6.4845384693810874E-004         968  0.24411932332931557                0
         367         368  0.20322917187314732       0.17631903439505672       -1.9839624901368092E-004  0.98271636394026807        10352933.897633854        673.08688027974233        16.755812663373248       0.56138090407376984                0           0   454.39440685697087        3.7538301548807984E-003   2.2832124583524344E-004        1070   1.6118397899744787                0
         305         306   8.5255713978393793E-002   1.6586699482616780E-002  -1.1931200371230782E-005  0.97557216214542408        10624387.113807641        441.69112072417624        14.169847196401747       0.31403272629026774                0           0   442.78462439785847        2.6751951435917505E-003  0.25000000000000000             1008  0.11480011709835437                0
         325         326  0.14296285691723640        1.8018411898666035E-002  -1.7591034512000332E-005  0.98525910189351285        11605238.715074902        545.71725305743564        6.1556687345912042       0.33644250190739144                0           0   405.36135215676182        1.9976652747874619E-004   6.2500000000000000E-002        1028   2.7218008354185565E-002           0
         119         120  0.12744757891135747        8.2887871857059842E-002  -6.3848789170769046E-005  0.98269985033698937        12193204.574003790        616.57973866081329        6.3626867058244629       0.28099902520709635                0           0   385.81451078697370        3.7479255214838184E-003  0.25000000000000000              822   2.5696890983414711E-002           0
         133         134  0.13034205300579016        4.8697333779162973E-002  -3.8327489856526389E-005  0.98106007905319315        13234696.408500953        617.16132077827956        9.5702916042565356       0.39526998906608801                0           0   355.45320515422418        3.4311884351529453E-003   3.1765394253218581E-004         836  0.23891717387016140                0
          17          18   8.8310858010865509E-002   3.6165089814597706E-002  -2.2321003472730643E-005  0.98140412768925933        12747100.610456508        533.22349031307033        10.012196216073436       0.37849244336675947                0           0   369.04982563531280        3.2391129273980847E-003  0.25000000000000000              720  -4.7385062264614794E-002           0
         275         276  0.13196141201412448        6.9014568623332620E-002  -4.7733723577817785E-005  0.97882353143484135        15446880.163259035        711.01989676538926        12.226647753817529       0.41099456462083162                0           0   304.54792216451233        1.5777960894907599E-003   2.0235474086039204E-004         978  0.41907501349754339                0
         221         222  0.10685030920939192        6.9974509155263417E-002  -3.1626624223128785E-005  0.98396496170932524        22713906.133440219        881.01264462314111        11.490164491688693       0.17452080128651698                0           0   207.11167995534259        2.2309388095721173E-003   3.1970313534569239E-005         924 -0.22996964614122584                0
         157         158  0.17882018552997023        8.7937108552675433E-002  -4.2075672380121672E-005  0.98508851503079520        36757635.237711258        1392.7622722031074        7.3669313982352405       0.37382560907324092                0           0   127.98198870036127        6.2534622981626495E-003   1.7355262120229327E-004         860   2.5314321433227188E-002           0
         145         146  0.11284151051838727        7.1741434973604884E-002  -2.4259752606356853E-005  0.99377062631801494        37282267.353208877        1243.5748164034471        13.099840295542874       0.40585557412257312                0           0   126.18103971726021        5.8904292200812874E-003   2.0390234545117716E-004         848  0.16516971974476563                0
         405         406   8.7236661288412828E-002   5.5735761705262711E-002  -1.4072214669994681E-005  0.99445422773214209        44632259.927224331        1287.6263666698965        15.011106294551414       0.59386178771394094                0           0   105.40168177267837        5.5007177027160212E-003   2.2514448115620525E-004        1108   1.3784949711404677                0
          51          52  0.11606384615255892        9.5064690585184505E-002  -1.2275687188472033E-004  0.98218022916085013        4873055.2566963909        334.95751055505536        2.2789272494966255       0.44201804904773384                0           0   965.37285334087881        1.8955545521308066E-003   2.7251597516846447E-005         754   4.8252083955010266E-002           0
