 1011026   1   373 118   0      1.0   7.73   4.63  6.207     0.0  -0.2148   0.0000
  -1.117597   0.000000   0.245556   0.096985  -0.663599   0.060150   0.000000   0.000000   0.000000   0.000000
   0.00000   0.00000   0.13258   0.02861   0.00000  -1.11760   0.00000   0.00000  -0.87204   0.66276   0.19107   0.00000   0.00000
 NAME(I1)    NAME(I2)    M1[M*]                    M2[M*]                    EB[NB]                    ECC                       P[Days]                   SEMI[AU]                  RI[PC]                    VI[km/s]                  K*(I1)      K*(I2)      ZN[NB]                    RP[NB]                    STEP(I1)[NB]              NAME(ICM)                 ECM[NB]                   K*(ICM)      
           3           4   8.7970317491499028E-002   4.9196061553816367E-002  -9.2897646351125171E-004  0.98018963898304645        71340.815372945974        17.361255191394889        5.8668823491381161       0.18165777509052317                0           0   65941.428242054317        1.0539810829294615E-004  0.50000000000000000              706   6.7546201162731842E-002           0
          59          60  0.52934127945164156       0.11516011942956719       -3.1001072744619322E-002  0.99635260950274573        9025.0375450904266        7.3279160146024838        13.757234435922568       0.86542568442089396                0           0   521251.59969045070        4.4850020571511419E-005  0.50000000000000000              762   1.3852064987571087                0
          63          64  0.11284127030153632        5.3401276685359052E-002  -1.4468849236327175E-003  0.97984293960292113        54774.265105649982        15.520472950299069        11.418048963010467       0.36871078482484854                0           0   85885.502043175962        9.4206442072616631E-005  0.25000000000000000              766  0.19072595900230210                0
          83          84  0.10272953417562042        4.1373672231505683E-002  -1.2819188696754095E-003  0.97370419826673227        41789.837138321200        12.356008093958177        15.074067845586198       0.38335649983810061                0           0   112570.79662870750        7.4766174595093939E-005  0.50000000000000000              786  0.30869612917633205                0
         131         132   8.4797441590329786E-002   6.4637458177469395E-002  -7.7121942017657882E-004  0.98912831439601701        128788.41655396212        26.485513546867381        8.2559155081659483       0.44428145244809647                0           0   36527.471829531067        1.6151620773559698E-004   3.1250000000000000E-002         834  0.10101324096967144                0
         137         138  0.13717930409073115       0.13193897190263901       -4.0334545728335997E-003  0.97817964388784162        48147.574536657077        16.722602131164937        8.1594357455449806       0.24376782752636544                0           0   97706.173216745112        1.0141787278782275E-004  0.50000000000000000              840  0.59654853858912815                0
         167         168  0.11739175763496201        6.6852661947444644E-002  -1.3371095085191684E-003  0.97921691183512483        87047.450602289726        21.873015901955345        12.233708078987613       0.69161340393674386                0           0   54043.113555826756        1.3272323952673876E-004  0.50000000000000000              870  0.41160917575829309                0
         177         178  0.17518944591650459       0.15841447355487015       -4.8844045916293037E-002  0.97081544669269548        1948.4551180766894        2.1174370246531056        2.4787191538007445       0.79733579116006825                0           0   2414382.1502485364        1.2793853451865820E-005  0.25000000000000000              880  0.48025140384447790                0
         181         182  0.16494482085752635        4.8117280213717237E-002  -2.2342341753636167E-003  0.98308070947828008        38113.841390388654        13.238244572811659        4.6974295880813797       0.32773954065092942                0           0   123428.00111539195        8.0485139620415977E-005  0.50000000000000000              884   3.2924342413745020E-002           0
         193         194  0.13607741833753259        1.4509867592654014E-002  -3.3139095177587647E-004  0.98026160729439438        98477.807758994706        22.203845682541278        13.775788608653370       0.73842508302054433                0           0   47770.308506030713        1.3480179630591914E-004  0.50000000000000000              896   1.0912948621008054                0
         195         196  0.23980714281985319       0.16746154432118399       -1.7866781603804005E-002  0.96643523058497638        13874.745800257982        8.3762612435180923        12.722012465687301        1.0067251964465047                0           0   339055.96004197007        5.0498069052990366E-005  0.50000000000000000              898  0.78677129479048846                0
         207         208   9.9440827635248155E-002   5.0100703362626467E-002  -8.7683211256005204E-003  0.98112175417415370        2910.2243960466299        2.1174416066239212        1.4274384957288182       0.73903254565944809                0           0   1616478.5313583727        1.2860786271453537E-005  0.25000000000000000              910  0.45280790910831964                0
         225         226  0.11258739991983015        4.7810171057872303E-002  -9.4939383745014589E-004  0.98185672257896206        88575.957032427817        21.129198100363176        13.946377734112275       0.67103214372400954                0           0   53110.521356517827        1.2838083044770557E-004  0.50000000000000000              928   1.0229752909527763                0
         235         236   9.9158490776633662E-002   3.5661683213779022E-002  -5.1301121046354124E-003  0.96614283730650707        4095.4263718306088        2.5687641194955386        5.0074539729135132       0.30356011352286733                0           0   1148675.3345151674        1.5484037106406675E-005  0.50000000000000000              938   8.2906221393157953E-002           0
         249         250   8.3325272192247987E-002   6.4931060179189190E-002  -5.9417119074347373E-003  0.97581540753508467        5929.7866670524481        3.3934150410168407        14.591713788789864       0.45718095898354993                0           0   793336.34104971308        2.0555510157367267E-005  0.50000000000000000              952   1.2420347727592260                0
         271         272  0.13618545113931463       0.10282415591629936       -1.7643068358636144E-003  0.98806680624688603        120181.93023047518        29.578155387187675        5.3699175770617602       0.49530483987132146                0           0   39143.282593508091        1.8027976026539725E-004  0.50000000000000000              974   9.2354936985508285E-002           0
         287         288   8.8414603939471620E-002   4.2704642040310346E-002  -5.8515194294090581E-004  0.98093659039144399        118941.02246670357        24.046383900145148        3.8139194517512736       0.60132433678399910                0           0   39551.663169548527        1.4603779329379048E-004  0.50000000000000000              990  0.19841441064744331                0
         291         292  0.10251315781699964        2.9651563345757474E-002  -1.1831110334550475E-003  0.98075559013170377        29765.556837160901        9.5746088155111213        9.5186531592856074       0.58832483879875508                0           0   158045.59892431262        5.8142920318824777E-005   6.2500000000000000E-002         994  0.23399041168254450                0
         303         304  0.77980953382043972       0.33783563817501155       -5.2382472905160467E-002  0.97671789874474535        28033.625192942258        18.742492285908785        7.0426183122263062       0.63619125302839674                0           0   167809.73653129677        1.1358394461059082E-004  0.50000000000000000             1006  0.23441002160980898                0
         311         312  0.16827131513595273       0.11782564957455051       -9.1314488263872420E-003  0.97485864189666582        15717.300866973132        8.0915100549741776        14.098836777671226       0.16762228612941776                0           0   299308.08714936365        4.8990345746074786E-005  0.50000000000000000             1014 -0.12828121863351380                0
         321         322  0.12252965187021556        4.0765808550071510E-002  -1.0952504619379879E-003  0.97557453106160041        63331.226025514967        16.995860241612995        15.554486250833136       0.43024757383882728                0           0   74281.133539866772        1.0293936416602254E-004  0.50000000000000000             1024  0.71944360677804120                0
         323         324  0.13577855073708561        2.1714876777924844E-002  -1.0672784058174505E-003  0.97737634574565457        30402.145619620234        10.295090097572151        12.262316390037810       0.63824062515223545                0           0   154736.29119810546        6.2411468000077191E-005  0.50000000000000000             1026  0.36419766397671055                0
         337         338  0.14234346256931027        4.8688670540606271E-002  -2.7220309402593351E-003  0.98436219341894415        24424.438780536861        9.4883723855236379        13.112132465626182       0.42305185189200151                0           0   192606.89262565569        5.7724153992768256E-005  0.50000000000000000             1040   1.4565843942800778                0
         363         364   8.0030474895858961E-002   2.5241398542184282E-002  -3.2505135387658957E-004  0.96900162088983910        125469.53716214608        23.159872534501439        13.043783025306169       0.70112518563216941                0           0   37493.684634903126        1.3980643129274424E-004  0.50000000000000000             1066  0.54583405482900593                0
         371         372   9.0756420354949963E-002   8.9399293653254358E-002  -1.4941626717007766E-003  0.97790038526241019        78336.750524128642        20.236383406048532        10.868031885702703       0.43994330630912409                0           0   60052.468683849453        1.2271064128272370E-004  0.50000000000000000             1074  0.26722705717838136                0
         383         384   9.3433970454860987E-002   6.5975786712685114E-002  -2.9999592269293533E-003  0.97176827062077331        19385.313257799193        7.6576121486429507        11.895387817981550       0.49571960636938894                0           0   242674.19334851863        4.6290742961604388E-005  0.50000000000000000             1086  0.46793649183022112                0
         395         396  0.10118924464727580        7.2387835402996439E-002  -4.0679476328368365E-003  0.98184110250843104        15239.121285685993        6.7103307468978812        9.2292508985128769       0.49089443840230185                0           0   308699.90266850201        4.0771591993552411E-005  0.50000000000000000             1098   6.3169716162958217E-002           0
         401         402  0.11008182267075275        8.1520559788653676E-002  -2.1754919003101718E-003  0.98946501741247106        50292.904508829961        15.372504553420699        9.5012162507147302       0.44678809955955512                0           0   93538.349069078395        9.3761781152373525E-005  0.50000000000000000             1104  0.13666316418178792                0
         219         220   5.9461379470541447        2.5291364086335988      -0.75299076982192070       0.98221912150944157        80559.862777643633        74.428097414589246        8.4517214662461644       0.20951894521430053                0           0   58395.273967004177        4.5230718866207646E-004  0.50000000000000000              922  0.12594402249489561                0
         159         160  0.52009082554844766       0.13749382338007102       -6.8562166579241961E-003  0.98252657550525302        109146.58921206869        38.868446659729038        4.1553588509236548       0.57902400246492802                0           0   43100.891119047374        2.3624417772278330E-004  0.50000000000000000              862  0.19899451836623117                0
           1           2   2.0244841138268650       0.61000484406818434       -7.0741485713423660E-002  0.98738152934187551        118081.33591071346        65.056817812538299        14.068789827045590       0.47692795080012806                0           0   39839.617509086311        3.9638661146352313E-004  0.50000000000000000              704  0.12694224631812445                0
         283         284  0.18094602805437388        8.1870494517192083E-002  -1.6064068193646895E-003  0.97697797871714775        143540.44546752289        34.366892541613126        6.4905304710356200       0.29329708200144272                0           0   32773.447527785116        2.0829891525217590E-004  0.50000000000000000              986  -4.9776815184115586E-002           0
         185         186  0.24628085064239766        6.9358336926096664E-002  -1.8551080494142963E-003  0.99057546901522908        130681.44545928008        34.314639623851313        8.7345303324250860       0.54183776914930126                0           0   35998.341165507023        2.0941269287605858E-004  0.50000000000000000              888  0.21789780297275324                0
         191         192  0.17819880543248182        5.0730547014061628E-002  -8.9966543292994278E-004  0.98450778698896024        174927.64032278312        37.446621017460309        15.350700738809262       0.62312859672973153                0           0   26892.921261409472        2.2782970840593575E-004  0.25000000000000000              894  0.46990601804773457                0
          71          72  0.16939743337267674        2.6319217633798585E-002  -4.7647967898261517E-004  0.96976219828091648        170003.73667627125        34.870225322542275        9.9564103614277784       0.26711120553423817                0           0   27671.834452691655        1.5082883319385277E-004  0.25000000000000000              774 -0.11841052594274136                0
          53          54  0.10539273585624893        8.3691576402142989E-002  -9.4861616487088496E-004  0.98840746126056767        171334.30925667207        34.651436372167325        11.792904632784163       0.27052887433668321                0           0   27456.936547351612        2.1096666920612941E-004  0.50000000000000000              756 -0.16697681965772435                0
         245         246  0.10614450888457336        7.9534736728126665E-002  -8.8338078697462622E-004  0.97533507163214717        180155.36208468804        35.614411017835778        10.567357231994992       0.19164742523417660                0           0   26112.546433302068        2.1568078356416255E-004  0.50000000000000000              948  0.11084898651952707                0
         331         332  0.12214104311112879        9.8521910482032543E-002  -1.1537755047203683E-003  0.97154055198387024        188414.45473505274        38.868024797675822        14.764508595733915       0.29454071909599500                0           0   24967.910579153504        2.3493249830021899E-004  0.50000000000000000             1034   6.8972153066970202E-002           0
         203         204  0.10958957416913398        5.6611292613942377E-002  -6.2817234305771752E-004  0.98494187057407623        200051.97130642890        36.805509599966030        12.771448819874179       0.15003003190476372                0           0   23515.465640870621        1.6988547057778460E-004  0.50000000000000000              906 -0.16831562234026526                0
          21          22  0.17137201111473407        1.8580527211685235E-002  -2.8964617018065918E-004  0.97725619083110171        219756.57682243298        40.968444197440832        5.1392665924723708       0.24719602741460109                0           0   21406.937283364805        1.8343950172520064E-004  0.50000000000000000              724   6.6620157921320047E-002           0
         369         370  0.35577330781196675       0.28758888866695975       -6.5923629871082615E-003  0.96841922705639494        200307.85819162280        57.839387851881206        14.090711779760657       0.42576352372087861                0           0   23485.425385280789        3.4904883910831302E-004  0.50000000000000000             1072   1.5711084320783899                0
          77          78   9.3430964505624117E-002   2.0354482771848002E-002  -1.6334883162896549E-004  0.97425183352183942        309441.22681298596        43.386459025179242        11.829634893703417       0.53984014328272789                0           0   15202.613129787858        1.8457846561722538E-004  0.50000000000000000              780  0.84831835878504358                0
         315         316  0.30834333591613694       0.21242803698149326       -3.5544000840579989E-003  0.96932722246065328        288048.63087816222        68.675120176768687        9.1866925845378500       0.37772188097641057                0           0   16331.670257563481        4.1463143421502049E-004   1.5625000000000000E-002        1018  0.18617189888006500                0
          89          90  0.20842321107894346       0.10223825271363279       -1.3435582502014560E-003  0.98702482580270168        297769.38109927031        59.104743533761280        6.7918835110121130       0.75991115696467049                0           0   15798.519109916271        3.6005640583131949E-004  0.50000000000000000              792  0.40096336007425559                0
         155         156  0.50373356431637750       0.18870347651975347       -4.6345267489272665E-003  0.98128177235206437        293320.33962033020        76.435433608783669        12.746289710614287       0.70459117296919260                0           0   16038.148816184937        4.6428632181207922E-004  0.50000000000000000              858  0.45845555695213558                0
         187         188  0.16652052450678573        4.4390738220572948E-002  -5.1200105471243477E-004  0.98740860044556455        313872.49940009229        53.803263366689940        6.4649317811310354       0.66918296024018109                0           0   14987.981637882163        1.5401396217716847E-004  0.50000000000000000              890  0.29021825143107699                0
         255         256   8.3811449474318997E-002   3.0344259974373743E-002  -1.9498774621546684E-004  0.99476358635673934        366335.73421504453        48.606227887337262        10.949445045248268       0.46173505442931029                0           0   12841.540746017587        1.7373772739312873E-004  0.50000000000000000              958  0.24266598141332671                0
          93          94   8.5361728603296438E-002   7.1347741082274679E-002  -4.1080252103106030E-004  0.97812880800934654        378910.90214675880        55.249666982163497        11.627944369376793       0.42815813804365577                0           0   12415.359998859836        1.7179347800011020E-004  0.50000000000000000              796  0.35013454078221906                0
          95         546  0.62290701776509083       0.52092362269304604       -3.7742828757689703E-003  0.93636862789303410        1958540.7385147680        320.39237020177103        9.5088480337126491       0.51988275831078279                0           0   2401.9491477170982        1.7966570600004231E-003   4.9273881292212062E-003         798  0.33157242357222605                0
          67          68  0.52597586808430075       0.46375414949012228       -9.5351984985231255E-003  0.98266064699714351        341740.68956755206        95.332992401100725        14.533752411915447       0.41953904255885338                0           0   13765.745201713413        5.7947742737167690E-004  0.50000000000000000              770   7.1031852527005501E-002           0
         213         214   8.6717284611907239E-002   1.7710005955573944E-002  -1.1427078035879827E-004  0.98213695314694749        400632.33674856107        50.085097135765906        5.3937830152042645       0.35765666623844877                0           0   11742.225542311169        1.5552041722878169E-004  0.50000000000000000              916  0.15127116571948138                0
         313         314  0.11479116130453372        5.7685466757393881E-002  -3.9453446450446250E-004  0.99253727403468150        435049.79924732697        62.547398305763593        4.0924549155321319       0.41741550390750026                0           0   10813.279918261374        1.7042172232509015E-004  0.50000000000000000             1016   7.7743695351658676E-002           0
         365         366  0.29906545429998188       0.27572229150032296       -3.4223050706489746E-003  0.97703614846779008        409915.73603235272        89.792227251814452        12.304425051682351       0.28765064263566126                0           0   11476.298283102440        5.4424978456707430E-004  0.50000000000000000             1068 -0.23665281545271644                0
         201         202  0.41909726131645580       0.36316033186407948       -5.4401348907038797E-003  0.97784193266974673        439642.50440806977        104.26124217537117        13.754733558334094       0.39167638669091331                0           0   10700.319487940789        6.3220712582260643E-004  0.50000000000000000              904   7.1660127275402094E-002           0
         171         172  0.11855449161888632       0.10910379859810015       -6.3808363105355751E-004  0.99690688946593098        502629.43037454027        75.543937317710842        4.7094800830035517       0.23610733414502005                0           0   9359.4106778413025        1.6222029374787257E-004  0.25000000000000000              874  -7.2704102715132293E-002           0
         347         348  0.19457293008789711        9.8264029982305379E-002  -8.4213227326918961E-004  0.97623178622328566        525292.62380639045        84.608893442837001        3.7413994183297961       0.41093683301541917                0           0   8955.6088253366652        5.1262384884362530E-004  0.25000000000000000             1050  0.15672044100701968                0
         343         344   9.9716206803828866E-002   3.9838043689421537E-002  -1.9541286924161294E-004  0.98547806040898511        644708.77578794607        75.758248904357316        14.232891519220503       0.60363153497921418                0           0   7296.8066114739531        4.6110969753691106E-004  0.50000000000000000             1046   1.7303217472243952                0
          99         100  0.11123848720615616        3.9011678252708890E-002  -1.9764343022701515E-004  0.98119635498491209        697449.45099556562        81.825121918085514        11.152630208087649       0.54661278414186154                0           0   6745.0268272914218        1.9609050585244134E-004  0.25000000000000000              802  0.13765926634074449                0
         391         392  0.13558686976987694        5.7578981684498085E-002  -2.5446740011902898E-004  0.98428057182237338        1015963.8259505472        114.33226250480101        10.741999388435381       0.33030039849089610                0           0   4630.3964151906221        1.9855493643177781E-004  0.50000000000000000             1094  0.10324706476738610                0
         385         386  0.12648191059682606        5.9749107023494945E-002  -2.5030111744847215E-004  0.99192399726360403        1010156.8010307509        112.51654391747591        15.028503806611237       0.27395400456766150                0           0   4657.0148840700185        1.9971473045980897E-004  0.50000000000000000             1088   7.2032477240606945E-003           0
          41          42  0.11122608390456809        8.6847116325004775E-002  -3.0034655602715249E-004  0.97689552612968544        1076875.4069236529        119.85571002551679        1.6297259928051302       0.83281074086665174                0           0   4368.4861102769009        1.9934720720389158E-004  0.44130549828641608              744  0.51973825162893827                0
         345         346  0.55774375829353751       0.47607345656862060       -4.7923803546830179E-003  0.97923176074338625        1065819.0059203701        206.47940675782556        1.6745186679468460       0.24414259172030081                0           0   4413.8031237137029        1.2529054742208931E-003  0.50000000000000000             1048  -4.2140332632549030E-002           0
          73          74  0.94128231410560004       0.69908498357263338       -1.0547991353088345E-002  0.98595090542721642        1010924.7705775029        232.48741209934116        15.254034799381717       0.50294784041748364                0           0   4653.4770880699325        1.4155097427745917E-003  0.50000000000000000              776  0.38536501933944739                0
         285         286   8.9462339041284894E-002   4.2834040765278178E-002  -1.2838168338598593E-004  0.97556116315563901        1178106.6063545495        111.23605151706303        10.457369123004073       0.66031764194794962                0           0   3993.1150816660524        1.4410236536712358E-004  0.25000000000000000              988  0.22844755003995026                0
         293         294  0.55382231722128972       0.12326253909399966       -1.3046202120956597E-003  0.97555013427591697        1208714.8768618368        195.00098063437505        10.818533856689776       0.50494709584374042                0           0   3891.9974823661364        1.1809822740092247E-003  0.50000000000000000              996  0.92169495899134213                0
         123         124  0.67985937278035102       0.12376754478802159       -1.4259437356367586E-003  0.97763450747397851        1328700.8239903566        219.90890269502705        9.0565815712121651       0.56202482283765709                0           0   3540.5376234484115        1.3330674591925293E-003  0.25000000000000000              826  0.32079927391672225                0
           7           8  0.10772050310063933        1.1526931384030817E-002  -3.7943697728780554E-005  0.99082248886431246        1424470.1409572540        121.95279694780302        11.377093059208313       0.45446396397483341                0           0   3302.5018372680170        1.6260639909577266E-004  0.25000000000000000              710  -9.6826295790930494E-003           0
         355         356  0.32294731613854971       0.22153041596011064       -1.4146791448691402E-003  0.98835597978780254        1280677.5733209376        188.46314208734015        4.5808459529173362       0.43288325142518963                0           0   3673.3018174480535        1.1488556879049804E-003  0.50000000000000000             1058   6.7192027564520640E-002           0
          85          86   8.0567479673496034E-002   7.0359839832317903E-002  -1.6540594186675728E-004  0.98642166572395873        1357017.8794508749        127.71821781941760        7.2214859659702375       0.30073400394914612                0           0   3466.6567986181526        1.9401392259058692E-004  0.25000000000000000              788  -5.6415679002925045E-002           0
         387         388  0.11696728908539532        8.3148869844046139E-002  -2.2937281255593279E-004  0.96261749749554126        1621796.6628874168        158.01494755631225        5.5392819607092667       0.55184855666858679                0           0   2900.6813032092982        8.6740706324295422E-004   7.5552617568605180E-005        1090  0.19973338785199132                0
         103         104   9.4240900685283069E-002   8.1646476448274677E-002  -1.9581474411928143E-004  0.97430932578693863        1543295.6101144454        146.43699954217337        4.6066827053620072       0.16300739679265883                0           0   3048.2269416265021        8.8618227905427590E-004  0.25000000000000000              806  -5.8012137896705021E-002           0
          65          66   8.1196656538748205E-002   3.2700733033609646E-002  -6.2627861262289943E-005  0.98184767372588766        2149336.5504112290        157.99647215383459        11.247181750148897       0.54993625005932900                0           0   2188.7290088398181        1.9363885980735446E-004  0.50000000000000000              768  0.17622396773131907                0
          15          16  0.12041882448822794        4.7134796559794988E-002  -1.1370748620294229E-004  0.97825164521118502        2263928.7909641471        186.02285177799217        10.668899683401859       0.57711466906626796                0           0   2077.9431210119114        1.1281688166013199E-003  0.50000000000000000              718  0.18036321613142436                0
         243         244  0.10897784068549871        6.2870305948584129E-002  -1.2688985103554134E-004  0.99345305026723485        2514966.0648626112        201.22235189126619        11.223030643844641       0.36571578836006202                0           0   1870.5283237695505        1.2297376519750148E-003  0.50000000000000000              946   7.3336140956999862E-002           0
         403         404  0.17519688796893346        3.8994197612049461E-002  -1.0593113211648804E-004  0.98389293797939581        2940510.1019006590        240.33780921560333        14.883091809273214       0.43516710572093209                0           0   1599.8296535706618        9.6476637319717958E-004   6.2198280031422340E-004        1106  0.15228614997803497                0
         127         128  0.41687934908818136       0.27898104023835063       -1.0601324713850049E-003  0.99434194081511351        3619474.9262651657        408.83142482301037        12.044985789111589       0.26829651036956365                0           0   1299.7231237899509        2.4997052625840904E-003  0.25000000000000000              830  -2.2097262418303149E-003           0
         217         218   8.1228311512873880E-002   6.5270211912634449E-002  -8.4864059256294254E-005  0.97696892315676265        3390006.8490829859        232.81876606981328        14.562162592567212       0.76269683643266617                0           0   1387.7008121435813        1.4110585494170628E-003  0.50000000000000000              920  0.32192807917525407                0
         143         144  0.25022565110097550       0.15769561095085233       -3.9893226177458845E-004  0.97378367469115990        4047244.7606835263        368.61381757316616        9.9805883400775137       0.63984506413950437                0           0   1162.3500766111972        2.2305190603367172E-003  0.50000000000000000              846  0.22037715460514240                0
          61          62  0.16574606629006447        5.1105325148539382E-002  -1.0680914848388477E-004  0.98146224652464376        3985102.7316611102        295.54272204541036        6.0084050716031738       0.43549370522082470                0           0   1180.4752786595950        1.7952874583487142E-003  0.50000000000000000              764  0.27970203685429995                0
          29          30   9.2064989403419284E-002   3.8673592252436655E-002  -4.8326417632826574E-005  0.98790084533106615        4595724.3541263249        274.56410217347485        6.9841945803821943       0.81800678887980127                0           0   1023.6286807368981        1.6733196375634911E-003  0.12500000000000000              732  0.50999460700856725                0
         405         406   8.7236661288412828E-002   5.5735761705262711E-002  -1.4072219982536795E-005  0.99445045527554632        44632234.652881853        1287.6258805654079        11.299514314262607       0.64125361023562533                0           0   105.40174145954420        7.8733128566099032E-003  0.50000000000000000             1108   1.2950232639037331                0
          45          46   8.6894120985331738E-002   8.6164685909330241E-002  -8.2040856412477007E-005  0.98387083180607882        5506893.1944410549        340.10174038637848        8.4323233713100070       0.62956068718332425                0           0   854.25939664011355        2.0685513436049150E-003  0.12500000000000000              748  0.47232365705572038                0
         161         162   9.3309048906446132E-002   9.2827486138433946E-002  -9.1369633590279904E-005  0.98815167077823507        5621485.8188018603        353.27898580630500        8.2620516735012064       0.49881343073600920                0           0   836.84552612594166        2.1011300523172834E-003   1.2112356344714953E-004         864  0.14272777826911848                0
         289         290  0.10428359770713377        2.3242149003040714E-002  -2.7029428471128164E-005  0.98098793463359268        6248178.4833665481        334.17561806000600        15.244357188102935       0.16409125149641587                0           0   752.90987127980623        1.8888827481095749E-003   1.0935522924280729E-003         992  -4.5466158206934663E-002           0
         115         116   9.5073144526220191E-002   4.6025486525321645E-002  -4.6726263478262970E-005  0.98361077625756288        6339435.9430684811        348.99124241529205        11.136903325808641       0.46602197484105928                0           0   742.07158174513086        2.1223306805025111E-003  0.25000000000000000              818  0.16987661027134171                0
         223         224  0.13901763968801717        6.0776114313866474E-002  -7.7058824699190550E-005  0.98945256536477766        6749148.2071089009        408.60134889605371        5.8706052380868581       0.35156866862297420                0           0   697.02355220021582        2.4792139330847692E-003   1.0174537698622206E-003         926  0.10804108512938321                0
         199         200  0.11230093762090229        4.7925291740752780E-002  -4.9845320530023470E-005  0.98557578802919299        7365259.5215128316        402.38621163417127        9.2823893041378351       0.32267458400705706                0           0   638.71683596540686        2.4494184751019071E-003  0.50000000000000000              902  0.76382718010024053                0
         373         374  0.15845034820673778       0.15233439132851201       -1.7085699982599545E-004  0.97949980347417831        7914563.3778746147        526.47495911742772        5.2657151376629976       0.41661033184307150                0           0   594.38721165539073        2.7493930395244151E-003   1.0642686863723445E-004        1076  0.10234909931888195                0
          69          70  0.10464422723177559       0.10349050793134676       -8.6377732787562200E-005  0.98042651398566583        8085705.8082159301        467.23280664956275        10.642406923950590       0.17204503884353764                0           0   581.80638391081243        2.8368343572848856E-003  0.50000000000000000              772 -0.16197065163483651                0
          51          52  0.11606384615255892        9.5064690585184505E-002  -1.2276543213329298E-004  0.98205345115529663        4872545.5793825211        334.93415447263214        4.3817062046097437       0.45265180916249742                0           0   965.47383313362923        1.9892380511386115E-004   6.2500000000000000E-002         754   6.3950097764424285E-002           0
         265         266   8.4095384718170976E-002   3.6296916915751078E-002  -2.5177752967891491E-005  0.98207560351262613        10108978.349845100        451.79796140659664        4.7611480193343239       0.49275282611136945                0           0   465.36010809805003        1.6685936154340797E-003   1.0556717950560351E-003         968  0.21710800447086098                0
         367         368  0.20322917187314732       0.17631903439505672       -1.9839590905306628E-004  0.98269605562518869        10352960.507995650        673.08803364540722        13.429452588259545       0.53177751031830311                0           0   454.39323892055739        3.9468376713335477E-003   4.6816201701952223E-004        1070   1.5287220031502295                0
         305         306   8.5255713978393793E-002   1.6586699482616780E-002  -1.1931200371230782E-005  0.97557216214542408        10624387.113807641        441.69112072417624        14.129770959497639       0.27419404946458936                0           0   442.78462439785847        2.6751951435917505E-003  0.50000000000000000             1008   7.9447860003239584E-002           0
         325         326  0.14296285691723640        1.8018411898666035E-002  -1.7591034512000332E-005  0.98525910189351285        11605238.715074902        545.71725305743564        6.8339907764780037       0.36922803112164082                0           0   405.36135215676182        1.9976652747874619E-004  0.25000000000000000             1028   2.6481727431399784E-002           0
         119         120  0.12744757891135747        8.2887871857059842E-002  -6.3848789170769046E-005  0.98269985033698937        12193204.574003790        616.57973866081329        9.6042766932329418       0.26018778446358243                0           0   385.81451078697370        3.7479255214838184E-003  0.25000000000000000              822   6.7391907746370494E-002           0
         133         134  0.13034205300579016        4.8697333779162973E-002  -3.8327195292334110E-005  0.98105465546480541        13234848.981958972        617.16606398019076        7.5942531350314519       0.45539928042944883                0           0   355.44910743276557        2.2191653311114425E-003   5.1259894385461996E-004         836  0.20822984113659807                0
          17          18   8.8310858010865509E-002   3.6165089814597706E-002  -2.2321003472730643E-005  0.98140412768925933        12747100.610456508        533.22349031307033        8.0399328568970514       0.37145397973124994                0           0   369.04982563531280        3.2391129273980847E-003  0.50000000000000000              720  -4.3411831070058512E-002           0
         275         276  0.13196141201412448        6.9014568623332620E-002  -4.7734080310230878E-005  0.97884636075238041        15446707.004192045        711.01458308087115        11.609441324110989       0.41838999267471011                0           0   304.55133617592867        4.1974663988005399E-003   6.5473386957375210E-004         978  0.37165670090197567                0
         221         222  0.10685030920939192        6.9974509155263417E-002  -3.1625481223944268E-005  0.98427939411587662        22715137.523908868        881.04448593259724        10.989300820475854       0.17887072145408636                0           0   207.10045240506361        4.4322833405995559E-003   4.4287991300877916E-005         924 -0.20532480797534330                0
         157         158  0.17882018552997023        8.7937108552675433E-002  -4.2075534077114530E-005  0.98508050348805587        36757816.472332910        1392.7668502367485        7.6635140771208405       0.37229217107561530                0           0   127.98135768444340        4.7077698590361110E-003   3.0212384332035366E-004         860   1.0319155482157930E-002           0
         145         146  0.11284151051838727        7.1741434973604884E-002  -2.4259707269871006E-005  0.99378160283041395        37282371.862782530        1243.5771403932395        12.716187691610225       0.41580519702090413                0           0   126.18068600782583        3.3210801203852826E-003   3.0770130550349025E-004         848  0.14944543946478817                0
