 121  30   1   452 112   0      0.0   0.46   4.88  6.141     0.0  -0.2385   0.0000
  -1.208644   0.000000   0.287003   0.062472  -0.571267   0.053723   0.000000   0.000000   0.000000   0.000000
   0.00000   0.00000   0.15081   0.03393   0.00000  -1.20864   0.00000   0.00000  -0.92164   0.77512   0.20741   0.00000   0.00000
 NAME(I1)    NAME(I2)    M1[M*]                    M2[M*]                    EB[NB]                    ECC                       P[Days]                   SEMI[AU]                  RI[PC]                    VI[km/s]                  K*(I1)      K*(I2)      ZN[NB]                    RP[NB]                    STEP(I1)[NB]              NAME(ICM)                 ECM[NB]                   K*(ICM)      
           3           4   8.7970317491499028E-002   4.9196061553816367E-002  -9.2897646351125171E-004  0.98018963898304645        71340.815372945974        17.361255191394889        7.7855693157610251       0.17470130432379460                0           0   65941.428242054317        1.0539810829294615E-004   3.1250000000000000E-002         706  0.11413256002647780                0
          57          58   8.8793517676333700E-002   7.4789808565780366E-002  -1.3944536633748324E-003  0.99288618157622466        67519.482439442989        17.747571380570307        14.179766929736406       0.53561477240770161                0           0   69673.449613065080        1.0843421479498632E-004   3.1250000000000000E-002         760   1.1555983711915943                0
          59          60  0.52934127945164156       0.11516011942956719       -3.1001072744619322E-002  0.99635260950274573        9025.0375450904266        7.3279160146024838        17.956854886696572       0.78352828976252487                0           0   521251.59969045070        4.4850020571511419E-005   6.2500000000000000E-002         762   1.4517096069673416                0
          63          64  0.11284127030153632        5.3401276685359052E-002  -1.4468849236327175E-003  0.97984293960292113        54774.265105649982        15.520472950299069        11.914708392153941       0.40053019972912896                0           0   85885.502043175962        9.4206442072616631E-005   6.2500000000000000E-002         766  0.23322421080014752                0
          83          84  0.10272953417562042        4.1373672231505683E-002  -1.2819188696754095E-003  0.97370419826673227        41789.837138321200        12.356008093958177        13.929847177163008       0.34513161357888711                0           0   112570.79662870750        7.4766174595093939E-005   3.1250000000000000E-002         786  0.23227826523341499                0
          87          88  0.10306885414503236        3.0345968261083246E-002  -4.1821248241819420E-003  0.98428134930470224        4652.7998571211401        2.7870887101701558        15.108450814093510       0.29263831988356931                0           0   1011071.9141389197        1.6955045282497800E-005   6.2500000000000000E-002         790   8.8691301578902607E-002           0
         105         106  0.12790761581087476        8.1406408734692293E-002  -3.3640542461646258E-002  0.96974758674909145        989.02684361157492        1.1534833915785283        18.223906451317596       0.34648681115665109                0           0   4756509.1767037120        6.9657331703446991E-006  0.12500000000000000              808  0.11611820187189192                0
         131         132   8.4797441590329786E-002   6.4637458177469395E-002  -7.7121942017657882E-004  0.98912831439601701        128788.41655396212        26.485513546867381        7.8235725662384112       0.46918667567319949                0           0   36527.471829531067        1.6151620773559698E-004  0.12500000000000000              834  0.12439234673684313                0
         137         138  0.13717930409073115       0.13193897190263901       -4.0334545728335997E-003  0.97817964388784162        48147.574536657077        16.722602131164937        11.878390803941057       0.14649300511777960                0           0   97706.173216745112        1.0141787278782275E-004   6.2500000000000000E-002         840  0.66824331968408390                0
         167         168  0.11739175763496201        6.6852661947444644E-002  -1.3371095085191684E-003  0.97921691183512483        87047.450602289726        21.873015901955345        12.664950744295091       0.66875827015257638                0           0   54043.113555826756        1.3272323952673876E-004  0.12500000000000000              870  0.41886957759925514                0
         177         178  0.17518944591650459       0.15841447355487015       -4.8844045916293037E-002  0.97081544669269548        1948.4551180766894        2.1174370246531056        3.8802685595441480       0.80625188943294168                0           0   2414382.1502485364        1.2793853451865820E-005  0.12500000000000000              880  0.51092555552728458                0
         181         182  0.16494482085752635        4.8117280213717237E-002  -2.2342341753636167E-003  0.98308070947828008        38113.841390388654        13.238244572811659        5.2433185052122360       0.30625045422067998                0           0   123428.00111539195        8.0485139620415977E-005   6.2500000000000000E-002         884   5.5387582608771121E-002           0
         193         194  0.13607741833753259        1.4509867592654014E-002  -3.3139095177587647E-004  0.98026160729439438        98477.807758994706        22.203845682541278        15.642659404098261       0.68320505214014104                0           0   47770.308506030713        1.3480179630591914E-004   6.2500000000000000E-002         896   1.2040394021690859                0
         195         196  0.23980714281985319       0.16746154432118399       -1.7866781603804005E-002  0.96643523058497638        13874.745800257982        8.3762612435180923        11.255220818357071       0.97428620420140843                0           0   339055.96004197007        5.0498069052990366E-005  0.12500000000000000              898  0.74598137501162476                0
         207         208   9.9440827635248155E-002   5.0100703362626467E-002  -8.7683211256005204E-003  0.98112175417415370        2910.2243960466299        2.1174416066239212        3.8931704224400225       0.75412030931867058                0           0   1616478.5313583727        1.2860786271453537E-005  0.12500000000000000              910  0.45580143563545544                0
         225         226  0.11258739991983015        4.7810171057872303E-002  -9.4939383745014589E-004  0.98185672257896206        88575.957032427817        21.129198100363176        15.915023153010500       0.58222330181985726                0           0   53110.521356517827        1.2838083044770557E-004   6.2500000000000000E-002         928   1.1149622332263422                0
         235         236   9.9158490776633662E-002   3.5661683213779022E-002  -5.1301121046354124E-003  0.96614283730650707        4095.4263718306088        2.5687641194955386        7.2505470850176934       0.28691607845095091                0           0   1148675.3345151674        1.5484037106406675E-005   6.2500000000000000E-002         938  0.12899281214297759                0
         239         240   8.3253089810449737E-002   5.9845060969569666E-002  -7.4110620056441019E-004  0.97866503909393976        121080.59857328323        25.053451414275163        15.864215500362443       0.45897973417207771                0           0   38852.758518512826        1.5197941044801133E-004  0.12500000000000000              942  0.14873639939886282                0
         247         248  0.12867704596478571        5.6124925773135610E-002  -4.8755267774440045E-002  0.97148621675522984        348.47281385192167       0.55201979559906922        18.475116435986227       0.63411484145683861                0           0   13499805.639483234        3.3365167437779866E-006   6.2500000000000000E-002         950  0.54675603994555233                0
         249         250   8.3325272192247987E-002   6.4931060179189190E-002  -5.9417119074347373E-003  0.97581540753508467        5929.7866670524481        3.3934150410168407        16.069155361369965       0.56050600286678187                0           0   793336.34104971308        2.0555510157367267E-005   3.1250000000000000E-002         952   1.3351638464178532                0
         271         272  0.13618545113931463       0.10282415591629936       -1.7643068358636144E-003  0.98806680624688603        120181.93023047518        29.578155387187675        6.6823801304351260       0.51133398748614012                0           0   39143.282593508091        1.8027976026539725E-004  0.12500000000000000              974   8.5738343422901084E-002           0
         287         288   8.8414603939471620E-002   4.2704642040310346E-002  -5.8515194294090581E-004  0.98093659039144399        118941.02246670357        24.046383900145148        3.2690027478805810       0.61854982561313765                0           0   39551.663169548527        1.4603779329379048E-004  0.12500000000000000              990  0.21532681825656130                0
         291         292  0.10251315781699964        2.9651563345757474E-002  -1.1831110334550475E-003  0.98075559013170377        29765.556837160901        9.5746088155111213        8.8162472097621478       0.59124553796908008                0           0   158045.59892431262        5.8142920318824777E-005  0.12500000000000000              994  0.24121550740449518                0
         303         304  0.77980953382043972       0.33783563817501155       -5.2382472905160467E-002  0.97671789874474535        28033.625192942258        18.742492285908785        6.0737113793272073       0.63450477873146371                0           0   167809.73653129677        1.1358394461059082E-004  0.12500000000000000             1006  0.23106860421898145                0
         311         312  0.16827131513595273       0.11782564957455051       -9.1314488263872420E-003  0.97485864189666582        15717.300866973132        8.0915100549741776        14.316385563729966       0.18497431909567977                0           0   299308.08714936365        4.8990345746074786E-005  0.12500000000000000             1014 -0.14187718956371104                0
         321         322  0.12252965187021556        4.0765808550071510E-002  -1.0952504619379879E-003  0.97557453106160041        63331.226025514967        16.995860241612995        16.389159270525628       0.48328535511549725                0           0   74281.133539866772        1.0293936416602254E-004   3.1250000000000000E-002        1024  0.78562582342369647                0
         323         324  0.13577855073708561        2.1714876777924844E-002  -1.0672784058174505E-003  0.97737634574565457        30402.145619620234        10.295090097572151        11.803616896730855       0.58548218268128938                0           0   154736.29119810546        6.2411468000077191E-005   6.2500000000000000E-002        1026  0.38848721888250237                0
         337         338  0.14234346256931027        4.8688670540606271E-002  -2.7220309402593351E-003  0.98436219341894415        24424.438780536861        9.4883723855236379        16.183567574759209       0.51648010995291993                0           0   192606.89262565569        5.7724153992768256E-005   3.1250000000000000E-002        1040   1.5595040209087472                0
         357         358   7.9717634398698847E-002   3.5168480550120958E-002  -1.1543449013877967E-003  0.99034897964864510        29342.295402160125        9.0508997532508531        13.594296167993035       0.51257138255806767                0           0   160325.40035359471        5.5228836842580753E-005   6.2500000000000000E-002        1060  0.89906786499916369                0
         363         364   8.0030474895858961E-002   2.5241398542184282E-002  -3.2505135387658957E-004  0.96900162088983910        125469.53716214608        23.159872534501439        9.8189952930024003       0.68287515951083022                0           0   37493.684634903126        1.3980643129274424E-004   6.2500000000000000E-002        1066  0.47772338773973683                0
         371         372   9.0756420354949963E-002   8.9399293653254358E-002  -1.4941626717007766E-003  0.97790038526241019        78336.750524128642        20.236383406048532        7.9798727825769307       0.38044541082922506                0           0   60052.468683849453        1.2271064128272370E-004   6.2500000000000000E-002        1074  0.20440591494393154                0
         383         384   9.3433970454860987E-002   6.5975786712685114E-002  -2.9999592269293533E-003  0.97176827062077331        19385.313257799193        7.6576121486429507        12.169931367171223       0.55169880989568465                0           0   242674.19334851863        4.6290742961604388E-005   6.2500000000000000E-002        1086  0.51880757220881812                0
         395         396  0.10118924464727580        7.2387835402996439E-002  -4.0679476328368365E-003  0.98184110250843104        15239.121285685993        6.7103307468978812        7.1420752869500612       0.47307917108316605                0           0   308699.90266850201        4.0771591993552411E-005  0.12500000000000000             1098   5.8293212103772529E-002           0
         401         402  0.11008182267075275        8.1520559788653676E-002  -2.1754919003101718E-003  0.98946501741247106        50292.904508829961        15.372504553420699        9.4140490114747433       0.48949490066964141                0           0   93538.349069078395        9.3761781152373525E-005  0.12500000000000000             1104  0.16251250688234919                0
         219         220   5.9461379470541447        2.5291364086335988      -0.75299076982192070       0.98221912150944157        80559.862777643633        74.428097414589246        9.5104232990184361       0.27521003951520506                0           0   58395.273967004177        4.5230718866207646E-004   1.5625000000000000E-002         922  0.17631279870697658                0
         159         160  0.52009082554844766       0.13749382338007102       -6.8562166579241961E-003  0.98252657550525302        109146.58921206869        38.868446659729038        4.9336264102709242       0.56481625634571164                0           0   43100.891119047374        2.3624417772278330E-004   1.5625000000000000E-002         862  0.23931737994969043                0
           1           2   2.0244841138268650       0.61000484406818434       -7.0741485713423660E-002  0.98738152934187551        118081.33591071346        65.056817812538299        14.071793995887068       0.45203581917941943                0           0   39839.617509086311        3.9638661146352313E-004   1.5625000000000000E-002         704  0.10282793966214825                0
         283         284  0.18094602805437388        8.1870494517192083E-002  -1.6064068193646895E-003  0.97697797871714775        143540.44546752289        34.366892541613126        5.3113210174955974       0.31084393822194079                0           0   32773.447527785116        2.0829891525217590E-004   1.5625000000000000E-002         986  -4.3679308438212008E-002           0
         185         186  0.24628085064239766        6.9358336926096664E-002  -1.8551080494142963E-003  0.99057546901522908        130681.44545928008        34.314639623851313        9.7846061242066522       0.57962943080362983                0           0   35998.341165507023        2.0941269287605858E-004   1.5625000000000000E-002         888  0.25184214873786248                0
         191         192  0.17819880543248182        5.0730547014061628E-002  -8.9966543292994278E-004  0.98450778698896024        174927.64032278312        37.446621017460309        15.461119299073106       0.62019503858493608                0           0   26892.921261409472        2.2782970840593575E-004   1.5625000000000000E-002         894  0.50379202721619554                0
          71          72  0.16939743337267674        2.6319217633798585E-002  -4.7647967898261517E-004  0.96976219828091648        170003.73667627125        34.870225322542275        9.9536327045898041       0.26098449130103601                0           0   27671.834452691655        1.5082883319385277E-004   1.5625000000000000E-002         774 -0.14196721494401177                0
          53          54  0.10539273585624893        8.3691576402142989E-002  -9.4861616487088496E-004  0.98840746126056767        171334.30925667207        34.651436372167325        12.078073716509248       0.32776726486000796                0           0   27456.936547351612        2.1096666920612941E-004   1.5625000000000000E-002         756 -0.16469551439351063                0
         245         246  0.10614450888457336        7.9534736728126665E-002  -8.8338078697462622E-004  0.97533507163214717        180155.36208468804        35.614411017835778        12.245916874597915       0.26183726006450653                0           0   26112.546433302068        2.1568078356416255E-004   1.5625000000000000E-002         948  0.14731224474446064                0
         331         332  0.12214104311112879        9.8521910482032543E-002  -1.1537755047203683E-003  0.97154055198387024        188414.45473505274        38.868024797675822        13.743512985647452       0.30218455656529097                0           0   24967.910579153504        2.3493249830021899E-004   1.5625000000000000E-002        1034   2.8326529816934856E-002           0
         203         204  0.10958957416913398        5.6611292613942377E-002  -6.2817234305771752E-004  0.98494187057407623        200051.97130642890        36.805509599966030        12.948014904074483       0.18262478133698531                0           0   23515.465640870621        1.6988547057778460E-004   1.5625000000000000E-002         906 -0.19186309122041623                0
          21          22  0.17137201111473407        1.8580527211685235E-002  -2.8964617018065918E-004  0.97725619083110171        219756.57682243298        40.968444197440832        7.8635960151373272       0.26458663127321302                0           0   21406.937283364805        1.8343950172520064E-004   1.5625000000000000E-002         724  0.10024719322478706                0
         369         370  0.35577330781196675       0.28758888866695975       -6.5923629871082615E-003  0.96841922705639494        200307.85819162280        57.839387851881206        17.284891318843915       0.53367854094697775                0           0   23485.425385280789        3.4904883910831302E-004   1.5625000000000000E-002        1072   1.6963833812713847                0
          77          78   9.3430964505624117E-002   2.0354482771848002E-002  -1.6334883162896549E-004  0.97425183352183942        309441.22681298596        43.386459025179242        13.743379395561687       0.51501493376554652                0           0   15202.613129787858        1.8457846561722538E-004   1.5625000000000000E-002         780  0.92683130383941670                0
         315         316  0.30834333591613694       0.21242803698149326       -3.5544000840579989E-003  0.96932722246065328        288048.63087816222        68.675120176768687        9.9939017486456141       0.39017884702531141                0           0   16331.670257563481        4.1463143421502049E-004   1.5625000000000000E-002        1018  0.24069327465273097                0
          89          90  0.20842321107894346       0.10223825271363279       -1.3435582502014560E-003  0.98702482580270168        297769.38109927031        59.104743533761280        6.9436538066130256       0.78086191958252571                0           0   15798.519109916271        3.6005640583131949E-004   1.5625000000000000E-002         792  0.43182179812851401                0
         155         156  0.50373356431637750       0.18870347651975347       -4.6345267489272665E-003  0.98128177235206437        293320.33962033020        76.435433608783669        11.935430081458266       0.65323570961503030                0           0   16038.148816184937        4.6428632181207922E-004   1.5625000000000000E-002         858  0.41769456021249185                0
         187         188  0.16652052450678573        4.4390738220572948E-002  -5.1200105471243477E-004  0.98740860044556455        313872.49940009229        53.803263366689940        6.6663632589145196       0.68120361148899944                0           0   14987.981637882163        1.5401396217716847E-004   1.5625000000000000E-002         890  0.30364788524331532                0
         255         256   8.3811449474318997E-002   3.0344259974373743E-002  -1.9498774621546684E-004  0.99476358635673934        366335.73421504453        48.606227887337262        11.129183180143908       0.48263705403169133                0           0   12841.540746017587        1.7373772739312873E-004   1.5625000000000000E-002         958  0.28560633848316341                0
          93          94   8.5361728603296438E-002   7.1347741082274679E-002  -4.1080252103106030E-004  0.97812880800934654        378910.90214675880        55.249666982163497        13.046707834868274       0.35682277076188945                0           0   12415.359998859836        1.7179347800011020E-004   1.5625000000000000E-002         796  0.39340897815112436                0
          95          96  0.62290701776509083        9.1312241257938784E-002  -2.4694031909158836E-003  0.98227255286669490        343711.27780332073        85.837993539454999        10.488927092746506       0.46710243062300894                0           0   13686.822520664211        5.1732940422085066E-004   4.6129117161779957E-004         798  0.32097253333923792                0
          67          68  0.52597586808430075       0.46375414949012228       -9.5351984985231255E-003  0.98266064699714351        341740.68956755206        95.332992401100725        16.714916762028246       0.37555111890000803                0           0   13765.745201713413        5.7947742737167690E-004   1.5625000000000000E-002         770  0.11793515893934345                0
         213         214   8.6717284611907239E-002   1.7710005955573944E-002  -1.1427078035879827E-004  0.98213695314694749        400632.33674856107        50.085097135765906        8.1366387437980663       0.38003781265665038                0           0   11742.225542311169        1.5552041722878169E-004   1.5625000000000000E-002         916  0.17950703573549254                0
         313         314  0.11479116130453372        5.7685466757393881E-002  -3.9453446450446250E-004  0.99253727403468150        435049.79924732697        62.547398305763593        4.8636625593234628       0.37475429725697063                0           0   10813.279918261374        1.7042172232509015E-004   1.5625000000000000E-002        1016   9.3776541618314974E-002           0
         365         366  0.29906545429998188       0.27572229150032296       -3.4223050706489746E-003  0.97703614846779008        409915.73603235272        89.792227251814452        13.375316200954435       0.28365326846395394                0           0   11476.298283102440        5.4424978456707430E-004   1.5625000000000000E-002        1068 -0.23296064803643624                0
         201         202  0.41909726131645580       0.36316033186407948       -5.4401348907038797E-003  0.97784193266974673        439642.50440806977        104.26124217537117        13.509742386125348       0.39214065298993100                0           0   10700.319487940789        6.3220712582260643E-004   1.5625000000000000E-002         904   4.7758119220105075E-002           0
         171         172  0.11855449161888632       0.10910379859810015       -6.3808363105355751E-004  0.99690688946593098        502629.43037454027        75.543937317710842        2.7905206524212174       0.23144840329276287                0           0   9359.4106778413025        1.6222029374787257E-004   1.5625000000000000E-002         874  -8.0917255771612170E-002           0
         347         348  0.19457293008789711        9.8264029982305379E-002  -8.4213227326918961E-004  0.97623178622328566        525292.62380639045        84.608893442837001        5.5888196370716372       0.45849828539123161                0           0   8955.6088253366652        5.1262384884362530E-004   1.5625000000000000E-002        1050  0.17521681819383833                0
         343         344   9.9716206803828866E-002   3.9838043689421537E-002  -1.9541286924161294E-004  0.98547806040898511        644708.77578794607        75.758248904357316        17.269074872583140       0.70770735162014486                0           0   7296.8066114739531        4.6110969753691106E-004   1.5625000000000000E-002        1046   1.8141327935667271                0
          55          56   8.3915877860446200E-002   1.7498204653530233E-002  -7.7740196882517218E-005  0.96898154446861051        677342.13462491788        70.390059717499767        13.650370691868158       0.14419665923243372                0           0   6945.2570823012566        1.8325936041652929E-004   1.5625000000000000E-002         758 -0.19813886599523126                0
          99         100  0.11123848720615616        3.9011678252708890E-002  -1.9764343022701515E-004  0.98119635498491209        697449.45099556562        81.825121918085514        10.726387092736401       0.54324126421882257                0           0   6745.0268272914218        1.9609050585244134E-004   1.5625000000000000E-002         802  0.14445273460191435                0
         391         392  0.13558686976987694        5.7578981684498085E-002  -2.5446740011902898E-004  0.98428057182237338        1015963.8259505472        114.33226250480101        12.367555818241215       0.38864392641637213                0           0   4630.3964151906221        1.9855493643177781E-004   1.5625000000000000E-002        1094  0.14391058149736755                0
         385         386  0.12648191059682606        5.9749107023494945E-002  -2.5030111744847215E-004  0.99192399726360403        1010156.8010307509        112.51654391747591        13.842459495552125       0.28195108754165932                0           0   4657.0148840700185        1.9971473045980897E-004   1.5625000000000000E-002        1088  -1.0488550234794176E-002           0
          41          42  0.11122608390456809        8.6847116325004775E-002  -3.0034655602715249E-004  0.97689552612968544        1076875.4069236529        119.85571002551679        3.8533665994230901       0.81715644704511070                0           0   4368.4861102769009        1.9934720720389158E-004   1.5625000000000000E-002         744  0.51222580483538749                0
         345         346  0.55774375829353751       0.47607345656862060       -4.7923803546830179E-003  0.97923176074338625        1065819.0059203701        206.47940675782556        2.4191180434842243       0.23053914779144574                0           0   4413.8031237137029        1.2529054742208931E-003   1.5625000000000000E-002        1048  -3.0642143008951857E-002           0
          73          74  0.94128231410560004       0.69908498357263338       -1.0547991353088345E-002  0.98595090542721642        1010924.7705775029        232.48741209934116        13.846103952277490       0.45342207188480088                0           0   4653.4770880699325        1.4155097427745917E-003   1.5625000000000000E-002         776  0.32367725415227028                0
         285         286   8.9462339041284894E-002   4.2834040765278178E-002  -1.2838168338598593E-004  0.97556116315563901        1178106.6063545495        111.23605151706303        8.8589369243970673       0.64364526179174242                0           0   3993.1150816660524        1.4410236536712358E-004   1.5625000000000000E-002         988  0.21746824437424031                0
         293         294  0.55382231722128972       0.12326253909399966       -1.3046202120956597E-003  0.97555013427591697        1208714.8768618368        195.00098063437505        13.172481613255449       0.45389112443422391                0           0   3891.9974823661364        1.1809822740092247E-003   1.5625000000000000E-002         996  0.99334700221536842                0
         123         124  0.67985937278035102       0.12376754478802159       -1.4259437356367586E-003  0.97763450747397851        1328700.8239903566        219.90890269502705        10.182991001377815       0.51550931712809456                0           0   3540.5376234484115        1.3330674591925293E-003   1.5625000000000000E-002         826  0.35018091721475753                0
           7           8  0.10772050310063933        1.1526931384030817E-002  -3.7943697728780554E-005  0.99082248886431246        1424470.1409572540        121.95279694780302        8.9279623166471538       0.42555768389482657                0           0   3302.5018372680170        1.6260639909577266E-004   1.5625000000000000E-002         710  -2.5517707788232161E-002           0
         355         356  0.32294731613854971       0.22153041596011064       -1.4146791448691402E-003  0.98835597978780254        1280677.5733209376        188.46314208734015        7.1275436385399820       0.40994237630649855                0           0   3673.3018174480535        1.1488556879049804E-003   1.5625000000000000E-002        1058   6.6880967130239027E-002           0
         117         118  0.40216802461087314       0.11268199431891886       -9.3948131643061938E-004  0.97690707695788359        1226845.1060164988        179.76007936485891        14.420423339815883       0.60730691506250467                0           0   3834.4818221751120        1.0894929361876689E-003   1.5625000000000000E-002         820  0.96015688051937520                0
          85          86   8.0567479673496034E-002   7.0359839832317903E-002  -1.6540594186675728E-004  0.98642166572395873        1357017.8794508749        127.71821781941760        6.4878573974813349       0.28789222322457148                0           0   3466.6567986181526        1.9401392259058692E-004   1.5625000000000000E-002         788  -7.2924088314552604E-002           0
          47          48   9.8900608463481726E-002   3.1153535981132970E-002  -9.0443949087021743E-005  0.96929450295796848        1448762.9164048610        126.95392421516813        16.216368342795040       0.83526727125701794                0           0   3247.1256714098058        1.9207619232510233E-004   1.5625000000000000E-002         750  0.40699954532284599                0
         387         388  0.11696728908539532        8.3148869844046139E-002  -2.2937091263990737E-004  0.98805660832562692        1621816.8133316138        158.01625641944426        8.1294712336620023       0.43586617559745322                0           0   2900.6452633703634        8.9394907143972642E-004   1.5367120289072779E-004        1090  0.22398240768981342                0
         103         104   9.4240900685283069E-002   8.1646476448274677E-002  -1.9581474411928143E-004  0.97430932578693863        1543295.6101144454        146.43699954217337        6.3963402563353018       0.17588556240494380                0           0   3048.2269416265021        8.8618227905427590E-004   3.1250000000000000E-002         806  -4.2298569010084344E-002           0
         215         216   9.9764396033006283E-002   5.7531129034738331E-002  -1.3467170227244636E-004  0.99202500142069505        1843377.2888768672        158.82594977762659        17.381526483270903       0.26291353595706529                0           0   2552.0089056272404        1.9606910170443681E-004   1.5625000000000000E-002         918 -0.28006830316171583                0
          65          66   8.1196656538748205E-002   3.2700733033609646E-002  -6.2627861262289943E-005  0.98184767372588766        2149336.5504112290        157.99647215383459        10.075645242779949       0.54980548990144340                0           0   2188.7290088398181        1.9363885980735446E-004   3.1250000000000000E-002         768  0.14639542288897620                0
          15          16  0.12041882448822794        4.7134796559794988E-002  -1.1370748620294229E-004  0.97825164521118502        2263928.7909641471        186.02285177799217        11.706358383990217       0.56008250723317377                0           0   2077.9431210119114        1.1281688166013199E-003   3.1250000000000000E-002         718  0.22037996386126826                0
         243         244  0.10897784068549871        6.2870305948584129E-002  -1.2688985103554134E-004  0.99345305026723485        2514966.0648626112        201.22235189126619        11.602614327741417       0.33755371157442571                0           0   1870.5283237695505        1.2297376519750148E-003   3.1250000000000000E-002         946   9.0088012913950022E-002           0
          37          38  0.10983277472157330        9.0349772612143470E-002  -1.6313461273031012E-004  0.98167519740275366        2786284.6185355540        226.68993556755197        15.850564550329853       0.57945134856139990                0           0   1688.3828831949368        1.3772225981147541E-003   3.1250000000000000E-002         740  -8.3330634380991475E-002           0
         403         404  0.17519688796893346        3.8994197612049461E-002  -1.0593113866139165E-004  0.98390426164114975        2940509.8293836946        240.33779436644926        13.047052883641475       0.47425141146159755                0           0   1599.8298018377131        1.3662084982873570E-003   9.1982563793712631E-005        1106  0.13148620226422969                0
         127         128  0.41687934908818136       0.27898104023835063       -1.0601324713850049E-003  0.99434194081511351        3619474.9262651657        408.83142482301037        11.647109132377773       0.21765625630997962                0           0   1299.7231237899509        2.4997052625840904E-003   1.5625000000000000E-002         830   2.8454502354569151E-002           0
         217         218   8.1228311512873880E-002   6.5270211912634449E-002  -8.4864059256294254E-005  0.97696892315676265        3390006.8490829859        232.81876606981328        15.353738061919092       0.79187202324742312                0           0   1387.7008121435813        1.4110585494170628E-003   3.1250000000000000E-002         920  0.28241556852269079                0
         175         176   8.2952047495663137E-002   3.6571247402372269E-002  -5.1727611044319548E-005  0.99014035158390823        3413576.5289831026        218.55653581925930        15.029648638817900       0.56222342317350849                0           0   1378.1191714035392        5.8580192225019608E-004   8.1877350987203401E-005         878   3.9262614807609425E-002           0
         143         144  0.25022565110097550       0.15769561095085233       -3.9893226177458845E-004  0.97378367469115990        4047244.7606835263        368.61381757316616        8.2601946888425122       0.62377713224151776                0           0   1162.3500766111972        2.2305190603367172E-003   1.5625000000000000E-002         846  0.20869563668114396                0
          61          62  0.16574606629006447        5.1105325148539382E-002  -1.0680914848388477E-004  0.98146224652464376        3985102.7316611102        295.54272204541036        9.1838879736588837       0.42890893830437149                0           0   1180.4752786595950        1.7952874583487142E-003   1.5625000000000000E-002         764  0.31562688025758401                0
          29          30   9.2064989403419284E-002   3.8673592252436655E-002  -4.8326417632826574E-005  0.98790084533106615        4595724.3541263249        274.56410217347485        6.2791572887398601       0.77798772813088812                0           0   1023.6286807368981        1.6733196375634911E-003   3.1250000000000000E-002         732  0.46424875778790897                0
         237         238  0.17519413512811899        4.8620481183886892E-002  -9.6133046925272949E-005  0.99516489023133436        4632593.2409340926        330.20636827131904        17.891271992703231       0.54901003659965464                0           0   1015.4820449326151        1.9984115928462558E-004   3.1250000000000000E-002         940  0.71372833774858413                0
         147         148  0.31456825641218544       0.25964081492902225       -6.6243600918377415E-004  0.98456015427272825        4747337.3481747657        459.47645601886813        15.746105964899629       0.45593175330746510                0           0   990.93763780099937        1.9668248657376449E-004   3.1250000000000000E-002         850  0.12002446425586338                0
          51          52  0.11606384615255892        9.5064690585184505E-002  -1.2272221425741741E-004  0.98225102950574661        4875119.6806949917        335.05210494151896        2.3947029975899139       0.44290847499741148                0           0   964.96405540019896        1.9752277146147285E-003   1.1124999601381218E-004         754   4.9142385324184627E-002           0
         281         282   8.0478030877779258E-002   1.6466831233086777E-002  -1.7957727180022385E-005  0.98262331419910098        5350086.9492840338        275.01434196130867        14.755386583708487       0.50503204868405671                0           0   879.29697259860609        1.6716311801113009E-003   9.0109847551555762E-004         984  0.44883083184811934                0
          45          46   8.6894120985331738E-002   8.6164685909330241E-002  -8.2040856412477007E-005  0.98387083180607882        5506893.1944410549        340.10174038637848        9.5875741273234691       0.59886311446849760                0           0   854.25939664011355        2.0685513436049150E-003   3.1250000000000000E-002         748  0.51253459940161250                0
         161         162   9.3309048906446132E-002   9.2827486138433946E-002  -9.1369927904145094E-005  0.98807798248475487        5621458.6575696310        353.27784785089466        7.5840180006403477       0.51772461467941233                0           0   836.84956951700087        2.1314720635726542E-003   6.1184768627577278E-005         864  0.15800187755271536                0
         309         310  0.10545420084030525        5.3264404142991120E-002  -5.7855495593977865E-005  0.98363597107776712        6309425.5400360068        361.80592593708820        13.538193813755825       0.51261042113850341                0           0   745.60120058377254        2.2003001492994592E-003   3.1250000000000000E-002        1012  -2.5734277021701030E-002           0
         189         190  0.11107991559331475        5.1209466390144058E-002  -5.9401457297079668E-005  0.98671314114777653        6112335.9088638304        356.86834591407722        18.294975747530046       0.12755429210889432                0           0   769.64278923590894        2.1736268209196817E-003   3.1250000000000000E-002         892 -0.14479527391135819                0
         289         290  0.10428359770713377        2.3242149003040714E-002  -2.7029432849892683E-005  0.98098461182152907        6248176.9650604874        334.17556392360041        14.592119995270815       0.16703230962893884                0           0   752.91005423679155        1.6359669794030398E-003   6.3721071831354729E-005         992  -5.8843137529231836E-002           0
         115         116   9.5073144526220191E-002   4.6025486525321645E-002  -4.6726263478262970E-005  0.98361077625756288        6339435.9430684811        348.99124241529205        10.618860582034818       0.43502174801591631                0           0   742.07158174513086        2.1223306805025111E-003   3.1250000000000000E-002         818  0.19384290435789919                0
         223         224  0.13901763968801717        6.0776114313866474E-002  -7.7059127744084552E-005  0.98944225392426122        6749108.3943128288        408.59974201889202        8.0796620683542653       0.41164908933118405                0           0   697.02766392207877        1.4461938233055935E-003   4.8904710860682619E-005         926  0.15738432066574459                0
         299         300   9.2079428251349071E-002   8.2023039557947389E-002  -6.9096426076411909E-005  0.98687582828590426        7196661.8634630656        407.34484483231699        17.300126389768590       0.13783917302232809                0           0   653.68018491020598        4.9809787227554398E-004   3.1188215264604306E-005        1002 -0.35732899732028656                0
         199         200  0.11230093762090229        4.7925291740752780E-002  -4.9845320530023470E-005  0.98557578802919299        7365259.5215128316        402.38621163417127        12.989141915985062       0.21858083580990470                0           0   638.71683596540686        2.4494184751019071E-003   3.1250000000000000E-002         902  0.84814654213715213                0
         373         374  0.15845034820673778       0.15233439132851201       -1.7085687241666483E-004  0.97954031482356396        7914572.2308056876        526.47535171399795        6.8833704000049432       0.46794361885083136                0           0   594.38654679709373        1.7756067502320595E-003   4.2654826253182825E-005        1076  0.14241068111271596                0
          69          70  0.10464422723177559       0.10349050793134676       -8.6377732787562200E-005  0.98042651398566583        8085705.8082159301        467.23280664956275        12.264692767674147       0.18754624624771762                0           0   581.80638391081243        2.8368343572848856E-003   3.1250000000000000E-002         772 -0.15154170423106789                0
         267         268  0.11152016154947933        1.9237634443879208E-002  -2.0549698238073543E-005  0.97570900600399313        7751483.8462415189        389.06211650130689        4.9906650856083052       0.52371009868685781                0           0   606.89222230989435        1.2632180897901386E-003   5.4833545175428356E-005         970  0.14334394133951039                0
         183         184  0.10185732075756881        5.4219839429199369E-002  -4.3501437441116434E-005  0.97493209951693416        9514146.9041525386        473.11444030226397        16.614348522912771       0.32354229074136331                0           0   494.45476352604140        2.7233116183302403E-003   7.5174151757435620E-005         886   1.2610018244940726                0
         265         266   8.4095384718170976E-002   3.6296916915751078E-002  -2.5177903351361518E-005  0.98208370561475478        10108887.781086169        451.79526289178233        6.5085366255806942       0.43990345975192680                0           0   465.36427740810262        2.7125834874743371E-003   8.4494635061434722E-005         968  0.24549851338990109                0
         367         368  0.20322917187314732       0.17631903439505672       -1.9839682511817863E-004  0.98272414505219052        10352888.803408308        673.08492577074844        16.752271993145939       0.58075029464138661                0           0   454.39638606917521        4.0693829796321366E-003   5.9319675724963938E-005        1070   1.6061595904636723                0
         305         306   8.5255713978393793E-002   1.6586699482616780E-002  -1.1931200371230782E-005  0.97557216214542408        10624387.113807641        441.69112072417624        14.229053997417346       0.32515427969143162                0           0   442.78462439785847        2.6751951435917505E-003   3.1250000000000000E-002        1008  0.11534331643971529                0
         325         326  0.14296285691723640        1.8018411898666035E-002  -1.7591034512000332E-005  0.98525910189351285        11605238.715074902        545.71725305743564        6.1701488727746767       0.32922469380927777                0           0   405.36135215676182        1.9976652747874619E-004   1.5625000000000000E-002        1028   2.6953827052178244E-002           0
         119         120  0.12744757891135747        8.2887871857059842E-002  -6.3848789170769046E-005  0.98269985033698937        12193204.574003790        616.57973866081329        6.3806012006787771       0.28581561811339923                0           0   385.81451078697370        3.7479255214838184E-003   1.6285508013587462E-002         822   2.4820314173066224E-002           0
         133         134  0.13034205300579016        4.8697333779162973E-002  -3.8327520706530195E-005  0.98106207871514284        13234680.429498991        617.16082402219558        9.7288668284267548       0.37644766185410905                0           0   355.45363431362046        2.5390068340751934E-003   3.4233755746078798E-005         836  0.23771731830924098                0
          17          18   8.8310858010865509E-002   3.6165089814597706E-002  -2.2321003472730643E-005  0.98140412768925933        12747100.610456508        533.22349031307033        10.071303654377697       0.38565077164918915                0           0   369.04982563531280        3.2391129273980847E-003   1.7025303551798713E-002         720  -4.7505180626214005E-002           0
         275         276  0.13196141201412448        6.9014568623332620E-002  -4.7734113035901522E-005  0.97881982960046876        15446691.119207690        711.01409562174422        12.193177933527785       0.41717390920646419                0           0   304.55164936877838        2.2835587515915952E-003   3.0096008865100078E-005         978  0.42006228912079113                0
         221         222  0.10685030920939192        6.9974509155263417E-002  -3.1624769178802297E-005  0.98385226450568986        22715904.689715225        881.06432302429369        11.426898912009692       0.18194085431730073                0           0   207.09345816962653        5.2777338183468978E-003   4.7209224716435003E-005         924 -0.23246085588665646                0
         157         158  0.17882018552997023        8.7937108552675433E-002  -4.2075728850883740E-005  0.98509078782486170        36757561.237888768        1392.7604029461975        7.5517863074472436       0.37472477398047749                0           0   127.98224635196071        4.5164958173211167E-003   3.6999204577467653E-005         860   2.6120509006177361E-002           0
         145         146  0.11284151051838727        7.1741434973604884E-002  -2.4259739375987504E-005  0.99376696459890712        37282297.851778544        1243.5754946034012        13.102813278886332       0.40875141357062134                0           0   126.18093649558524        3.6603166573952908E-003   4.0363254017420609E-005         848  0.16552125942879595                0
         405         406   8.7236661288412828E-002   5.5735761705262711E-002  -1.4072224484807611E-005  0.99446106244769783        44632213.233412050        1287.6254686020802        15.196153058137250       0.58954474077855890                0           0   105.40179204295144        4.1544824991840147E-004   1.6005882687437706E-005        1108   1.3783018261502686                0
