  78   2   1   452 225   0      0.0   0.46   4.88  7.992     0.0  -0.2385   0.0000
  -1.203443   0.000000   0.281800   0.062472  -0.571267   0.053723   0.000000   0.000000   0.000000   0.000000
   0.00000   0.00000   0.15256   0.04075   0.00000  -1.20344   0.00000   0.00000  -0.92164   0.77512   0.16553   0.00000   0.00000
 NAME(I1)    NAME(I2)    M1[M*]                    M2[M*]                    EB[NB]                    ECC                       P[Days]                   SEMI[AU]                  RI[PC]                    VI[km/s]                  K*(I1)      K*(I2)      ZN[NB]                    RP[NB]                    STEP(I1)[NB]              NAME(ICM)                 ECM[NB]                   K*(ICM)      
           3           4   8.7970317491499028E-002   4.9196061553816367E-002  -9.2897646351125171E-004  0.98018963898304645        71340.815372945974        17.361255191394889        7.4575987704129032       0.17469973581299278                0           0   65941.428242054317        1.0539810829294615E-004   1.5245494008083902E-003         706  0.11429337173986182                0
          57          58   8.8793517676333700E-002   7.4789808565780366E-002  -1.3944536633748324E-003  0.99288618157622466        67519.482439442989        17.747571380570307        14.844906241992229       0.53077605597471922                0           0   69673.449613065080        1.0843421479498632E-004   1.4428877208345079E-003         760   1.1557404884629989                0
          59          60  0.52934127945164156       0.11516011942956719       -3.1001072744619322E-002  0.99635260950274573        9025.0375450904266        7.3279160146024838        17.318769878487547       0.78207862818854390                0           0   521251.59969045070        4.4850020571511419E-005   6.2500000000000000E-002         762   1.4518539583683170                0
          63          64  0.11284127030153632        5.3401276685359052E-002  -1.4468849236327175E-003  0.97984293960292113        54774.265105649982        15.520472950299069        11.534458837930979       0.40113336465995891                0           0   85885.502043175962        9.4206442072616631E-005   1.1705231095270881E-003         766  0.23317402432725692                0
          83          84  0.10272953417562042        4.1373672231505683E-002  -1.2819188696754095E-003  0.97370419826673227        41789.837138321200        12.356008093958177        14.092758680874004       0.34476592075520351                0           0   112570.79662870750        7.4766174595093939E-005   3.1250000000000000E-002         786  0.23232929438927835                0
          87          88  0.10306885414503236        3.0345968261083246E-002  -4.1821248241819420E-003  0.98428134930470224        4652.7998571211401        2.7870887101701558        15.179677511315440       0.29188519224939014                0           0   1011071.9141389197        1.6955045282497800E-005   6.2500000000000000E-002         790   8.8681524323080629E-002           0
         105         106  0.12790761581087476        8.1406408734692293E-002  -3.3640542461646258E-002  0.96974758674909145        989.02684361157492        1.1534833915785283        17.945726357543894       0.34729236589823864                0           0   4756509.1767037120        6.9657331703446991E-006  0.12500000000000000              808  0.11593375835075695                0
         131         132   8.4797441590329786E-002   6.4637458177469395E-002  -7.7121942017657882E-004  0.98912831439601701        128788.41655396212        26.485513546867381        7.8180018077058371       0.46986916227728714                0           0   36527.471829531067        1.6151620773559698E-004   2.7522015589810937E-003         834  0.12430437759417204                0
         137         138  0.13717930409073115       0.13193897190263901       -4.0334545728335997E-003  0.97817964388784162        48147.574536657077        16.722602131164937        11.149243865268609       0.14530261324474122                0           0   97706.173216745112        1.0141787278782275E-004   1.0289110872438113E-003         840  0.66823056137236458                0
         167         168  0.11739175763496201        6.6852661947444644E-002  -1.3371095085191684E-003  0.97921691183512483        87047.450602289726        21.873015901955345        12.250296863724992       0.66830665659228117                0           0   54043.113555826756        1.3272323952673876E-004   1.8601993538182157E-003         870  0.41872957898673430                0
         177         178  0.17518944591650459       0.15841447355487015       -4.8844045916293037E-002  0.97081544669269548        1948.4551180766894        2.1174370246531056        3.5827840787041105       0.80645935319436557                0           0   2414382.1502485364        1.2793853451865820E-005  0.12500000000000000              880  0.51119808226283692                0
         181         182  0.16494482085752635        4.8117280213717237E-002  -2.2342341753636167E-003  0.98308070947828008        38113.841390388654        13.238244572811659        4.9158320735582706       0.30632175488055480                0           0   123428.00111539195        8.0485139620415977E-005   6.2500000000000000E-002         884   5.5717366738736993E-002           0
         193         194  0.13607741833753259        1.4509867592654014E-002  -3.3139095177587647E-004  0.98026160729439438        98477.807758994706        22.203845682541278        15.042654361953891       0.68168500757967743                0           0   47770.308506030713        1.3480179630591914E-004   2.1044654736148906E-003         896   1.2045844930426084                0
         195         196  0.23980714281985319       0.16746154432118399       -1.7866781603804005E-002  0.96643523058497638        13874.745800257982        8.3762612435180923        11.698481014369849       0.97342888397372251                0           0   339055.96004197007        5.0498069052990366E-005  0.12500000000000000              898  0.74542615239907983                0
         207         208   9.9440827635248155E-002   5.0100703362626467E-002  -8.7683211256005204E-003  0.98112175417415370        2910.2243960466299        2.1174416066239212        3.1471642795127459       0.75485327549264414                0           0   1616478.5313583727        1.2860786271453537E-005  0.12500000000000000              910  0.45565336537621248                0
         225         226  0.11258739991983015        4.7810171057872303E-002  -9.4939383745014589E-004  0.98185672257896206        88575.957032427817        21.129198100363176        15.331608977637961       0.57970789032278847                0           0   53110.521356517827        1.2838083044770557E-004   1.8928634543056697E-003         928   1.1148999609521335                0
         235         236   9.9158490776633662E-002   3.5661683213779022E-002  -5.1301121046354124E-003  0.96614283730650707        4095.4263718306088        2.5687641194955386        6.9166777118271083       0.28629565286960601                0           0   1148675.3345151674        1.5484037106406675E-005   6.2500000000000000E-002         938  0.12910504463506467                0
         239         240   8.3253089810449737E-002   5.9845060969569666E-002  -7.4110620056441019E-004  0.97866503909393976        121080.59857328323        25.053451414275163        15.852718351290218       0.45801086482446035                0           0   38852.758518512826        1.5197941044801133E-004   2.5874859018561497E-003         942  0.14875785536141256                0
         247         248  0.12867704596478571        5.6124925773135610E-002  -4.8755267774440045E-002  0.97148621675522984        348.47281385192167       0.55201979559906922        18.509403682879864       0.63526775710541505                0           0   13499805.639483234        3.3365167437779866E-006   6.2500000000000000E-002         950  0.54657944777721612                0
         249         250   8.3325272192247987E-002   6.4931060179189190E-002  -5.9417119074347373E-003  0.97581540753508467        5929.7866670524481        3.3934150410168407        15.431778242515438       0.56424355751428124                0           0   793336.34104971308        2.0555510157367267E-005   3.1250000000000000E-002         952   1.3351041741439436                0
         271         272  0.13618545113931463       0.10282415591629936       -1.7643068358636144E-003  0.98806680624688603        120181.93023047518        29.578155387187675        6.3082307861391342       0.51172762172188491                0           0   39143.282593508091        1.8027976026539725E-004   2.5682814075369963E-003         974   8.5518082502612350E-002           0
         287         288   8.8414603939471620E-002   4.2704642040310346E-002  -5.8515194294090581E-004  0.98093659039144399        118941.02246670357        24.046383900145148        3.4911104463049960       0.61881838500312891                0           0   39551.663169548527        1.4603779329379048E-004   2.5417632751351354E-003         990  0.21543178623903922                0
         291         292  0.10251315781699964        2.9651563345757474E-002  -1.1831110334550475E-003  0.98075559013170377        29765.556837160901        9.5746088155111213        8.4230147109265729       0.59092165365541627                0           0   158045.59892431262        5.8142920318824777E-005  0.12500000000000000              994  0.24090329537035560                0
         303         304  0.77980953382043972       0.33783563817501155       -5.2382472905160467E-002  0.97671789874474535        28033.625192942258        18.742492285908785        6.4455387457601256       0.63420350115846058                0           0   167809.73653129677        1.1358394461059082E-004  0.12500000000000000             1006  0.23092287642645040                0
         311         312  0.16827131513595273       0.11782564957455051       -9.1314488263872420E-003  0.97485864189666582        15717.300866973132        8.0915100549741776        14.033206132929861       0.18524331963652907                0           0   299308.08714936365        4.8990345746074786E-005  0.12500000000000000             1014 -0.14192774613630565                0
         321         322  0.12252965187021556        4.0765808550071510E-002  -1.0952504619379879E-003  0.97557453106160041        63331.226025514967        16.995860241612995        15.883460859918861       0.48560305559080102                0           0   74281.133539866772        1.0293936416602254E-004   1.3533849057502374E-003        1024  0.78564743710834639                0
         323         324  0.13577855073708561        2.1714876777924844E-002  -1.0672784058174505E-003  0.97737634574565457        30402.145619620234        10.295090097572151        11.489065808444066       0.58434840907421293                0           0   154736.29119810546        6.2411468000077191E-005   6.2500000000000000E-002        1026  0.38843072834612802                0
         337         338  0.14234346256931027        4.8688670540606271E-002  -2.7220309402593351E-003  0.98436219341894415        24424.438780536861        9.4883723855236379        15.458241728950609       0.52032927757641378                0           0   192606.89262565569        5.7724153992768256E-005   3.1250000000000000E-002        1040   1.5594871044717582                0
         357         358   7.9717634398698847E-002   3.5168480550120958E-002  -1.1543449013877967E-003  0.99034897964864510        29342.295402160125        9.0508997532508531        14.232947298079601       0.51294152897749112                0           0   160325.40035359471        5.5228836842580753E-005   6.2500000000000000E-002        1060  0.89919189142508793                0
         363         364   8.0030474895858961E-002   2.5241398542184282E-002  -3.2505135387658957E-004  0.96900162088983910        125469.53716214608        23.159872534501439        10.458444731649202       0.68279999031848571                0           0   37493.684634903126        1.3980643129274424E-004   2.6812772842626522E-003        1066  0.47759216975170238                0
         371         372   9.0756420354949963E-002   8.9399293653254358E-002  -1.4941626717007766E-003  0.97790038526241019        78336.750524128642        20.236383406048532        8.6912998567672446       0.37918740490734693                0           0   60052.468683849453        1.2271064128272370E-004   1.6740521600223611E-003        1074  0.20432064074461614                0
         383         384   9.3433970454860987E-002   6.5975786712685114E-002  -2.9999592269293533E-003  0.97176827062077331        19385.313257799193        7.6576121486429507        11.907739670777067       0.55398522495224356                0           0   242674.19334851863        4.6290742961604388E-005   6.2500000000000000E-002        1086  0.51914404367084466                0
         395         396  0.10118924464727580        7.2387835402996439E-002  -4.0679476328368365E-003  0.98184110250843104        15239.121285685993        6.7103307468978812        7.3412089701115688       0.47318392841939683                0           0   308699.90266850201        4.0771591993552411E-005  0.12500000000000000             1098   5.8414609877961696E-002           0
         401         402  0.11008182267075275        8.1520559788653676E-002  -2.1754919003101718E-003  0.98946501741247106        50292.904508829961        15.372504553420699        9.4205166448764714       0.49046581264494354                0           0   93538.349069078395        9.3761781152373525E-005   1.0747566737641576E-003        1104  0.16227951282678965                0
         219         220   5.9461379470541447        2.5291364086335988      -0.75299076982192070       0.98221912150944157        80559.862777643633        74.428097414589246        9.3295803635463042       0.27699798618684462                0           0   58395.273967004177        4.5230718866207646E-004   9.7656250000000000E-004         922  0.17644874924546364                0
         159         160  0.52009082554844766       0.13749382338007102       -6.8562166579241961E-003  0.98252657550525302        109146.58921206869        38.868446659729038        4.5257062784651163       0.56451160620879925                0           0   43100.891119047374        2.3624417772278330E-004   9.7656250000000000E-004         862  0.24014449723666703                0
           1           2   2.0244841138268650       0.61000484406818434       -7.0741485713423660E-002  0.98738152934187551        118081.33591071346        65.056817812538299        13.963069240431752       0.45127256888834416                0           0   39839.617509086311        3.9638661146352313E-004   9.7656250000000000E-004         704  0.10283811240913808                0
         283         284  0.18094602805437388        8.1870494517192083E-002  -1.6064068193646895E-003  0.97697797871714775        143540.44546752289        34.366892541613126        5.5615106233499993       0.31131883599095567                0           0   32773.447527785116        2.0829891525217590E-004   9.7656250000000000E-004         986  -4.3655405004748501E-002           0
         185         186  0.24628085064239766        6.9358336926096664E-002  -1.8551080494142963E-003  0.99057546901522908        130681.44545928008        34.314639623851313        9.3545589018086197       0.58059873359454151                0           0   35998.341165507023        2.0941269287605858E-004   9.7656250000000000E-004         888  0.25186512715830256                0
         191         192  0.17819880543248182        5.0730547014061628E-002  -8.9966543292994278E-004  0.98450778698896024        174927.64032278312        37.446621017460309        14.995974806807164       0.62037357093404888                0           0   26892.921261409472        2.2782970840593575E-004   9.7656250000000000E-004         894  0.50379169121075607                0
          71          72  0.16939743337267674        2.6319217633798585E-002  -4.7647967898261517E-004  0.96976219828091648        170003.73667627125        34.870225322542275        9.8654890690416703       0.26067160427701402                0           0   27671.834452691655        1.5082883319385277E-004   9.7656250000000000E-004         774 -0.14196175088514704                0
          53          54  0.10539273585624893        8.3691576402142989E-002  -9.4861616487088496E-004  0.98840746126056767        171334.30925667207        34.651436372167325        11.783376932801554       0.32961656320720567                0           0   27456.936547351612        2.1096666920612941E-004   9.7656250000000000E-004         756 -0.16418654854496448                0
         245         246  0.10614450888457336        7.9534736728126665E-002  -8.8338078697462622E-004  0.97533507163214717        180155.36208468804        35.614411017835778        11.886785546955124       0.26414617641504923                0           0   26112.546433302068        2.1568078356416255E-004   9.7656250000000000E-004         948  0.14731127846137618                0
         331         332  0.12214104311112879        9.8521910482032543E-002  -1.1537755047203683E-003  0.97154055198387024        188414.45473505274        38.868024797675822        13.852377787595684       0.30242691227715651                0           0   24967.910579153504        2.3493249830021899E-004   9.7656250000000000E-004        1034   2.8273382076427371E-002           0
         203         204  0.10958957416913398        5.6611292613942377E-002  -6.2817234305771752E-004  0.98494187057407623        200051.97130642890        36.805509599966030        12.713332756570042       0.18350819564439907                0           0   23515.465640870621        1.6988547057778460E-004   9.7656250000000000E-004         906 -0.19183373809537083                0
          21          22  0.17137201111473407        1.8580527211685235E-002  -2.8964617018065918E-004  0.97725619083110171        219756.57682243298        40.968444197440832        7.3721714099618216       0.26568315348933852                0           0   21406.937283364805        1.8343950172520064E-004   9.7656250000000000E-004         724  0.10041355051496823                0
         369         370  0.35577330781196675       0.28758888866695975       -6.5923629871082615E-003  0.96841922705639494        200307.85819162280        57.839387851881206        16.532744824330759       0.53827675121469876                0           0   23485.425385280789        3.4904883910831302E-004   9.7656250000000000E-004        1072   1.6971088374843220                0
          77          78   9.3430964505624117E-002   2.0354482771848002E-002  -1.6334883162896549E-004  0.97425183352183942        309441.22681298596        43.386459025179242        13.319310035883646       0.51528365960233691                0           0   15202.613129787858        1.8457846561722538E-004   9.7656250000000000E-004         780  0.92695783524018660                0
         315         316  0.30834333591613694       0.21242803698149326       -3.5544000840579989E-003  0.96932722246065328        288048.63087816222        68.675120176768687        9.7285809778656294       0.39132843602369516                0           0   16331.670257563481        4.1463143421502049E-004   9.7656250000000000E-004        1018  0.24158270157560166                0
          89          90  0.20842321107894346       0.10223825271363279       -1.3435582502014560E-003  0.98702482580270168        297769.38109927031        59.104743533761280        6.6813446481767498       0.78126133181308599                0           0   15798.519109916271        3.6005640583131949E-004   9.7656250000000000E-004         792  0.43200088061501957                0
         155         156  0.50373356431637750       0.18870347651975347       -4.6345267489272665E-003  0.98128177235206437        293320.33962033020        76.435433608783669        12.485939377266504       0.65171054724274380                0           0   16038.148816184937        4.6428632181207922E-004   9.7656250000000000E-004         858  0.41762683113417481                0
         187         188  0.16652052450678573        4.4390738220572948E-002  -5.1200105471243477E-004  0.98740860044556455        313872.49940009229        53.803263366689940        6.4243149718150008       0.68121129092285770                0           0   14987.981637882163        1.5401396217716847E-004   9.7656250000000000E-004         890  0.30323252693034147                0
         255         256   8.3811449474318997E-002   3.0344259974373743E-002  -1.9498774621546684E-004  0.99476358635673934        366335.73421504453        48.606227887337262        10.998013762532622       0.48354695067795106                0           0   12841.540746017587        1.7373772739312873E-004   9.7656250000000000E-004         958  0.28571571807733742                0
          93          94   8.5361728603296438E-002   7.1347741082274679E-002  -4.1080252103106030E-004  0.97812880800934654        378910.90214675880        55.249666982163497        12.755104820570935       0.35532831419183736                0           0   12415.359998859836        1.7179347800011020E-004   9.7656250000000000E-004         796  0.39339572753591862                0
          95          96  0.62290701776509083        9.1312241257938784E-002  -2.4694035115122603E-003  0.98226931515739802        343711.21086858155        85.837982395326648        10.198485467903767       0.46145433061167690                0           0   13686.825186052674        5.1650748993959099E-004   2.8512060538134856E-005         798  0.31685797929922122                0
          67          68  0.52597586808430075       0.46375414949012228       -9.5351984985231255E-003  0.98266064699714351        341740.68956755206        95.332992401100725        16.125465151797986       0.37422095020067414                0           0   13765.745201713413        5.7947742737167690E-004   9.7656250000000000E-004         770  0.11792956572153354                0
         213         214   8.6717284611907239E-002   1.7710005955573944E-002  -1.1427078035879827E-004  0.98213695314694749        400632.33674856107        50.085097135765906        7.6207738384743751       0.38129308626228697                0           0   11742.225542311169        1.5552041722878169E-004   9.7656250000000000E-004         916  0.17955026769328622                0
         313         314  0.11479116130453372        5.7685466757393881E-002  -3.9453446450446250E-004  0.99253727403468150        435049.79924732697        62.547398305763593        4.4800994052161744       0.37385042838727284                0           0   10813.279918261374        1.7042172232509015E-004   9.7656250000000000E-004        1016   9.3936629306354519E-002           0
         365         366  0.29906545429998188       0.27572229150032296       -3.4223050706489746E-003  0.97703614846779008        409915.73603235272        89.792227251814452        13.019715176217479       0.28316118514797622                0           0   11476.298283102440        5.4424978456707430E-004   9.7656250000000000E-004        1068 -0.23302432232609388                0
         201         202  0.41909726131645580       0.36316033186407948       -5.4401348907038797E-003  0.97784193266974673        439642.50440806977        104.26124217537117        13.480005389852982       0.39215625560958761                0           0   10700.319487940789        6.3220712582260643E-004   9.7656250000000000E-004         904   4.7723660753863077E-002           0
         171         172  0.11855449161888632       0.10910379859810015       -6.3808363105355751E-004  0.99690688946593098        502629.43037454027        75.543937317710842        3.0322162914213875       0.23151908145816219                0           0   9359.4106778413025        1.6222029374787257E-004   9.7656250000000000E-004         874  -8.0825518247205852E-002           0
         347         348  0.19457293008789711        9.8264029982305379E-002  -8.4213227326918961E-004  0.97623178622328566        525292.62380639045        84.608893442837001        4.8854283900263464       0.45999253816306362                0           0   8955.6088253366652        5.1262384884362530E-004   7.0159220101302102E-004        1050  0.17518820512605621                0
         343         344   9.9716206803828866E-002   3.9838043689421537E-002  -1.9541286924161294E-004  0.98547806040898511        644708.77578794607        75.758248904357316        16.505950567706467       0.71167947221519945                0           0   7296.8066114739531        4.6110969753691106E-004   2.4414062500000000E-004        1046   1.8136619539741190                0
          55          56   8.3915877860446200E-002   1.7498204653530233E-002  -7.7740196882517218E-005  0.96898154446861051        677342.13462491788        70.390059717499767        14.136866894657194       0.14394904368655384                0           0   6945.2570823012566        1.8325936041652929E-004   9.0467281955496765E-004         758 -0.19816128052443277                0
          99         100  0.11123848720615616        3.9011678252708890E-002  -1.9764343022701515E-004  0.98119635498491209        697449.45099556562        81.825121918085514        10.984815163222461       0.54322947426263479                0           0   6745.0268272914218        1.9609050585244134E-004   9.3152858662575637E-004         802  0.14455884629854876                0
         391         392  0.13558686976987694        5.7578981684498085E-002  -2.5446740011902898E-004  0.98428057182237338        1015963.8259505472        114.33226250480101        11.739653793880938       0.39015334564510545                0           0   4630.3964151906221        1.9855493643177781E-004   1.3569432816954447E-003        1094  0.14390421767026731                0
         385         386  0.12648191059682606        5.9749107023494945E-002  -2.5030111744847215E-004  0.99192399726360403        1010156.8010307509        112.51654391747591        13.745094357707709       0.28196934889502995                0           0   4657.0148840700185        1.9971473045980897E-004   1.3491872934896804E-003        1088  -1.0457830140932659E-002           0
          41          42  0.11122608390456809        8.6847116325004775E-002  -3.0034655602715249E-004  0.97689552612968544        1076875.4069236529        119.85571002551679        3.2608100432293283       0.81727633916553610                0           0   4368.4861102769009        1.9934720720389158E-004   1.4382981079871901E-003         744  0.51224710761536474                0
         345         346  0.55774375829353751       0.47607345656862060       -4.7923803546830179E-003  0.97923176074338625        1065819.0059203701        206.47940675782556        1.8268439732567152       0.23009372692575220                0           0   4413.8031237137029        1.2529054742208931E-003   1.4235309394346107E-003        1048  -3.0600034232946022E-002           0
          73          74  0.94128231410560004       0.69908498357263338       -1.0547991353088345E-002  0.98595090542721642        1010924.7705775029        232.48741209934116        14.200557769507084       0.45215002058455189                0           0   4653.4770880699325        1.4155097427745917E-003   1.3502130102429684E-003         776  0.32365732310301110                0
         285         286   8.9462339041284894E-002   4.2834040765278178E-002  -1.2838168338598593E-004  0.97556116315563901        1178106.6063545495        111.23605151706303        9.3523578344902294       0.64309071488063430                0           0   3993.1150816660524        1.4410236536712358E-004   1.5735046896164196E-003         988  0.21748653711268626                0
         293         294  0.55382231722128972       0.12326253909399966       -1.3046202104985013E-003  0.97555013288418735        1208714.8790814586        195.00098087310155        12.614896154021078       0.45375022318657843                0           0   3891.9974752190724        7.0596797969885909E-004   3.1563814905525677E-005         996  0.99333814784614027                0
         123         124  0.67985937278035102       0.12376754478802159       -1.4259437148545892E-003  0.97763451234374055        1328700.8530377366        219.90890590005125        9.9020192125000221       0.51464735211266055                0           0   3540.5375460469845        6.7313826522799635E-004   2.9579364293605338E-005         826  0.35031503392269348                0
           7           8  0.10772050310063933        1.1526931384030817E-002  -3.7943697728780554E-005  0.99082248886431246        1424470.1409572540        121.95279694780302        9.1975405935922083       0.42507370285702384                0           0   3302.5018372680170        1.6260639909577266E-004   1.9025531602360375E-003         710  -2.5542015068030527E-002           0
         355         356  0.32294731613854971       0.22153041596011064       -1.4146791448691402E-003  0.98835597978780254        1280677.5733209376        188.46314208734015        6.5806555922596379       0.40972661669094296                0           0   3673.3018174480535        1.1488556879049804E-003   1.7105006937722020E-003        1058   6.6854183188709018E-002           0
         117         118  0.40216802461087314       0.11268199431891886       -9.3948131643061938E-004  0.97690707695788359        1226845.1060164988        179.76007936485891        14.846930370993036       0.61121975971035070                0           0   3834.4818221751120        1.0894929361876689E-003   1.6386008849601078E-003         820  0.96022416606001293                0
          85          86   8.0567479673496034E-002   7.0359839832317903E-002  -1.6540594186675728E-004  0.98642166572395873        1357017.8794508749        127.71821781941760        6.4138986987120408       0.28721797760952078                0           0   3466.6567986181526        1.9401392259058692E-004   1.8124624594174229E-003         788  -7.2943633173415651E-002           0
          47          48   9.8900608463481726E-002   3.1153535981132970E-002  -9.0443949087021743E-005  0.96929450295796848        1448762.9164048610        126.95392421516813        16.052377327218334       0.83632768351828612                0           0   3247.1256714098058        1.9207619232510233E-004   1.9349991170657750E-003         750  0.40701415845796501                0
