 1031197   1   373 117   0      1.2   7.73   4.63  6.127     0.0  -0.2148   0.0000
  -1.117645   0.000000   0.245611   0.096985  -0.663599   0.060150   0.000000   0.000000   0.000000   0.000000
   0.00000   0.00000   0.13552   0.03070   0.00000  -1.11764   0.00000   0.00000  -0.87203   0.66276   0.19282   0.00000   0.00000
 NAME(I1)    NAME(I2)    M1[M*]                    M2[M*]                    EB[NB]                    ECC                       P[Days]                   SEMI[AU]                  RI[PC]                    VI[km/s]                  K*(I1)      K*(I2)      ZN[NB]                    RP[NB]                    STEP(I1)[NB]              NAME(ICM)                 ECM[NB]                   K*(ICM)      
           3           4   8.7970317491499028E-002   4.9196061553816367E-002  -9.2897646351125171E-004  0.98018963898304645        71340.815372945974        17.361255191394889        5.0196130615368171       0.18795901850221167                0           0   65941.428242054317        1.0539810829294615E-004  0.50000000000000000              706   6.7141134109997211E-002           0
          59          60  0.52934127945164156       0.11516011942956719       -3.1001072744619322E-002  0.99635260950274573        9025.0375450904266        7.3279160146024838        13.799242197952289       0.87894691329123387                0           0   521251.59969045070        4.4850020571511419E-005  0.50000000000000000              762   1.3849801891033220                0
          63          64  0.11284127030153632        5.3401276685359052E-002  -1.4468849236327175E-003  0.97984293960292113        54774.265105649982        15.520472950299069        12.107555465440134       0.36745690807450598                0           0   85885.502043175962        9.4206442072616631E-005  0.12500000000000000              766  0.19070215314388123                0
          83          84  0.10272953417562042        4.1373672231505683E-002  -1.2819188696754095E-003  0.97370419826673227        41789.837138321200        12.356008093958177        15.647191298823440       0.39234226631784480                0           0   112570.79662870750        7.4766174595093939E-005  0.12500000000000000              786  0.30853498494231424                0
         131         132   8.4797441590329786E-002   6.4637458177469395E-002  -7.7121942017657882E-004  0.98912831439601701        128788.41655396212        26.485513546867381        7.7450129095136484       0.44063536980884827                0           0   36527.471829531067        1.6151620773559698E-004   1.5625000000000000E-002         834  0.10071507305057517                0
         137         138  0.13717930409073115       0.13193897190263901       -4.0334545728335997E-003  0.97817964388784162        48147.574536657077        16.722602131164937        7.7784740653297675       0.26326941659741843                0           0   97706.173216745112        1.0141787278782275E-004  0.50000000000000000              840  0.59655161651997968                0
         167         168  0.11739175763496201        6.6852661947444644E-002  -1.3371095085191684E-003  0.97921691183512483        87047.450602289726        21.873015901955345        13.085120788669053       0.69419734285672163                0           0   54043.113555826756        1.3272323952673876E-004  0.50000000000000000              870  0.41168486185679337                0
         177         178  0.17518944591650459       0.15841447355487015       -4.8844045916293037E-002  0.97081544669269548        1948.4551180766894        2.1174370246531056        1.6793824924192162       0.79721891640754061                0           0   2414382.1502485364        1.2793853451865820E-005  0.25000000000000000              880  0.48049057903308268                0
         181         182  0.16494482085752635        4.8117280213717237E-002  -2.2342341753636167E-003  0.98308070947828008        38113.841390388654        13.238244572811659        4.1372615219767193       0.32991535775418052                0           0   123428.00111539195        8.0485139620415977E-005  0.50000000000000000              884   3.2052145145420249E-002           0
         193         194  0.13607741833753259        1.4509867592654014E-002  -3.3139095177587647E-004  0.98026160729439438        98477.807758994706        22.203845682541278        14.195802320154771       0.75120671443233666                0           0   47770.308506030713        1.3480179630591914E-004  0.50000000000000000              896   1.0882052116137426                0
         195         196  0.23980714281985319       0.16746154432118399       -1.7866781603804005E-002  0.96643523058497638        13874.745800257982        8.3762612435180923        12.286840974968438        1.0119626482211439                0           0   339055.96004197007        5.0498069052990366E-005  0.50000000000000000              898  0.78861861565834035                0
         207         208   9.9440827635248155E-002   5.0100703362626467E-002  -8.7683211256005204E-003  0.98112175417415370        2910.2243960466299        2.1174416066239212        1.6969879793521043       0.73487264063131463                0           0   1616478.5313583727        1.2860786271453537E-005  0.12500000000000000              910  0.45320388353189794                0
         225         226  0.11258739991983015        4.7810171057872303E-002  -9.4939383745014589E-004  0.98185672257896206        88575.957032427817        21.129198100363176        14.309724587145610       0.68857060454153951                0           0   53110.521356517827        1.2838083044770557E-004  0.50000000000000000              928   1.0226211929533471                0
         235         236   9.9158490776633662E-002   3.5661683213779022E-002  -5.1301121046354124E-003  0.96614283730650707        4095.4263718306088        2.5687641194955386        4.0770235231818130       0.31001692346441589                0           0   1148675.3345151674        1.5484037106406675E-005  0.50000000000000000              938   8.2273181053305097E-002           0
         249         250   8.3325272192247987E-002   6.4931060179189190E-002  -5.9417119074347373E-003  0.97581540753508467        5929.7866670524481        3.3934150410168407        14.760457321671131       0.44427622221059437                0           0   793336.34104971308        2.0555510157367267E-005  0.25000000000000000              952   1.2423223736481057                0
         271         272  0.13618545113931463       0.10282415591629936       -1.7643068358636144E-003  0.98806680624688603        120181.93023047518        29.578155387187675        6.0127270016590408       0.49192618760065876                0           0   39143.282593508091        1.8027976026539725E-004  0.50000000000000000              974   9.2703084230130309E-002           0
         287         288   8.8414603939471620E-002   4.2704642040310346E-002  -5.8515194294090581E-004  0.98093659039144399        118941.02246670357        24.046383900145148        3.3466560284676121       0.60063439729070156                0           0   39551.663169548527        1.4603779329379048E-004  0.50000000000000000              990  0.19767130515382494                0
         291         292  0.10251315781699964        2.9651563345757474E-002  -1.1831110334550475E-003  0.98075559013170377        29765.556837160901        9.5746088155111213        10.567217767005499       0.58833407239046798                0           0   158045.59892431262        5.8142920318824777E-005   3.1250000000000000E-002         994  0.23395234953201571                0
         303         304  0.77980953382043972       0.33783563817501155       -5.2382472905160467E-002  0.97671789874474535        28033.625192942258        18.742492285908785        6.4384265646951180       0.63605195042158891                0           0   167809.73653129677        1.1358394461059082E-004  0.50000000000000000             1006  0.23404619373512708                0
         311         312  0.16827131513595273       0.11782564957455051       -9.1314488263872420E-003  0.97485864189666582        15717.300866973132        8.0915100549741776        14.941752227503949       0.16407493669936185                0           0   299308.08714936365        4.8990345746074786E-005  0.50000000000000000             1014 -0.12855952921148092                0
         321         322  0.12252965187021556        4.0765808550071510E-002  -1.0952504619379879E-003  0.97557453106160041        63331.226025514967        16.995860241612995        16.002869743635937       0.42406340245466662                0           0   74281.133539866772        1.0293936416602254E-004  0.25000000000000000             1024  0.71948385091013756                0
         323         324  0.13577855073708561        2.1714876777924844E-002  -1.0672784058174505E-003  0.97737634574565457        30402.145619620234        10.295090097572151        12.826307032818892       0.64618323788894361                0           0   154736.29119810546        6.2411468000077191E-005  0.50000000000000000             1026  0.36426036135707779                0
         337         338  0.14234346256931027        4.8688670540606271E-002  -2.7220309402593351E-003  0.98436219341894415        24424.438780536861        9.4883723855236379        12.753544747122206       0.41420420789293239                0           0   192606.89262565569        5.7724153992768256E-005  0.50000000000000000             1040   1.4566307506339169                0
         363         364   8.0030474895858961E-002   2.5241398542184282E-002  -3.2505135387658957E-004  0.96900162088983910        125469.53716214608        23.159872534501439        12.999932068043721       0.70371734148520881                0           0   37493.684634903126        1.3980643129274424E-004  0.50000000000000000             1066  0.54626913996755710                0
         371         372   9.0756420354949963E-002   8.9399293653254358E-002  -1.4941626717007766E-003  0.97790038526241019        78336.750524128642        20.236383406048532        10.838859637047261       0.44938392244622055                0           0   60052.468683849453        1.2271064128272370E-004  0.50000000000000000             1074  0.26776817785965756                0
         383         384   9.3433970454860987E-002   6.5975786712685114E-002  -2.9999592269293533E-003  0.97176827062077331        19385.313257799193        7.6576121486429507        11.210053969526648       0.48638763202669016                0           0   242674.19334851863        4.6290742961604388E-005  0.50000000000000000             1086  0.46740570926700398                0
         395         396  0.10118924464727580        7.2387835402996439E-002  -4.0679476328368365E-003  0.98184110250843104        15239.121285685993        6.7103307468978812        9.0440244397270568       0.49171601863035330                0           0   308699.90266850201        4.0771591993552411E-005  0.50000000000000000             1098   6.2829304716829501E-002           0
         401         402  0.11008182267075275        8.1520559788653676E-002  -2.1754919003101718E-003  0.98946501741247106        50292.904508829961        15.372504553420699        8.8295434775918480       0.43887534361486147                0           0   93538.349069078395        9.3761781152373525E-005  0.50000000000000000             1104  0.13710125049354707                0
         219         220   5.9461379470541447        2.5291364086335988      -0.75299076982192070       0.98221912150944157        80559.862777643633        74.428097414589246        7.6528230479153248       0.20204731396802988                0           0   58395.273967004177        4.5230718866207646E-004  0.50000000000000000              922  0.12543198263281960                0
         159         160  0.52009082554844766       0.13749382338007102       -6.8562166579241961E-003  0.98252657550525302        109146.58921206869        38.868446659729038        3.5795755690543674       0.57836229512168358                0           0   43100.891119047374        2.3624417772278330E-004  0.50000000000000000              862  0.19339689706859101                0
           1           2   2.0244841138268650       0.61000484406818434       -7.0741485713423660E-002  0.98738152934187551        118081.33591071346        65.056817812538299        14.873422465878109       0.48163426119143737                0           0   39839.617509086311        3.9638661146352313E-004  0.50000000000000000              704  0.12690130717435066                0
         283         284  0.18094602805437388        8.1870494517192083E-002  -1.6064068193646895E-003  0.97697797871714775        143540.44546752289        34.366892541613126        6.1163299068419859       0.29090663987191490                0           0   32773.447527785116        2.0829891525217590E-004  0.50000000000000000              986  -5.0178068065093326E-002           0
         185         186  0.24628085064239766        6.9358336926096664E-002  -1.8551080494142963E-003  0.99057546901522908        130681.44545928008        34.314639623851313        8.4151677560198124       0.53716687741174152                0           0   35998.341165507023        2.0941269287605858E-004  0.50000000000000000              888  0.21776647257478976                0
         191         192  0.17819880543248182        5.0730547014061628E-002  -8.9966543292994278E-004  0.98450778698896024        174927.64032278312        37.446621017460309        16.210086959883185       0.62442203484626246                0           0   26892.921261409472        2.2782970840593575E-004  0.12500000000000000              894  0.46988193451628135                0
          71          72  0.16939743337267674        2.6319217633798585E-002  -4.7647967898261517E-004  0.96976219828091648        170003.73667627125        34.870225322542275        10.349461725779987       0.27017533098375185                0           0   27671.834452691655        1.5082883319385277E-004  0.25000000000000000              774 -0.11830666981631992                0
          53          54  0.10539273585624893        8.3691576402142989E-002  -9.4861616487088496E-004  0.98840746126056767        171334.30925667207        34.651436372167325        12.520288230681990       0.26414396603392321                0           0   27456.936547351612        2.1096666920612941E-004  0.12500000000000000              756 -0.16848277189204397                0
         245         246  0.10614450888457336        7.9534736728126665E-002  -8.8338078697462622E-004  0.97533507163214717        180155.36208468804        35.614411017835778        9.8840829068689668       0.18002487012879484                0           0   26112.546433302068        2.1568078356416255E-004  0.50000000000000000              948  0.11096301431244970                0
         331         332  0.12214104311112879        9.8521910482032543E-002  -1.1537755047203683E-003  0.97154055198387024        188414.45473505274        38.868024797675822        15.506964496870156       0.29276549213743236                0           0   24967.910579153504        2.3493249830021899E-004  0.50000000000000000             1034   6.8984898022074359E-002           0
         203         204  0.10958957416913398        5.6611292613942377E-002  -6.2817234305771752E-004  0.98494187057407623        200051.97130642890        36.805509599966030        13.523331433445977       0.14328000892438000                0           0   23515.465640870621        1.6988547057778460E-004  0.50000000000000000              906 -0.16843405171692372                0
          21          22  0.17137201111473407        1.8580527211685235E-002  -2.8964617018065918E-004  0.97725619083110171        219756.57682243298        40.968444197440832        4.3287355247267802       0.24453998245607397                0           0   21406.937283364805        1.8343950172520064E-004  0.50000000000000000              724   6.6602578733715945E-002           0
         369         370  0.35577330781196675       0.28758888866695975       -6.5923629871082615E-003  0.96841922705639494        200307.85819162280        57.839387851881206        13.856407545665144       0.41726085234068916                0           0   23485.425385280789        3.4904883910831302E-004  0.50000000000000000             1072   1.5697010895573626                0
          77          78   9.3430964505624117E-002   2.0354482771848002E-002  -1.6334883162896549E-004  0.97425183352183942        309441.22681298596        43.386459025179242        11.160836007415714       0.54685222280589230                0           0   15202.613129787858        1.8457846561722538E-004  0.50000000000000000              780  0.84734323426510594                0
         315         316  0.30834333591613694       0.21242803698149326       -3.5544000840579989E-003  0.96932722246065328        288048.63087816222        68.675120176768687        8.4407399579060254       0.38220330392269847                0           0   16331.670257563481        4.1463143421502049E-004   1.5625000000000000E-002        1018  0.19044014859289482                0
          89          90  0.20842321107894346       0.10223825271363279       -1.3435582502014560E-003  0.98702482580270168        297769.38109927031        59.104743533761280        6.4306999281494139       0.75880110466585160                0           0   15798.519109916271        3.6005640583131949E-004  0.50000000000000000              792  0.40041740082365274                0
         155         156  0.50373356431637750       0.18870347651975347       -4.6345267489272665E-003  0.98128177235206437        293320.33962033020        76.435433608783669        12.164089198565321       0.71388030327332086                0           0   16038.148816184937        4.6428632181207922E-004  0.50000000000000000              858  0.45912487876830854                0
         187         188  0.16652052450678573        4.4390738220572948E-002  -5.1200105471243477E-004  0.98740860044556455        313872.49940009229        53.803263366689940        6.0182319587280109       0.66844810221577233                0           0   14987.981637882163        1.5401396217716847E-004  0.50000000000000000              890  0.29119625608104160                0
         255         256   8.3811449474318997E-002   3.0344259974373743E-002  -1.9498774621546684E-004  0.99476358635673934        366335.73421504453        48.606227887337262        10.198679435404175       0.45892463141957557                0           0   12841.540746017587        1.7373772739312873E-004  0.50000000000000000              958  0.24140188167724747                0
          93          94   8.5361728603296438E-002   7.1347741082274679E-002  -4.1080252103106030E-004  0.97812880800934654        378910.90214675880        55.249666982163497        10.784502561738810       0.43924356261868658                0           0   12415.359998859836        1.7179347800011020E-004  0.50000000000000000              796  0.35036101641095330                0
          95         546  0.62290701776509083       0.52092362269304604       -3.7742918801479475E-003  0.93637730771421790        1958533.7297434164        320.39160583737788        8.7636601350801833       0.51960243677368900                0           0   2401.9577432863848        1.8408601737175485E-003   5.0338007585016163E-003         798  0.32815363200393710                0
          67          68  0.52597586808430075       0.46375414949012228       -9.5351984985231255E-003  0.98266064699714351        341740.68956755206        95.332992401100725        14.902946549396745       0.42921666832790101                0           0   13765.745201713413        5.7947742737167690E-004  0.50000000000000000              770   7.0962895611267424E-002           0
         213         214   8.6717284611907239E-002   1.7710005955573944E-002  -1.1427078035879827E-004  0.98213695314694749        400632.33674856107        50.085097135765906        4.6260313333727421       0.35352669091386629                0           0   11742.225542311169        1.5552041722878169E-004  0.50000000000000000              916  0.15148990237599869                0
         313         314  0.11479116130453372        5.7685466757393881E-002  -3.9453446450446250E-004  0.99253727403468150        435049.79924732697        62.547398305763593        3.5486385556236328       0.42211966935463557                0           0   10813.279918261374        1.7042172232509015E-004  0.50000000000000000             1016   7.7485078737819374E-002           0
         365         366  0.29906545429998188       0.27572229150032296       -3.4223050706489746E-003  0.97703614846779008        409915.73603235272        89.792227251814452        12.608512831837807       0.29047971561017571                0           0   11476.298283102440        5.4424978456707430E-004  0.50000000000000000             1068 -0.23648793317233680                0
         201         202  0.41909726131645580       0.36316033186407948       -5.4401348907038797E-003  0.97784193266974673        439642.50440806977        104.26124217537117        14.491483837243074       0.39052943810782664                0           0   10700.319487940789        6.3220712582260643E-004  0.50000000000000000              904   7.1678861616777584E-002           0
         171         172  0.11855449161888632       0.10910379859810015       -6.3808363105355751E-004  0.99690688946593098        502629.43037454027        75.543937317710842        4.5271167194486441       0.23593647645325669                0           0   9359.4106778413025        1.6222029374787257E-004  0.25000000000000000              874  -7.3080602366874373E-002           0
         347         348  0.19457293008789711        9.8264029982305379E-002  -8.4213227326918961E-004  0.97623178622328566        525292.62380639045        84.608893442837001        4.4327419368694470       0.40231092002049496                0           0   8955.6088253366652        5.1262384884362530E-004  0.25000000000000000             1050  0.15691707184755388                0
         343         344   9.9716206803828866E-002   3.9838043689421537E-002  -1.9541286924161294E-004  0.98547806040898511        644708.77578794607        75.758248904357316        14.027327292825822       0.58944112847941121                0           0   7296.8066114739531        4.6110969753691106E-004  0.50000000000000000             1046   1.7326401993393816                0
          99         100  0.11123848720615616        3.9011678252708890E-002  -1.9764343022701515E-004  0.98119635498491209        697449.45099556562        81.825121918085514        10.473535876909658       0.54704474409225112                0           0   6745.0268272914218        1.9609050585244134E-004  0.12500000000000000              802  0.13638382233516136                0
         391         392  0.13558686976987694        5.7578981684498085E-002  -2.5446740011902898E-004  0.98428057182237338        1015963.8259505472        114.33226250480101        11.295796743661789       0.32376311369755595                0           0   4630.3964151906221        1.9855493643177781E-004  0.50000000000000000             1094  0.10346343318608894                0
         385         386  0.12648191059682606        5.9749107023494945E-002  -2.5030111744847215E-004  0.99192399726360403        1010156.8010307509        112.51654391747591        15.976332914343381       0.27470021520405641                0           0   4657.0148840700185        1.9971473045980897E-004  0.50000000000000000             1088   7.3667975440958842E-003           0
          41          42  0.11122608390456809        8.6847116325004775E-002  -3.0034655602715249E-004  0.97689552612968544        1076875.4069236529        119.85571002551679        1.3384056319544495       0.83377294323739193                0           0   4368.4861102769009        1.9934720720389158E-004  0.44130549828641608              744  0.51948964261389652                0
         345         346  0.55774375829353751       0.47607345656862060       -4.7923803546830179E-003  0.97923176074338625        1065819.0059203701        206.47940675782556        1.9114317574633553       0.24670722278597898                0           0   4413.8031237137029        1.2529054742208931E-003  0.50000000000000000             1048  -4.2358009587219247E-002           0
          73          74  0.94128231410560004       0.69908498357263338       -1.0547991353088345E-002  0.98595090542721642        1010924.7705775029        232.48741209934116        15.847427958950110       0.51289994861342036                0           0   4653.4770880699325        1.4155097427745917E-003  0.50000000000000000              776  0.38532361530556958                0
         285         286   8.9462339041284894E-002   4.2834040765278178E-002  -1.2838168338598593E-004  0.97556116315563901        1178106.6063545495        111.23605151706303        10.128459301119616       0.66322059040098924                0           0   3993.1150816660524        1.4410236536712358E-004  0.12500000000000000              988  0.22836541593527346                0
         293         294  0.55382231722128972       0.12326253909399966       -1.3046202120956597E-003  0.97555013427591697        1208714.8768618368        195.00098063437505        10.209201370843882       0.51578688457763766                0           0   3891.9974823661364        1.1809822740092247E-003  0.50000000000000000              996  0.92201017132911267                0
         123         124  0.67985937278035102       0.12376754478802159       -1.4259437356367586E-003  0.97763450747397851        1328700.8239903566        219.90890269502705        8.2825568750822782       0.56711233257358795                0           0   3540.5376234484115        1.3330674591925293E-003  0.25000000000000000              826  0.32070826209863551                0
           7           8  0.10772050310063933        1.1526931384030817E-002  -3.7943697728780554E-005  0.99082248886431246        1424470.1409572540        121.95279694780302        11.708520172656714       0.45823786107467090                0           0   3302.5018372680170        1.6260639909577266E-004   6.2500000000000000E-002         710  -9.6398506982929011E-003           0
         355         356  0.32294731613854971       0.22153041596011064       -1.4146791448691402E-003  0.98835597978780254        1280677.5733209376        188.46314208734015        5.1064335553677065       0.43423383969016616                0           0   3673.3018174480535        1.1488556879049804E-003  0.50000000000000000             1058   6.7148726197483619E-002           0
          85          86   8.0567479673496034E-002   7.0359839832317903E-002  -1.6540594186675728E-004  0.98642166572395873        1357017.8794508749        127.71821781941760        7.7765803497864594       0.30549222683631660                0           0   3466.6567986181526        1.9401392259058692E-004   6.2500000000000000E-002         788  -5.6349402884003891E-002           0
         387         388  0.11696728908539532        8.3148869844046139E-002  -2.2937243011378027E-004  0.96241236737161306        1621800.7190222249        158.01521102117871        4.6268321333726874       0.51285533355326829                0           0   2900.6740485853097        2.8685157690736771E-004   1.0498899763595653E-005        1090  0.15062004517861896                0
         103         104   9.4240900685283069E-002   8.1646476448274677E-002  -1.9581474411928143E-004  0.97430932578693863        1543295.6101144454        146.43699954217337        3.9997941107418642       0.16178474831338385                0           0   3048.2269416265021        8.8618227905427590E-004  0.25000000000000000              806  -5.5807329164491895E-002           0
          65          66   8.1196656538748205E-002   3.2700733033609646E-002  -6.2627861262289943E-005  0.98184767372588766        2149336.5504112290        157.99647215383459        11.922466958260214       0.55260023000305170                0           0   2188.7290088398181        1.9363885980735446E-004  0.50000000000000000              768  0.17621652911330665                0
          15          16  0.12041882448822794        4.7134796559794988E-002  -1.1370748620294229E-004  0.97825164521118502        2263928.7909641471        186.02285177799217        11.309391438309408       0.58325651542955093                0           0   2077.9431210119114        1.1281688166013199E-003  0.50000000000000000              718  0.18010521905741317                0
         243         244  0.10897784068549871        6.2870305948584129E-002  -1.2688985103554134E-004  0.99345305026723485        2514966.0648626112        201.22235189126619        10.547213977803406       0.36875578232468054                0           0   1870.5283237695505        1.2297376519750148E-003  0.50000000000000000              946   7.3218748149739291E-002           0
         403         404  0.17519688796893346        3.8994197612049461E-002  -1.0593130321925146E-004  0.98389270168053788        2940502.9775306303        240.33742101625089        15.870745068548013       0.42953338749174047                0           0   1599.8335297029159        1.4617883214461333E-003   3.9646651645570460E-003        1106  0.15086912474774067                0
         127         128  0.41687934908818136       0.27898104023835063       -1.0601324713850049E-003  0.99434194081511351        3619474.9262651657        408.83142482301037        12.377660156930148       0.27731423769852187                0           0   1299.7231237899509        2.4997052625840904E-003  0.12500000000000000              830  -2.2504071795876185E-003           0
         217         218   8.1228311512873880E-002   6.5270211912634449E-002  -8.4864059256294254E-005  0.97696892315676265        3390006.8490829859        232.81876606981328        15.246853496545222       0.75428002045814546                0           0   1387.7008121435813        1.4110585494170628E-003  0.50000000000000000              920  0.32173792718331162                0
         143         144  0.25022565110097550       0.15769561095085233       -3.9893226177458845E-004  0.97378367469115990        4047244.7606835263        368.61381757316616        9.6227229732424071       0.64174121820646624                0           0   1162.3500766111972        2.2305190603367172E-003  0.50000000000000000              846  0.21982798460332714                0
          61          62  0.16574606629006447        5.1105325148539382E-002  -1.0680914848388477E-004  0.98146224652464376        3985102.7316611102        295.54272204541036        5.9102604051380618       0.43737531288831416                0           0   1180.4752786595950        1.7952874583487142E-003  0.50000000000000000              764  0.27975532116079838                0
          29          30   9.2064989403419284E-002   3.8673592252436655E-002  -4.8326417632826574E-005  0.98790084533106615        4595724.3541263249        274.56410217347485        6.7790786198165112       0.82286922729187628                0           0   1023.6286807368981        1.6733196375634911E-003  0.25000000000000000              732  0.51030862440616009                0
         405         406   8.7236661288412828E-002   5.5735761705262711E-002  -1.4072219982536795E-005  0.99445045527554632        44632234.652881853        1287.6258805654079        10.614240188881586       0.65302891854158640                0           0   105.40174145954420        7.8733128566099032E-003  0.50000000000000000             1108   1.2952353520492554                0
          45          46   8.6894120985331738E-002   8.6164685909330241E-002  -8.2040856412477007E-005  0.98387083180607882        5506893.1944410549        340.10174038637848        8.0083305613129951       0.63437256174369760                0           0   854.25939664011355        2.0685513436049150E-003  0.25000000000000000              748  0.47202471256762557                0
         161         162   9.3309048906446132E-002   9.2827486138433946E-002  -9.1369626332305314E-005  0.98819739282838037        5621486.4886185769        353.27901386913072        7.7872671066037338       0.49365415452172462                0           0   836.84542641332598        2.1449647788396248E-003   1.2231148414841835E-004         864  0.14189979721346810                0
         289         290  0.10428359770713377        2.3242149003040714E-002  -2.7029316340185483E-005  0.98098846611000834        6248217.3641984491        334.17700438537963        16.116131694804967       0.16403603838508687                0           0   752.90518614156031        4.5075105190123862E-004   5.1941838564962726E-004         992  -4.5716829114650415E-002           0
         115         116   9.5073144526220191E-002   4.6025486525321645E-002  -4.6726263478262970E-005  0.98361077625756288        6339435.9430684811        348.99124241529205        11.833685727154601       0.47144429603867716                0           0   742.07158174513086        2.1223306805025111E-003  0.25000000000000000              818  0.16989207740766157                0
         223         224  0.13901763968801717        6.0776114313866474E-002  -7.7059167553524788E-005  0.98945513818418984        6749103.1643408267        408.59953093269002        5.0934655596183367       0.34411612655534934                0           0   697.02820405831301        1.5682629427442121E-003   8.1407843240925541E-004         926  0.10617932373388740                0
         199         200  0.11230093762090229        4.7925291740752780E-002  -4.9845320530023470E-005  0.98557578802919299        7365259.5215128316        402.38621163417127        9.0242517858757800       0.34441123928288253                0           0   638.71683596540686        2.4494184751019071E-003  0.50000000000000000              902  0.76379415714293608                0
         373         374  0.15845034820673778       0.15233439132851201       -1.7085700477180327E-004  0.97949616006430051        7914563.0342196152        526.47494387752590        4.5773522530987716       0.41086728198517658                0           0   594.38723746403434        2.7503114007394599E-003   1.0680088403109207E-004        1076  0.10279652227117393                0
          69          70  0.10464422723177559       0.10349050793134676       -8.6377732787562200E-005  0.98042651398566583        8085705.8082159301        467.23280664956275        11.168876394932379       0.17014928269831686                0           0   581.80638391081243        2.8368343572848856E-003  0.50000000000000000              772 -0.16204036431409427                0
          51          52  0.11606384615255892        9.5064690585184505E-002  -1.2276543213329298E-004  0.98205345115529663        4872545.5793825211        334.93415447263214        4.7711930859554847       0.45327934608612680                0           0   965.47383313362923        1.9892380511386115E-004  0.25000000000000000              754   6.4109287607258536E-002           0
         265         266   8.4095384718170976E-002   3.6296916915751078E-002  -2.5177892702115015E-005  0.98207556233336024        10108894.194572626        451.79545398319652        4.0729663293365315       0.49970105878521665                0           0   465.36398216240775        2.3480688549587739E-003   1.2613231220827675E-003         968  0.21638821984256543                0
         367         368  0.20322917187314732       0.17631903439505672       -1.9839430937397353E-004  0.98269264214745089        10353085.724146575        673.09346084167294        13.203218811251814       0.52702722718203321                0           0   454.38774322836480        2.7139962223471591E-003   3.8931145630120704E-004        1070   1.5305985658561923                0
         305         306   8.5255713978393793E-002   1.6586699482616780E-002  -1.1931200371230782E-005  0.97557216214542408        10624387.113807641        441.69112072417624        13.315136134525163       0.26730434207185710                0           0   442.78462439785847        2.6751951435917505E-003  0.50000000000000000             1008   7.8890221822501050E-002           0
         325         326  0.14296285691723640        1.8018411898666035E-002  -1.7591034512000332E-005  0.98525910189351285        11605238.715074902        545.71725305743564        7.3897417231234526       0.37311960551311329                0           0   405.36135215676182        1.9976652747874619E-004  0.12500000000000000             1028   2.6528207779209834E-002           0
         119         120  0.12744757891135747        8.2887871857059842E-002  -6.3848789170769046E-005  0.98269985033698937        12193204.574003790        616.57973866081329        9.9061925523473047       0.25757373830788294                0           0   385.81451078697370        3.7479255214838184E-003  0.25000000000000000              822   6.7630412473538293E-002           0
         133         134  0.13034205300579016        4.8697333779162973E-002  -3.8327280359308551E-005  0.98105368389626901        13234804.920082236        617.16469418694442        6.7358840882935036       0.46629874601868770                0           0   355.45029080908677        1.2232292318145907E-003   1.8780808482312498E-004         836  0.20884793430333648                0
          17          18   8.8310858010865509E-002   3.6165089814597706E-002  -2.2321003472730643E-005  0.98140412768925933        12747100.610456508        533.22349031307033        8.4028028271749573       0.36742526150356569                0           0   369.04982563531280        3.2391129273980847E-003  0.50000000000000000              720  -4.3307038048113963E-002           0
         275         276  0.13196141201412448        6.9014568623332620E-002  -4.7733519110658199E-005  0.97884999991867949        15446979.413738132        711.02294242850837        10.916609144356187       0.41896538420079882                0           0   304.54596537241906        2.5053084151458968E-003   5.0822413827538706E-004         978  0.37122111405770486                0
         221         222  0.10685030920939192        6.9974509155263417E-002  -3.1626353692716437E-005  0.98435596450329577        22714197.574666381        881.02018076582624        11.670932591067730       0.18553524415019168                0           0   207.10902254771190        3.1105897880665521E-003   3.7562317431550342E-005         924 -0.20421721966249046                0
         157         158  0.17882018552997023        8.7937108552675433E-002  -4.2075770831304778E-005  0.98507720387676179        36757506.226507567        1392.7590133419912        7.0077100112455497       0.37222926771949577                0           0   127.98243789052967        7.7804519068425098E-003   9.6766468317948550E-005         860   9.2761722224193426E-003           0
         145         146  0.11284151051838727        7.1741434973604884E-002  -2.4259743812995374E-005  0.99378491715961115        37282287.623609453        1243.5752671585321        11.989222990447374       0.41505913593479837                0           0   126.18097111255854        7.6014298824091499E-003   6.3038759347633956E-003         848  0.14902840144781904                0
         399         400  0.17014458503807270        6.6018282057290864E-002  -2.6984393776674097E-005  0.99072916867928495        45921699.238442004        1551.2758126224824        10.473029462905233       0.23035557931228326                0           0   102.44209895671030        8.9059956116700322E-003   5.5546643661114791E-005        1102 -0.12841047288442409                0
         267         268  0.11152016154947933        1.9237634443879208E-002  -2.0555979002017379E-005  0.97570678384374110        7747931.4840906030        388.94324075654208        2.3941417186417828       0.54309090783539793                0           0   607.17047734669313        6.6072520819191068E-004   8.0211012377652717E-005         970  0.15177018438863626                0
