 121 896   1   452 116   0      0.9   0.46   4.88  6.202     0.0  -0.2385   0.0000
  -1.209956   0.000000   0.288313   0.062472  -0.571267   0.053723   0.000000   0.000000   0.000000   0.000000
   0.00000   0.00000   0.15245   0.03432   0.00000  -1.20996   0.00000   0.00000  -0.92164   0.77512   0.20997   0.00000   0.00000
 NAME(I1)    NAME(I2)    M1[M*]                    M2[M*]                    EB[NB]                    ECC                       P[Days]                   SEMI[AU]                  RI[PC]                    VI[km/s]                  K*(I1)      K*(I2)      ZN[NB]                    RP[NB]                    STEP(I1)[NB]              NAME(ICM)                 ECM[NB]                   K*(ICM)      
           3           4   8.7970317491499028E-002   4.9196061553816367E-002  -9.2897646351125171E-004  0.98018963898304645        71340.815372945974        17.361255191394889        7.5292636768543799       0.18906064901533309                0           0   65941.428242054317        1.0539810829294615E-004  0.50000000000000000              706  0.10951476393451842                0
          57          58   8.8793517676333700E-002   7.4789808565780366E-002  -1.3944536633748324E-003  0.99288618157622466        67519.482439442989        17.747571380570307        13.139188327596392       0.68201109090371870                0           0   69673.449613065080        1.0843421479498632E-004  0.50000000000000000              760   1.1510754455313910                0
          59          60  0.52934127945164156       0.11516011942956719       -3.1001072744619322E-002  0.99635260950274573        9025.0375450904266        7.3279160146024838        16.624807735975068       0.84415497162843922                0           0   521251.59969045070        4.4850020571511419E-005  0.50000000000000000              762   1.4518623487653231                0
          63          64  0.11284127030153632        5.3401276685359052E-002  -1.4468849236327175E-003  0.97984293960292113        54774.265105649982        15.520472950299069        12.081040228965479       0.38599156711055604                0           0   85885.502043175962        9.4206442072616631E-005  0.50000000000000000              766  0.23325038893940911                0
          83          84  0.10272953417562042        4.1373672231505683E-002  -1.2819188696754095E-003  0.97370419826673227        41789.837138321200        12.356008093958177        13.871278135504793       0.37198122625884777                0           0   112570.79662870750        7.4766174595093939E-005  0.50000000000000000              786  0.23212730703015627                0
          87          88  0.10306885414503236        3.0345968261083246E-002  -4.1821248241819420E-003  0.98428134930470224        4652.7998571211401        2.7870887101701558        15.137145064152511       0.31613724162863072                0           0   1011071.9141389197        1.6955045282497800E-005  0.50000000000000000              790   8.7469006708661284E-002           0
         105         106  0.12790761581087476        8.1406408734692293E-002  -3.3640542461646258E-002  0.96974758674909145        989.02684361157492        1.1534833915785283        18.646018513779921       0.31208687559225506                0           0   4756509.1767037120        6.9657331703446991E-006  0.25000000000000000              808  0.11605713210818534                0
         131         132   8.4797441590329786E-002   6.4637458177469395E-002  -7.7121942017657882E-004  0.98912831439601701        128788.41655396212        26.485513546867381        8.2155697572390025       0.43941021816698239                0           0   36527.471829531067        1.6151620773559698E-004   6.2500000000000000E-002         834  0.12091930855649073                0
         137         138  0.13717930409073115       0.13193897190263901       -4.0334545728335997E-003  0.97817964388784162        48147.574536657077        16.722602131164937        11.725736897971270       0.22568870594409898                0           0   97706.173216745112        1.0141787278782275E-004  0.50000000000000000              840  0.66882984922583877                0
         167         168  0.11739175763496201        6.6852661947444644E-002  -1.3371095085191684E-003  0.97921691183512483        87047.450602289726        21.873015901955345        12.723636814918079       0.68164107946814345                0           0   54043.113555826756        1.3272323952673876E-004  0.50000000000000000              870  0.41890350186595515                0
         177         178  0.17518944591650459       0.15841447355487015       -4.8844045916293037E-002  0.97081544669269548        1948.4551180766894        2.1174370246531056        3.9242041302409096       0.80657770549095709                0           0   2414382.1502485364        1.2793853451865820E-005  0.25000000000000000              880  0.51009104842187669                0
         181         182  0.16494482085752635        4.8117280213717237E-002  -2.2342341753636167E-003  0.98308070947828008        38113.841390388654        13.238244572811659        5.4773891523383691       0.31155847302398049                0           0   123428.00111539195        8.0485139620415977E-005  0.50000000000000000              884   4.8290149516577660E-002           0
         193         194  0.13607741833753259        1.4509867592654014E-002  -3.3139095177587647E-004  0.98026160729439438        98477.807758994706        22.203845682541278        15.689979523859712       0.73951410656264593                0           0   47770.308506030713        1.3480179630591914E-004  0.50000000000000000              896   1.1856731839791532                0
         195         196  0.23980714281985319       0.16746154432118399       -1.7866781603804005E-002  0.96643523058497638        13874.745800257982        8.3762612435180923        10.992314572758119       0.99484586542730624                0           0   339055.96004197007        5.0498069052990366E-005  0.50000000000000000              898  0.75154765479533503                0
         207         208   9.9440827635248155E-002   5.0100703362626467E-002  -8.7683211256005204E-003  0.98112175417415370        2910.2243960466299        2.1174416066239212        4.1992425899308348       0.72840025886781079                0           0   1616478.5313583727        1.2860786271453537E-005  0.25000000000000000              910  0.45675219769765568                0
         225         226  0.11258739991983015        4.7810171057872303E-002  -9.4939383745014589E-004  0.98185672257896206        88575.957032427817        21.129198100363176        15.823410947006513       0.66677709355614856                0           0   53110.521356517827        1.2838083044770557E-004  0.50000000000000000              928   1.1132225341792403                0
         235         236   9.9158490776633662E-002   3.5661683213779022E-002  -5.1301121046354124E-003  0.96614283730650707        4095.4263718306088        2.5687641194955386        6.8079236715100446       0.31055721294192773                0           0   1148675.3345151674        1.5484037106406675E-005  0.50000000000000000              938  0.12302527122654944                0
         239         240   8.3253089810449737E-002   5.9845060969569666E-002  -7.4110620056441019E-004  0.97866503909393976        121080.59857328323        25.053451414275163        15.416635556462474       0.48513548027934661                0           0   38852.758518512826        1.5197941044801133E-004  0.50000000000000000              942  0.14797044504703549                0
         247         248  0.12867704596478571        5.6124925773135610E-002  -4.8755267774440045E-002  0.97148621675522984        348.47281385192167       0.55201979559906922        19.257604198910411       0.59797539515818521                0           0   13499805.639483234        3.3365167437779866E-006  0.50000000000000000              950  0.54688395607920248                0
         249         250   8.3325272192247987E-002   6.4931060179189190E-002  -5.9417119074347373E-003  0.97581540753508467        5929.7866670524481        3.3934150410168407        16.787285128824276       0.45844021487254444                0           0   793336.34104971308        2.0555510157367267E-005  0.50000000000000000              952   1.3359589613360408                0
         271         272  0.13618545113931463       0.10282415591629936       -1.7643068358636144E-003  0.98806680624688603        120181.93023047518        29.578155387187675        6.5171205863018722       0.49035009871929730                0           0   39143.282593508091        1.8027976026539725E-004  0.50000000000000000              974   8.5890975256760871E-002           0
         287         288   8.8414603939471620E-002   4.2704642040310346E-002  -5.8515194294090581E-004  0.98093659039144399        118941.02246670357        24.046383900145148        2.9779400066741299       0.61174937305271637                0           0   39551.663169548527        1.4603779329379048E-004  0.50000000000000000              990  0.21230401635619614                0
         291         292  0.10251315781699964        2.9651563345757474E-002  -1.1831110334550475E-003  0.98075559013170377        29765.556837160901        9.5746088155111213        9.6000087888869405       0.59290294877613703                0           0   158045.59892431262        5.8142920318824777E-005   6.2500000000000000E-002         994  0.24134286003524225                0
         303         304  0.77980953382043972       0.33783563817501155       -5.2382472905160467E-002  0.97671789874474535        28033.625192942258        18.742492285908785        5.9776648355921509       0.63296451022353328                0           0   167809.73653129677        1.1358394461059082E-004  0.50000000000000000             1006  0.22935153661300645                0
         311         312  0.16827131513595273       0.11782564957455051       -9.1314488263872420E-003  0.97485864189666582        15717.300866973132        8.0915100549741776        14.433221350858460       0.16966948223739559                0           0   299308.08714936365        4.8990345746074786E-005  0.50000000000000000             1014 -0.14287900918705410                0
         321         322  0.12252965187021556        4.0765808550071510E-002  -1.0952504619379879E-003  0.97557453106160041        63331.226025514967        16.995860241612995        16.877916628057282       0.42381910230048137                0           0   74281.133539866772        1.0293936416602254E-004  0.50000000000000000             1024  0.78440920063523056                0
         323         324  0.13577855073708561        2.1714876777924844E-002  -1.0672784058174505E-003  0.97737634574565457        30402.145619620234        10.295090097572151        12.239978821751334       0.62345928708562581                0           0   154736.29119810546        6.2411468000077191E-005  0.50000000000000000             1026  0.38846817150705598                0
         337         338  0.14234346256931027        4.8688670540606271E-002  -2.7220309402593351E-003  0.98436219341894415        24424.438780536861        9.4883723855236379        16.495843300278040       0.42059254042328820                0           0   192606.89262565569        5.7724153992768256E-005  0.50000000000000000             1040   1.5592601970528612                0
         357         358   7.9717634398698847E-002   3.5168480550120958E-002  -1.1543449013877967E-003  0.99034897964864510        29342.295402160125        9.0508997532508531        13.490932329289171       0.51741495035029861                0           0   160325.40035359471        5.5228836842580753E-005  0.50000000000000000             1060  0.89320125108497983                0
         363         364   8.0030474895858961E-002   2.5241398542184282E-002  -3.2505135387658957E-004  0.96900162088983910        125469.53716214608        23.159872534501439        10.135730156132782       0.68787766444655307                0           0   37493.684634903126        1.3980643129274424E-004  0.50000000000000000             1066  0.47973635631570966                0
         371         372   9.0756420354949963E-002   8.9399293653254358E-002  -1.4941626717007766E-003  0.97790038526241019        78336.750524128642        20.236383406048532        7.7886854907979819       0.42057583033328971                0           0   60052.468683849453        1.2271064128272370E-004  0.50000000000000000             1074  0.20653203082830088                0
         383         384   9.3433970454860987E-002   6.5975786712685114E-002  -2.9999592269293533E-003  0.97176827062077331        19385.313257799193        7.6576121486429507        13.105788998912820       0.48950792807776761                0           0   242674.19334851863        4.6290742961604388E-005  0.50000000000000000             1086  0.51397938873906757                0
         395         396  0.10118924464727580        7.2387835402996439E-002  -4.0679476328368365E-003  0.98184110250843104        15239.121285685993        6.7103307468978812        7.8486269170746938       0.47413214553718624                0           0   308699.90266850201        4.0771591993552411E-005  0.50000000000000000             1098   5.7396179038277595E-002           0
         401         402  0.11008182267075275        8.1520559788653676E-002  -2.1754919003101718E-003  0.98946501741247106        50292.904508829961        15.372504553420699        9.7235495950431119       0.44866065512963266                0           0   93538.349069078395        9.3761781152373525E-005  0.50000000000000000             1104  0.16424843443354997                0
         219         220   5.9461379470541447        2.5291364086335988      -0.75299076982192070       0.98221912150944157        80559.862777643633        74.428097414589246        9.5135942287975173       0.22554054488184017                0           0   58395.273967004177        4.5230718866207646E-004  0.50000000000000000              922  0.17228526393078106                0
         159         160  0.52009082554844766       0.13749382338007102       -6.8562166579241961E-003  0.98252657550525302        109146.58921206869        38.868446659729038        5.0361627714607629       0.57059201091494383                0           0   43100.891119047374        2.3624417772278330E-004  0.50000000000000000              862  0.21174344977889897                0
           1           2   2.0244841138268650       0.61000484406818434       -7.0741485713423660E-002  0.98738152934187551        118081.33591071346        65.056817812538299        13.791943945819582       0.47337408427902267                0           0   39839.617509086311        3.9638661146352313E-004  0.50000000000000000              704  0.10248273701459354                0
         283         284  0.18094602805437388        8.1870494517192083E-002  -1.6064068193646895E-003  0.97697797871714775        143540.44546752289        34.366892541613126        5.2712241216396185       0.29408712714439239                0           0   32773.447527785116        2.0829891525217590E-004  0.50000000000000000              986  -4.5139717460135328E-002           0
         185         186  0.24628085064239766        6.9358336926096664E-002  -1.8551080494142963E-003  0.99057546901522908        130681.44545928008        34.314639623851313        10.903343962421861       0.55032038425877849                0           0   35998.341165507023        2.0941269287605858E-004  0.50000000000000000              888  0.25114047114005139                0
         191         192  0.17819880543248182        5.0730547014061628E-002  -8.9966543292994278E-004  0.98450778698896024        174927.64032278312        37.446621017460309        16.124313798821092       0.62011258972688432                0           0   26892.921261409472        2.2782970840593575E-004  0.50000000000000000              894  0.50373575798757930                0
          71          72  0.16939743337267674        2.6319217633798585E-002  -4.7647967898261517E-004  0.96976219828091648        170003.73667627125        34.870225322542275        10.087737474927483       0.27224713531504280                0           0   27671.834452691655        1.5082883319385277E-004  0.50000000000000000              774 -0.14243223072039421                0
          53          54  0.10539273585624893        8.3691576402142989E-002  -9.4861616487088496E-004  0.98840746126056767        171334.30925667207        34.651436372167325        12.422016937262583       0.28251990554820788                0           0   27456.936547351612        2.1096666920612941E-004  0.50000000000000000              756 -0.17688426578292080                0
         245         246  0.10614450888457336        7.9534736728126665E-002  -8.8338078697462622E-004  0.97533507163214717        180155.36208468804        35.614411017835778        12.671856220089023       0.19120585674253318                0           0   26112.546433302068        2.1568078356416255E-004  0.50000000000000000              948  0.14749117837747872                0
         331         332  0.12214104311112879        9.8521910482032543E-002  -1.1537755047203683E-003  0.97154055198387024        188414.45473505274        38.868024797675822        13.198913694334470       0.29464534163429318                0           0   24967.910579153504        2.3493249830021899E-004  0.50000000000000000             1034   2.9608236086179379E-002           0
         203         204  0.10958957416913398        5.6611292613942377E-002  -6.2817234305771752E-004  0.98494187057407623        200051.97130642890        36.805509599966030        13.023455290469261       0.15454922069449312                0           0   23515.465640870621        1.6988547057778460E-004  0.50000000000000000              906 -0.19283582458171300                0
          21          22  0.17137201111473407        1.8580527211685235E-002  -2.8964617018065918E-004  0.97725619083110171        219756.57682243298        40.968444197440832        7.8380011879366576       0.23790408991640516                0           0   21406.937283364805        1.8343950172520064E-004  0.50000000000000000              724   9.5429573556307684E-002           0
         369         370  0.35577330781196675       0.28758888866695975       -6.5923629871082615E-003  0.96841922705639494        200307.85819162280        57.839387851881206        17.504148753342673       0.42000969820039263                0           0   23485.425385280789        3.4904883910831302E-004  0.50000000000000000             1072   1.6773400854827500                0
          77          78   9.3430964505624117E-002   2.0354482771848002E-002  -1.6334883162896549E-004  0.97425183352183942        309441.22681298596        43.386459025179242        13.809877405566532       0.52652203784906026                0           0   15202.613129787858        1.8457846561722538E-004  0.50000000000000000              780  0.92226467005693880                0
         315         316  0.30834333591613694       0.21242803698149326       -3.5544000840579989E-003  0.96932722246065328        288048.63087816222        68.675120176768687        10.438418309523456       0.36056398794444006                0           0   16331.670257563481        4.1463143421502049E-004   3.1250000000000000E-002        1018  0.21906899371045638                0
          89          90  0.20842321107894346       0.10223825271363279       -1.3435582502014560E-003  0.98702482580270168        297769.38109927031        59.104743533761280        8.1984095625645299       0.77043827082916960                0           0   15798.519109916271        3.6005640583131949E-004  0.50000000000000000              792  0.42773790185186167                0
         155         156  0.50373356431637750       0.18870347651975347       -4.6345267489272665E-003  0.98128177235206437        293320.33962033020        76.435433608783669        10.930987483559385       0.69753807388144862                0           0   16038.148816184937        4.6428632181207922E-004  0.50000000000000000              858  0.41972295242768831                0
         187         188  0.16652052450678573        4.4390738220572948E-002  -5.1200105471243477E-004  0.98740860044556455        313872.49940009229        53.803263366689940        7.7992169220619765       0.67778406864083207                0           0   14987.981637882163        1.5401396217716847E-004  0.50000000000000000              890  0.31247657992919348                0
         255         256   8.3811449474318997E-002   3.0344259974373743E-002  -1.9498774621546684E-004  0.99476358635673934        366335.73421504453        48.606227887337262        11.688382717137014       0.46111368835941530                0           0   12841.540746017587        1.7373772739312873E-004  0.50000000000000000              958  0.28151720598691732                0
          93          94   8.5361728603296438E-002   7.1347741082274679E-002  -4.1080252103106030E-004  0.97812880800934654        378910.90214675880        55.249666982163497        13.216776531973489       0.41262111671653812                0           0   12415.359998859836        1.7179347800011020E-004  0.50000000000000000              796  0.39467595144065792                0
          95         546  0.62290701776509083       0.52092362269304604       -3.7742851451929849E-003  0.93636218268225657        1958538.9720509686        320.39217755439245        10.795489589485198       0.50465079704988314                0           0   2401.9513141055531        1.8609417221120733E-003   5.0067307118185468E-003         798  0.36631020412584592                0
          67          68  0.52597586808430075       0.46375414949012228       -9.5351984985231255E-003  0.98266064699714351        341740.68956755206        95.332992401100725        16.922510247666171       0.42329040446340094                0           0   13765.745201713413        5.7947742737167690E-004  0.50000000000000000              770  0.11789704945967833                0
         213         214   8.6717284611907239E-002   1.7710005955573944E-002  -1.1427078035879827E-004  0.98213695314694749        400632.33674856107        50.085097135765906        8.1944159680124500       0.34687425449700060                0           0   11742.225542311169        1.5552041722878169E-004  0.50000000000000000              916  0.17834554021739274                0
         313         314  0.11479116130453372        5.7685466757393881E-002  -3.9453446450446250E-004  0.99253727403468150        435049.79924732697        62.547398305763593        4.9113100306883757       0.40350738420839732                0           0   10813.279918261374        1.7042172232509015E-004  0.50000000000000000             1016   9.0899616096106181E-002           0
         365         366  0.29906545429998188       0.27572229150032296       -3.4223050706489746E-003  0.97703614846779008        409915.73603235272        89.792227251814452        13.725138552447214       0.29979051224879838                0           0   11476.298283102440        5.4424978456707430E-004  0.50000000000000000             1068 -0.23155022575249343                0
         201         202  0.41909726131645580       0.36316033186407948       -5.4401348907038797E-003  0.97784193266974673        439642.50440806977        104.26124217537117        12.808816389469559       0.39071875156944358                0           0   10700.319487940789        6.3220712582260643E-004  0.50000000000000000              904   4.8856459598651050E-002           0
         171         172  0.11855449161888632       0.10910379859810015       -6.3808363105355751E-004  0.99690688946593098        502629.43037454027        75.543937317710842        3.2859297388075781       0.22887033588891581                0           0   9359.4106778413025        1.6222029374787257E-004  0.25000000000000000              874  -8.3509666869119689E-002           0
         347         348  0.19457293008789711        9.8264029982305379E-002  -8.4213227326918961E-004  0.97623178622328566        525292.62380639045        84.608893442837001        6.0691486563058419       0.41018654392198189                0           0   8955.6088253366652        5.1262384884362530E-004  0.12500000000000000             1050  0.17606325666195960                0
         343         344   9.9716206803828866E-002   3.9838043689421537E-002  -1.9541286924161294E-004  0.98547806040898511        644708.77578794607        75.758248904357316        17.672324277119223       0.59990113235202114                0           0   7296.8066114739531        4.6110969753691106E-004  0.50000000000000000             1046   1.8271059922748076                0
          55          56   8.3915877860446200E-002   1.7498204653530233E-002  -7.7740196882517218E-005  0.96898154446861051        677342.13462491788        70.390059717499767        13.507206568171837       0.15814349895988186                0           0   6945.2570823012566        1.8325936041652929E-004  0.50000000000000000              758 -0.19779060648524888                0
          99         100  0.11123848720615616        3.9011678252708890E-002  -1.9764343022701515E-004  0.98119635498491209        697449.45099556562        81.825121918085514        10.392761867465676       0.54289410554086992                0           0   6745.0268272914218        1.9609050585244134E-004  0.50000000000000000              802  0.13978250642086945                0
         391         392  0.13558686976987694        5.7578981684498085E-002  -2.5446740011902898E-004  0.98428057182237338        1015963.8259505472        114.33226250480101        13.077312954124142       0.34568578279675344                0           0   4630.3964151906221        1.9855493643177781E-004  0.50000000000000000             1094  0.14439715807908643                0
         385         386  0.12648191059682606        5.9749107023494945E-002  -2.5030111744847215E-004  0.99192399726360403        1010156.8010307509        112.51654391747591        14.241907168624863       0.28175663064219864                0           0   4657.0148840700185        1.9971473045980897E-004  0.50000000000000000             1088  -1.1089047395367604E-002           0
          41          42  0.11122608390456809        8.6847116325004775E-002  -3.0034655602715249E-004  0.97689552612968544        1076875.4069236529        119.85571002551679        3.4190456979262023       0.81688260880199415                0           0   4368.4861102769009        1.9934720720389158E-004  0.50000000000000000              744  0.51109293334176720                0
         345         346  0.55774375829353751       0.47607345656862060       -4.7923803546830179E-003  0.97923176074338625        1065819.0059203701        206.47940675782556        2.2666755392235403       0.24616337029125956                0           0   4413.8031237137029        1.2529054742208931E-003  0.50000000000000000             1048  -3.1830322291848012E-002           0
          73          74  0.94128231410560004       0.69908498357263338       -1.0547991353088345E-002  0.98595090542721642        1010924.7705775029        232.48741209934116        12.948202471055563       0.49560616128315765                0           0   4653.4770880699325        1.4155097427745917E-003  0.50000000000000000              776  0.32413117145659520                0
         285         286   8.9462339041284894E-002   4.2834040765278178E-002  -1.2838168338598593E-004  0.97556116315563901        1178106.6063545495        111.23605151706303        8.4809547138197825       0.65675603799843674                0           0   3993.1150816660524        1.4410236536712358E-004  0.25000000000000000              988  0.21642917283331589                0
         293         294  0.55382231722128972       0.12326253909399966       -1.3046202120956597E-003  0.97555013427591697        1208714.8768618368        195.00098063437505        13.297674333751845       0.48318495102104614                0           0   3891.9974823661364        1.1809822740092247E-003  0.50000000000000000              996  0.99459514001760307                0
         123         124  0.67985937278035102       0.12376754478802159       -1.4259437356367586E-003  0.97763450747397851        1328700.8239903566        219.90890269502705        10.295573075010562       0.54535630370169619                0           0   3540.5376234484115        1.3330674591925293E-003  0.25000000000000000              826  0.34998882254130681                0
           7           8  0.10772050310063933        1.1526931384030817E-002  -3.7943697728780554E-005  0.99082248886431246        1424470.1409572540        121.95279694780302        9.3553202235172357       0.44004841224720914                0           0   3302.5018372680170        1.6260639909577266E-004  0.25000000000000000              710  -2.5083610964999420E-002           0
         355         356  0.32294731613854971       0.22153041596011064       -1.4146791448691402E-003  0.98835597978780254        1280677.5733209376        188.46314208734015        6.5051508485777640       0.41901944668343027                0           0   3673.3018174480535        1.1488556879049804E-003  0.50000000000000000             1058   6.7380325013955272E-002           0
         117         118  0.40216802461087314       0.11268199431891886       -9.3948131643061938E-004  0.97690707695788359        1226845.1060164988        179.76007936485891        15.360271297369140       0.48438323584699383                0           0   3834.4818221751120        1.0894929361876689E-003  0.50000000000000000              820  0.95780261229112273                0
          85          86   8.0567479673496034E-002   7.0359839832317903E-002  -1.6540594186675728E-004  0.98642166572395873        1357017.8794508749        127.71821781941760        7.0011828593770371       0.30837295388541641                0           0   3466.6567986181526        1.9401392259058692E-004  0.25000000000000000              788  -7.2479215648921874E-002           0
          47          48   9.8900608463481726E-002   3.1153535981132970E-002  -9.0443949087021743E-005  0.96929450295796848        1448762.9164048610        126.95392421516813        15.404831544871255       0.80018709478610484                0           0   3247.1256714098058        1.9207619232510233E-004  0.50000000000000000              750  0.40643485375561350                0
         387         388  0.11696728908539532        8.3148869844046139E-002  -2.2937225922715877E-004  0.96255691461049875        1621802.5314303478        158.01532874546518        7.6617430001818301       0.58960718470528117                0           0   2900.6708070037321        6.1573196697757375E-004   1.6220545590053656E-005        1090  0.25353645259210766                0
         103         104   9.4240900685283069E-002   8.1646476448274677E-002  -1.9581474411928143E-004  0.97430932578693863        1543295.6101144454        146.43699954217337        6.7315878898792976       0.15381008572618238                0           0   3048.2269416265021        8.8618227905427590E-004  0.25000000000000000              806  -4.2274671712367415E-002           0
         215         216   9.9764396033006283E-002   5.7531129034738331E-002  -1.3467170227244636E-004  0.99202500142069505        1843377.2888768672        158.82594977762659        17.695603657649755       0.29850449309973909                0           0   2552.0089056272404        1.9606910170443681E-004  0.50000000000000000              918 -0.28055077226502229                0
          65          66   8.1196656538748205E-002   3.2700733033609646E-002  -6.2627861262289943E-005  0.98184767372588766        2149336.5504112290        157.99647215383459        10.638494186397931       0.55995045310576885                0           0   2188.7290088398181        1.9363885980735446E-004  0.50000000000000000              768  0.14553898511436361                0
          15          16  0.12041882448822794        4.7134796559794988E-002  -1.1370748620294229E-004  0.97825164521118502        2263928.7909641471        186.02285177799217        12.695056122885630       0.58778527742533782                0           0   2077.9431210119114        1.1281688166013199E-003  0.25000000000000000              718  0.22010682452043362                0
         243         244  0.10897784068549871        6.2870305948584129E-002  -1.2688985103554134E-004  0.99345305026723485        2514966.0648626112        201.22235189126619        12.075094824080882       0.35612966733066703                0           0   1870.5283237695505        1.2297376519750148E-003  0.50000000000000000              946   8.9329474483646573E-002           0
          37          38  0.10983277472157330        9.0349772612143470E-002  -1.6313461273031012E-004  0.98167519740275366        2786284.6185355540        226.68993556755197        16.134940919246738       0.58747627510837042                0           0   1688.3828831949368        1.3772225981147541E-003  0.50000000000000000              740  -8.2682928016975965E-002           0
         403         404  0.17519688796893346        3.8994197612049461E-002  -1.0593116966521750E-004  0.98389336221268353        2940508.5384456967        240.33772402463063        13.528018875758217       0.45480958073157296                0           0   1599.8305041927831        8.4516561459114874E-004   5.8347510230671558E-004        1106  0.12821562002749809                0
         127         128  0.41687934908818136       0.27898104023835063       -1.0601324713850049E-003  0.99434194081511351        3619474.9262651657        408.83142482301037        11.687906100025819       0.26270935609318796                0           0   1299.7231237899509        2.4997052625840904E-003  0.50000000000000000              830   2.8407447729080271E-002           0
         217         218   8.1228311512873880E-002   6.5270211912634449E-002  -8.4864059256294254E-005  0.97696892315676265        3390006.8490829859        232.81876606981328        14.794000940993863       0.76208322456065936                0           0   1387.7008121435813        1.4110585494170628E-003  0.50000000000000000              920  0.28171711537473498                0
         175         176   8.2952047495663137E-002   3.6571247402372269E-002  -5.1727685487485345E-005  0.99014135557133809        3413569.1600852972        218.55622128671686        15.870787457724346       0.59907174780774486                0           0   1378.1221463599152        1.3225649026655094E-003   1.9318894169776200E-003         878   4.0873686492992278E-002           0
         143         144  0.25022565110097550       0.15769561095085233       -3.9893226177458845E-004  0.97378367469115990        4047244.7606835263        368.61381757316616        8.3973772852174360       0.62961422557478242                0           0   1162.3500766111972        2.2305190603367172E-003  0.50000000000000000              846  0.20531588838118728                0
          61          62  0.16574606629006447        5.1105325148539382E-002  -1.0680914848388477E-004  0.98146224652464376        3985102.7316611102        295.54272204541036        9.3597377585991168       0.42754400745362603                0           0   1180.4752786595950        1.7952874583487142E-003  0.50000000000000000              764  0.31686327832967642                0
          29          30   9.2064989403419284E-002   3.8673592252436655E-002  -4.8326417632826574E-005  0.98790084533106615        4595724.3541263249        274.56410217347485        5.5495105527184778       0.80238347188564063                0           0   1023.6286807368981        1.6733196375634911E-003  0.25000000000000000              732  0.46485564391303286                0
         237         238  0.17519413512811899        4.8620481183886892E-002  -9.6133046925272949E-005  0.99516489023133436        4632593.2409340926        330.20636827131904        16.988093434176953       0.57699269687003729                0           0   1015.4820449326151        1.9984115928462558E-004  0.50000000000000000              940  0.71356482108581809                0
         147         148  0.31456825641218544       0.25964081492902225       -6.6243600918377415E-004  0.98456015427272825        4747337.3481747657        459.47645601886813        15.406836299253431       0.46421427701244400                0           0   990.93763780099937        1.9668248657376449E-004  0.50000000000000000              850  0.11980013086474423                0
         399         400  0.17014458503807270        6.6018282057290864E-002  -2.6982599613524418E-005  0.99086132237842606        45926279.545268781        1551.3789621313458        10.217815506386893       0.22112831515870010                0           0   102.43188223003776        8.5144688783858023E-003   1.0641295204839429E-004        1102 -0.15322300005629441                0
         281         282   8.0478030877779258E-002   1.6466831233086777E-002  -1.7957732283211344E-005  0.98263317338688949        5350084.6687202388        275.01426380833635        13.773754604389044       0.55836647230822112                0           0   879.29734741376603        1.6481198736893446E-003   2.3341224292527754E-003         984  0.45319628165624548                0
          45          46   8.6894120985331738E-002   8.6164685909330241E-002  -8.2040856412477007E-005  0.98387083180607882        5506893.1944410549        340.10174038637848        9.4265981713519054       0.61819818226289658                0           0   854.25939664011355        2.0685513436049150E-003  0.50000000000000000              748  0.51216375955733939                0
         161         162   9.3309048906446132E-002   9.2827486138433946E-002  -9.1370259245818282E-005  0.98813016638448237        5621428.0794278346        353.27656673738818        8.1244056061657215       0.49263344866787667                0           0   836.85412161736349        1.2397880802541188E-003   1.8519670018552509E-004         864  0.15926014580572942                0
         309         310  0.10545420084030525        5.3264404142991120E-002  -5.7855495593977865E-005  0.98363597107776712        6309425.5400360068        361.80592593708820        13.962400228334113       0.54241163190867925                0           0   745.60120058377254        2.2003001492994592E-003  0.50000000000000000             1012  -2.4951530532714344E-002           0
         189         190  0.11107991559331475        5.1209466390144058E-002  -5.9401457297079668E-005  0.98671314114777653        6112335.9088638304        356.86834591407722        18.174646687513011       0.16724288659300837                0           0   769.64278923590894        2.1736268209196817E-003  0.50000000000000000              892 -0.14552338612724997                0
         289         290  0.10428359770713377        2.3242149003040714E-002  -2.7029376984428044E-005  0.98098771808081964        6248196.3360668849        334.17625461185270        14.682030848787869       0.16028207429750305                0           0   752.90772002309325        1.3309609509448202E-003   9.1080359334955749E-004         992  -6.0973931690236065E-002           0
         115         116   9.5073144526220191E-002   4.6025486525321645E-002  -4.6726263478262970E-005  0.98361077625756288        6339435.9430684811        348.99124241529205        11.052033297325437       0.46193493582209910                0           0   742.07158174513086        2.1223306805025111E-003  0.50000000000000000              818  0.19415062993747750                0
         223         224  0.13901763968801717        6.0776114313866474E-002  -7.7058930284157860E-005  0.98945059506227806        6749134.3357442310        408.60078903673690        8.3316431842328491       0.36992282468780846                0           0   697.02498477917982        2.2502197086245721E-003   4.8400470765174315E-004         926  0.14967683557410849                0
         299         300   9.2079428251349071E-002   8.2023039557947389E-002  -6.9096439378182293E-005  0.98687458400157013        7196659.7853167811        407.34476641427341        17.480060775903162       0.10013151966716008                0           0   653.68037367042064        2.4256922695472284E-003   1.0754046908812143E-003        1002 -0.35587470773587759                0
         199         200  0.11230093762090229        4.7925291740752780E-002  -4.9845320530023470E-005  0.98557578802919299        7365259.5215128316        402.38621163417127        12.778941846080416       0.31333473762272740                0           0   638.71683596540686        2.4494184751019071E-003  0.50000000000000000              902  0.84876776464860537                0
         373         374  0.15845034820673778       0.15233439132851201       -1.7085722541329448E-004  0.97950495733805010        7914547.7031697659        526.47426399865958        7.5085296779708992       0.43005884486100959                0           0   594.38838883499193        3.1470496669150942E-003   2.2795631490120979E-004        1076  0.13574595829792949                0
          69          70  0.10464422723177559       0.10349050793134676       -8.6377732787562200E-005  0.98042651398566583        8085705.8082159301        467.23280664956275        12.319864364633519       0.17473147211502399                0           0   581.80638391081243        2.8368343572848856E-003  0.50000000000000000              772 -0.15195617455689911                0
          51          52  0.11606384615255892        9.5064690585184505E-002  -1.2276543213329298E-004  0.98205345115529663        4872545.5793825211        334.93415447263214        1.7221838987877427       0.44146952588804639                0           0   965.47383313362923        1.9892380511386115E-004   6.2500000000000000E-002         754   4.7790601499469031E-002           0
         183         184  0.10185732075756881        5.4219839429199369E-002  -4.3501480886862715E-005  0.97504177138972670        9514132.6512201969        473.11396779398342        16.569151669176986       0.36772735497241232                0           0   494.45550425885955        1.3709233706891610E-003   2.6591322295584552E-005         886   1.2813002187863178                0
         265         266   8.4095384718170976E-002   3.6296916915751078E-002  -2.5177877811590329E-005  0.98207592556819956        10108903.162371378        451.79572118090914        6.4656276386608384       0.47560560688083164                0           0   465.36356932923775        2.7118950539410597E-003   1.3517524380113706E-003         968  0.24079126415322072                0
         367         368  0.20322917187314732       0.17631903439505672       -1.9839452642400631E-004  0.98269813540021200        10353068.734234946        673.09272445564272        16.867772099513221       0.52081853900182640                0           0   454.38848890172994        3.1525871348180045E-003   4.1739764727371549E-004        1070   1.6227326201880603                0
         305         306   8.5255713978393793E-002   1.6586699482616780E-002  -1.1931200371230782E-005  0.97557216214542408        10624387.113807641        441.69112072417624        14.411659072749009       0.28432756199555537                0           0   442.78462439785847        2.6751951435917505E-003  0.50000000000000000             1008  0.11311741883589926                0
         325         326  0.14296285691723640        1.8018411898666035E-002  -1.7591034512000332E-005  0.98525910189351285        11605238.715074902        545.71725305743564        5.9783286037269319       0.35614816582358549                0           0   405.36135215676182        1.9976652747874619E-004  0.25000000000000000             1028   2.7809336897761112E-002           0
         119         120  0.12744757891135747        8.2887871857059842E-002  -6.3848789170769046E-005  0.98269985033698937        12193204.574003790        616.57973866081329        6.1039198808036810       0.26933511323205406                0           0   385.81451078697370        3.7479255214838184E-003  0.50000000000000000              822   2.7530861747076057E-002           0
         133         134  0.13034205300579016        4.8697333779162973E-002  -3.8327414548668241E-005  0.98105527683047500        13234735.414933076        617.16253341152787        9.5354229198214533       0.44593188921417731                0           0   355.45215753514566        3.4939282344431106E-003   6.3972256416623945E-004         836  0.24209665681383641                0
          17          18   8.8310858010865509E-002   3.6165089814597706E-002  -2.2321003472730643E-005  0.98140412768925933        12747100.610456508        533.22349031307033        9.7741745434422604       0.35935111735580977                0           0   369.04982563531280        3.2391129273980847E-003  0.50000000000000000              720  -4.7075383960584347E-002           0
         275         276  0.13196141201412448        6.9014568623332620E-002  -4.7733681534953397E-005  0.97884026712346062        15446900.571214492        711.02052301738024        12.720630280842471       0.40238777176884888                0           0   304.54751980545001        3.3293575100869165E-003   5.8481711268475959E-004         978  0.41701244846233132                0
         221         222  0.10685030920939192        6.9974509155263417E-002  -3.1626683618298497E-005  0.98422862672541422        22713842.148118876        881.01099007421101        11.465956958880183       0.17466044238175968                0           0   207.11226339284772        1.6283149684608437E-003   2.7302648075060573E-005         924 -0.22465555015605748                0
         157         158  0.17882018552997023        8.7937108552675433E-002  -4.2075576858874646E-005  0.98508137103867333        36757760.410224997        1392.7654340941374        7.2871553113148169       0.37142756789923448                0           0   127.98155287872630        6.7162662447116600E-003   3.5966844818118726E-004         860   2.2170412345259377E-002           0
         145         146  0.11284151051838727        7.1741434973604884E-002  -2.4259762773785628E-005  0.99378038317557649        37282243.915340059        1243.5742952129269        13.522586671150073       0.40062411796259867                0           0   126.18111904227786        6.3994789288333923E-003   4.2503035888989931E-004         848  0.16405680787752414                0
         405         406   8.7236661288412828E-002   5.5735761705262711E-002  -1.4072219982536795E-005  0.99445045527554632        44632234.652881853        1287.6258805654079        14.735136487204755       0.62305803385552327                0           0   105.40174145954420        7.8733128566099032E-003  0.50000000000000000             1108   1.3790728861377013                0
