 1031403   1   373 109   0      1.4   7.73   4.63  5.641     0.0  -0.2148   0.0000
  -1.117645   0.000000   0.245611   0.096985  -0.663599   0.060150   0.000000   0.000000   0.000000   0.000000
   0.00000   0.00000   0.13473   0.02864   0.00000  -1.11764   0.00000   0.00000  -0.87203   0.66276   0.19282   0.00000   0.00000
 NAME(I1)    NAME(I2)    M1[M*]                    M2[M*]                    EB[NB]                    ECC                       P[Days]                   SEMI[AU]                  RI[PC]                    VI[km/s]                  K*(I1)      K*(I2)      ZN[NB]                    RP[NB]                    STEP(I1)[NB]              NAME(ICM)                 ECM[NB]                   K*(ICM)      
           3           4   8.7970317491499028E-002   4.9196061553816367E-002  -9.2897646351125171E-004  0.98018963898304645        71340.815372945974        17.361255191394889        3.8920178864290045       0.19649884331690123                0           0   65941.428242054317        1.0539810829294615E-004  0.50000000000000000              706   6.6921562123046369E-002           0
          59          60  0.52934127945164156       0.11516011942956719       -3.1001072744619322E-002  0.99635260950274573        9025.0375450904266        7.3279160146024838        14.246704886215323       0.89604224810517386                0           0   521251.59969045070        4.4850020571511419E-005  0.50000000000000000              762   1.3849783199702408                0
          63          64  0.11284127030153632        5.3401276685359052E-002  -1.4468849236327175E-003  0.97984293960292113        54774.265105649982        15.520472950299069        13.228328803091792       0.36650486884312061                0           0   85885.502043175962        9.4206442072616631E-005  0.25000000000000000              766  0.19066917619992091                0
          83          84  0.10272953417562042        4.1373672231505683E-002  -1.2819188696754095E-003  0.97370419826673227        41789.837138321200        12.356008093958177        16.423943741521562       0.40428897893705901                0           0   112570.79662870750        7.4766174595093939E-005  0.25000000000000000              786  0.30841855130346524                0
         131         132   8.4797441590329786E-002   6.4637458177469395E-002  -7.7121942017657882E-004  0.98912831439601701        128788.41655396212        26.485513546867381        6.9748624303956399       0.43972539519231851                0           0   36527.471829531067        1.6151620773559698E-004   1.5625000000000000E-002         834  0.10205165956380133                0
         137         138  0.13717930409073115       0.13193897190263901       -4.0334545728335997E-003  0.97817964388784162        48147.574536657077        16.722602131164937        7.7094645391188221       0.28785763206859966                0           0   97706.173216745112        1.0141787278782275E-004  0.50000000000000000              840  0.59667964804514062                0
         167         168  0.11739175763496201        6.6852661947444644E-002  -1.3371095085191684E-003  0.97921691183512483        87047.450602289726        21.873015901955345        14.374590039570416       0.69735141938777367                0           0   54043.113555826756        1.3272323952673876E-004  0.25000000000000000              870  0.41164814379136683                0
         177         178  0.17518944591650459       0.15841447355487015       -4.8844045916293037E-002  0.97081544669269548        1948.4551180766894        2.1174370246531056       0.66273362101581934       0.79669301721649832                0           0   2414382.1502485364        1.2793853451865820E-005  0.25000000000000000              880  0.48111524954910279                0
         181         182  0.16494482085752635        4.8117280213717237E-002  -2.2342341753636167E-003  0.98308070947828008        38113.841390388654        13.238244572811659        3.3284670665179203       0.33312941414116115                0           0   123428.00111539195        8.0485139620415977E-005  0.50000000000000000              884   3.1230249075538535E-002           0
         193         194  0.13607741833753259        1.4509867592654014E-002  -3.3139095177587647E-004  0.98026160729439438        98477.807758994706        22.203845682541278        15.078692826952468       0.76709915512801785                0           0   47770.308506030713        1.3480179630591914E-004  0.50000000000000000              896   1.0846243005780754                0
         195         196  0.23980714281985319       0.16746154432118399       -1.7866781603804005E-002  0.96643523058497638        13874.745800257982        8.3762612435180923        11.500256763530636        1.0181839444598464                0           0   339055.96004197007        5.0498069052990366E-005  0.50000000000000000              898  0.79054369084462350                0
         207         208   9.9440827635248155E-002   5.0100703362626467E-002  -8.7683211256005204E-003  0.98112175417415370        2910.2243960466299        2.1174416066239212        2.5596698552890458       0.72991607960331728                0           0   1616478.5313583727        1.2860786271453537E-005  0.25000000000000000              910  0.45363151552607422                0
         225         226  0.11258739991983015        4.7810171057872303E-002  -9.4939383745014589E-004  0.98185672257896206        88575.957032427817        21.129198100363176        15.108392941055879       0.71000955468963856                0           0   53110.521356517827        1.2838083044770557E-004  0.50000000000000000              928   1.0222836661024091                0
         235         236   9.9158490776633662E-002   3.5661683213779022E-002  -5.1301121046354124E-003  0.96614283730650707        4095.4263718306088        2.5687641194955386        2.8238842042179808       0.31865669118017070                0           0   1148675.3345151674        1.5484037106406675E-005  0.50000000000000000              938   8.2173051324205618E-002           0
         249         250   8.3325272192247987E-002   6.4931060179189190E-002  -5.9417119074347373E-003  0.97581540753508467        5929.7866670524481        3.3934150410168407        15.241889654095800       0.43120724656142978                0           0   793336.34104971308        2.0555510157367267E-005  0.25000000000000000              952   1.2424347487881429                0
         271         272  0.13618545113931463       0.10282415591629936       -1.7643068358636144E-003  0.98806680624688603        120181.93023047518        29.578155387187675        7.1064348360042366       0.48731245078330210                0           0   39143.282593508091        1.8027976026539725E-004  0.25000000000000000              974   9.2915824731436489E-002           0
         287         288   8.8414603939471620E-002   4.2704642040310346E-002  -5.8515194294090581E-004  0.98093659039144399        118941.02246670357        24.046383900145148        2.7665902876485222       0.59979678656858060                0           0   39551.663169548527        1.4603779329379048E-004  0.25000000000000000              990  0.19679615519770030                0
         291         292  0.10251315781699964        2.9651563345757474E-002  -1.1831110334550475E-003  0.98075559013170377        29765.556837160901        9.5746088155111213        12.068127827879447       0.58839043181026074                0           0   158045.59892431262        5.8142920318824777E-005   3.1250000000000000E-002         994  0.23392276623828726                0
         303         304  0.77980953382043972       0.33783563817501155       -5.2382472905160467E-002  0.97671789874474535        28033.625192942258        18.742492285908785        5.4319237969373226       0.63508950525704844                0           0   167809.73653129677        1.1358394461059082E-004  0.25000000000000000             1006  0.23313594588138822                0
         311         312  0.16827131513595273       0.11782564957455051       -9.1314488263872420E-003  0.97485864189666582        15717.300866973132        8.0915100549741776        16.225539569552414       0.15981192294432883                0           0   299308.08714936365        4.8990345746074786E-005  0.50000000000000000             1014 -0.12893975577488465                0
         321         322  0.12252965187021556        4.0765808550071510E-002  -1.0952504619379879E-003  0.97557453106160041        63331.226025514967        16.995860241612995        16.804553809230647       0.41827133147107731                0           0   74281.133539866772        1.0293936416602254E-004  0.25000000000000000             1024  0.71939600136642057                0
         323         324  0.13577855073708561        2.1714876777924844E-002  -1.0672784058174505E-003  0.97737634574565457        30402.145619620234        10.295090097572151        13.665993728420133       0.65590256636867417                0           0   154736.29119810546        6.2411468000077191E-005  0.25000000000000000             1026  0.36423100904510530                0
         337         338  0.14234346256931027        4.8688670540606271E-002  -2.7220309402593351E-003  0.98436219341894415        24424.438780536861        9.4883723855236379        12.605199012516092       0.40725045053752851                0           0   192606.89262565569        5.7724153992768256E-005  0.50000000000000000             1040   1.4564833133438082                0
         363         364   8.0030474895858961E-002   2.5241398542184282E-002  -3.2505135387658957E-004  0.96900162088983910        125469.53716214608        23.159872534501439        12.706393455937276       0.70718942434559839                0           0   37493.684634903126        1.3980643129274424E-004  0.50000000000000000             1066  0.54654041142935839                0
         371         372   9.0756420354949963E-002   8.9399293653254358E-002  -1.4941626717007766E-003  0.97790038526241019        78336.750524128642        20.236383406048532        10.601229177544099       0.46062715678399246                0           0   60052.468683849453        1.2271064128272370E-004  0.25000000000000000             1074  0.26819626823153997                0
         383         384   9.3433970454860987E-002   6.5975786712685114E-002  -2.9999592269293533E-003  0.97176827062077331        19385.313257799193        7.6576121486429507        10.186616372067800       0.47610090337314764                0           0   242674.19334851863        4.6290742961604388E-005  0.50000000000000000             1086  0.46692605929493119                0
         395         396  0.10118924464727580        7.2387835402996439E-002  -4.0679476328368365E-003  0.98184110250843104        15239.121285685993        6.7103307468978812        8.6280913209502188       0.49266531870413094                0           0   308699.90266850201        4.0771591993552411E-005  0.50000000000000000             1098   6.2327947799757047E-002           0
         401         402  0.11008182267075275        8.1520559788653676E-002  -2.1754919003101718E-003  0.98946501741247106        50292.904508829961        15.372504553420699        7.8025327724043052       0.42839985136497849                0           0   93538.349069078395        9.3761781152373525E-005  0.50000000000000000             1104  0.13739615513882195                0
         219         220   5.9461379470541447        2.5291364086335988      -0.75299076982192070       0.98221912150944157        80559.862777643633        74.428097414589246        6.5082528595120515       0.19396053143902861                0           0   58395.273967004177        4.5230718866207646E-004  0.50000000000000000              922  0.12500835568982113                0
         159         160  0.52009082554844766       0.13749382338007102       -6.8562166579241961E-003  0.98252657550525302        109146.58921206869        38.868446659729038        2.6862480301398848       0.57784413193461470                0           0   43100.891119047374        2.3624417772278330E-004  0.50000000000000000              862  0.18724031273008154                0
           1           2   2.0244841138268650       0.61000484406818434       -7.0741485713423660E-002  0.98738152934187551        118081.33591071346        65.056817812538299        16.069635920718412       0.48702585444952678                0           0   39839.617509086311        3.9638661146352313E-004  0.50000000000000000              704  0.12682081188835187                0
         283         284  0.18094602805437388        8.1870494517192083E-002  -1.6064068193646895E-003  0.97697797871714775        143540.44546752289        34.366892541613126        5.5074978200377256       0.28773133000807916                0           0   32773.447527785116        2.0829891525217590E-004  0.50000000000000000              986  -5.0744335950495635E-002           0
         185         186  0.24628085064239766        6.9358336926096664E-002  -1.8551080494142963E-003  0.99057546901522908        130681.44545928008        34.314639623851313        8.1952953086480598       0.53173962727222301                0           0   35998.341165507023        2.0941269287605858E-004  0.50000000000000000              888  0.21760471277183061                0
         191         192  0.17819880543248182        5.0730547014061628E-002  -8.9966543292994278E-004  0.98450778698896024        174927.64032278312        37.446621017460309        17.537648174887458       0.62642900024486270                0           0   26892.921261409472        2.2782970840593575E-004  0.25000000000000000              894  0.46984264965290368                0
          71          72  0.16939743337267674        2.6319217633798585E-002  -4.7647967898261517E-004  0.96976219828091648        170003.73667627125        34.870225322542275        11.024701085263908       0.27327983875918621                0           0   27671.834452691655        1.5082883319385277E-004  0.25000000000000000              774 -0.11805480464570713                0
          53          54  0.10539273585624893        8.3691576402142989E-002  -9.4861616487088496E-004  0.98840746126056767        171334.30925667207        34.651436372167325        13.674684366203783       0.25666058026822591                0           0   27456.936547351612        2.1096666920612941E-004  0.25000000000000000              756 -0.17016583071085634                0
         245         246  0.10614450888457336        7.9534736728126665E-002  -8.8338078697462622E-004  0.97533507163214717        180155.36208468804        35.614411017835778        9.0456599082671012       0.16653884036986180                0           0   26112.546433302068        2.1568078356416255E-004  0.50000000000000000              948  0.11107866705275810                0
         331         332  0.12214104311112879        9.8521910482032543E-002  -1.1537755047203683E-003  0.97154055198387024        188414.45473505274        38.868024797675822        16.512180723582127       0.29119416337677906                0           0   24967.910579153504        2.3493249830021899E-004  0.50000000000000000             1034   6.9097371013131736E-002           0
         203         204  0.10958957416913398        5.6611292613942377E-002  -6.2817234305771752E-004  0.98494187057407623        200051.97130642890        36.805509599966030        14.675643426193437       0.13509394092936228                0           0   23515.465640870621        1.6988547057778460E-004  0.50000000000000000              906 -0.16857303921079919                0
          21          22  0.17137201111473407        1.8580527211685235E-002  -2.8964617018065918E-004  0.97725619083110171        219756.57682243298        40.968444197440832        3.4314896129948780       0.24193210091357290                0           0   21406.937283364805        1.8343950172520064E-004  0.50000000000000000              724   6.7069368803764517E-002           0
         369         370  0.35577330781196675       0.28758888866695975       -6.5923629871082615E-003  0.96841922705639494        200307.85819162280        57.839387851881206        13.890985828291640       0.41281212703944492                0           0   23485.425385280789        3.4904883910831302E-004  0.50000000000000000             1072   1.5689339679934053                0
          77          78   9.3430964505624117E-002   2.0354482771848002E-002  -1.6334883162896549E-004  0.97425183352183942        309441.22681298596        43.386459025179242        10.346788574616376       0.55660251960340268                0           0   15202.613129787858        1.8457846561722538E-004  0.50000000000000000              780  0.84603532248343227                0
         315         316  0.30834333591613694       0.21242803698149326       -3.5544000840579989E-003  0.96932722246065328        288048.63087816222        68.675120176768687        7.3435509931039924       0.39229699069166729                0           0   16331.670257563481        4.1463143421502049E-004   1.5625000000000000E-002        1018  0.20017841973496098                0
          89          90  0.20842321107894346       0.10223825271363279       -1.3435582502014560E-003  0.98702482580270168        297769.38109927031        59.104743533761280        6.1002518779099670       0.75777893105660299                0           0   15798.519109916271        3.6005640583131949E-004  0.50000000000000000              792  0.39991799348264201                0
         155         156  0.50373356431637750       0.18870347651975347       -4.6345267489272665E-003  0.98128177235206437        293320.33962033020        76.435433608783669        11.180761501447382       0.72436757088504433                0           0   16038.148816184937        4.6428632181207922E-004  0.50000000000000000              858  0.45948378908583615                0
         187         188  0.16652052450678573        4.4390738220572948E-002  -5.1200105471243477E-004  0.98740860044556455        313872.49940009229        53.803263366689940        5.5313338816399158       0.66761884567574503                0           0   14987.981637882163        1.5401396217716847E-004  0.50000000000000000              890  0.29231671669767323                0
         255         256   8.3811449474318997E-002   3.0344259974373743E-002  -1.9498774621546684E-004  0.99476358635673934        366335.73421504453        48.606227887337262        9.0318392394656524       0.45616906111493982                0           0   12841.540746017587        1.7373772739312873E-004  0.50000000000000000              958  0.24003583255785890                0
          93          94   8.5361728603296438E-002   7.1347741082274679E-002  -4.1080252103106030E-004  0.97812880800934654        378910.90214675880        55.249666982163497        9.5776663336479348       0.45311807891132849                0           0   12415.359998859836        1.7179347800011020E-004  0.50000000000000000              796  0.35086003788951914                0
          95         546  0.62290701776509083       0.52092362269304604       -3.7742923852339284E-003  0.93637957227228585        1958533.3365990350        320.39156296170950        7.6607176002517097       0.51858579459754039                0           0   2401.9582254411553        1.6857786294242000E-003   2.2445073884384634E-003         798  0.32330086607000835                0
          67          68  0.52597586808430075       0.46375414949012228       -9.5351984985231255E-003  0.98266064699714351        341740.68956755206        95.332992401100725        15.743713132153125       0.44113964344512135                0           0   13765.745201713413        5.7947742737167690E-004  0.50000000000000000              770   7.0897762657643859E-002           0
         213         214   8.6717284611907239E-002   1.7710005955573944E-002  -1.1427078035879827E-004  0.98213695314694749        400632.33674856107        50.085097135765906        3.8026083914098616       0.34877867136168894                0           0   11742.225542311169        1.5552041722878169E-004  0.50000000000000000              916  0.15194090349588735                0
         313         314  0.11479116130453372        5.7685466757393881E-002  -3.9453446450446250E-004  0.99253727403468150        435049.79924732697        62.547398305763593        2.7692352833683000       0.42805328369681162                0           0   10813.279918261374        1.7042172232509015E-004  0.50000000000000000             1016   7.7391685416556388E-002           0
         365         366  0.29906545429998188       0.27572229150032296       -3.4223050706489746E-003  0.97703614846779008        409915.73603235272        89.792227251814452        13.261137870978791       0.29388269722308280                0           0   11476.298283102440        5.4424978456707430E-004  0.50000000000000000             1068 -0.23634665234601604                0
         201         202  0.41909726131645580       0.36316033186407948       -5.4401348907038797E-003  0.97784193266974673        439642.50440806977        104.26124217537117        15.540648934490237       0.38938834887363288                0           0   10700.319487940789        6.3220712582260643E-004  0.50000000000000000              904   7.1856290380266752E-002           0
         171         172  0.11855449161888632       0.10910379859810015       -6.3808363105355751E-004  0.99690688946593098        502629.43037454027        75.543937317710842        4.2221951703861320       0.23574703193989727                0           0   9359.4106778413025        1.6222029374787257E-004  0.25000000000000000              874  -7.3517816468859021E-002           0
         347         348  0.19457293008789711        9.8264029982305379E-002  -8.4213227326918961E-004  0.97623178622328566        525292.62380639045        84.608893442837001        5.6475478995967396       0.39175175067104823                0           0   8955.6088253366652        5.1262384884362530E-004  0.25000000000000000             1050  0.15708669496363009                0
         343         344   9.9716206803828866E-002   3.9838043689421537E-002  -1.9541286924161294E-004  0.98547806040898511        644708.77578794607        75.758248904357316        14.086329523426885       0.57486385831469056                0           0   7296.8066114739531        4.6110969753691106E-004  0.50000000000000000             1046   1.7351582525156923                0
          99         100  0.11123848720615616        3.9011678252708890E-002  -1.9764343022701515E-004  0.98119635498491209        697449.45099556562        81.825121918085514        9.3724650952119664       0.54687791033842803                0           0   6745.0268272914218        1.9609050585244134E-004  0.25000000000000000              802  0.13484630113260088                0
         391         392  0.13558686976987694        5.7578981684498085E-002  -2.5446740011902898E-004  0.98428057182237338        1015963.8259505472        114.33226250480101        12.368337159552036       0.31626693941128953                0           0   4630.3964151906221        1.9855493643177781E-004  0.50000000000000000             1094  0.10361155196596639                0
         385         386  0.12648191059682606        5.9749107023494945E-002  -2.5030111744847215E-004  0.99192399726360403        1010156.8010307509        112.51654391747591        17.308530478913781       0.27540009479119693                0           0   4657.0148840700185        1.9971473045980897E-004  0.50000000000000000             1088   7.4947854324712553E-003           0
          41          42  0.11122608390456809        8.6847116325004775E-002  -3.0034655602715249E-004  0.97689552612968544        1076875.4069236529        119.85571002551679        1.3787254427625837       0.83443535150627468                0           0   4368.4861102769009        1.9934720720389158E-004  0.12500000000000000              744  0.51994268157414858                0
         345         346  0.55774375829353751       0.47607345656862060       -4.7923803546830179E-003  0.97923176074338625        1065819.0059203701        206.47940675782556        2.5653821818075659       0.25016366119393885                0           0   4413.8031237137029        1.2529054742208931E-003  0.50000000000000000             1048  -4.2392717014369349E-002           0
          73          74  0.94128231410560004       0.69908498357263338       -1.0547991353088345E-002  0.98595090542721642        1010924.7705775029        232.48741209934116        16.608682202021903       0.52494067274628986                0           0   4653.4770880699325        1.4155097427745917E-003  0.50000000000000000              776  0.38524159250227563                0
         285         286   8.9462339041284894E-002   4.2834040765278178E-002  -1.2838168338598593E-004  0.97556116315563901        1178106.6063545495        111.23605151706303        9.5416251625756523       0.66604936221434319                0           0   3993.1150816660524        1.4410236536712358E-004  0.50000000000000000              988  0.22796030728445907                0
         293         294  0.55382231722128972       0.12326253909399966       -1.3046202120956597E-003  0.97555013427591697        1208714.8768618368        195.00098063437505        9.5248732352331125       0.53048947360391785                0           0   3891.9974823661364        1.1809822740092247E-003  0.50000000000000000              996  0.92247577172501871                0
         123         124  0.67985937278035102       0.12376754478802159       -1.4259437356367586E-003  0.97763450747397851        1328700.8239903566        219.90890269502705        7.1341910159569286       0.57331868227705240                0           0   3540.5376234484115        1.3330674591925293E-003  0.25000000000000000              826  0.32060160685439126                0
           7           8  0.10772050310063933        1.1526931384030817E-002  -3.7943697728780554E-005  0.99082248886431246        1424470.1409572540        121.95279694780302        12.071021331008506       0.46267414409252089                0           0   3302.5018372680170        1.6260639909577266E-004   6.2500000000000000E-002         710  -9.6567920324617251E-003           0
         355         356  0.32294731613854971       0.22153041596011064       -1.4146791448691402E-003  0.98835597978780254        1280677.5733209376        188.46314208734015        6.0967354532467271       0.43605518040568697                0           0   3673.3018174480535        1.1488556879049804E-003  0.50000000000000000             1058   6.7222611502939178E-002           0
          85          86   8.0567479673496034E-002   7.0359839832317903E-002  -1.6540594186675728E-004  0.98642166572395873        1357017.8794508749        127.71821781941760        8.6365941016410304       0.31112716031137744                0           0   3466.6567986181526        1.9401392259058692E-004   6.2500000000000000E-002         788  -5.6308702540140240E-002           0
         387         388  0.11696728908539532        8.3148869844046139E-002  -2.2937111542011769E-004  0.96263648112850120        1621814.6626317673        158.01611672195162        3.3629329557943475       0.60496937187065802                0           0   2900.6491099364762        3.3838479317542725E-004   1.1481517559494239E-005        1090  0.21798596294810840                0
         103         104   9.4240900685283069E-002   8.1646476448274677E-002  -1.9581474411928143E-004  0.97430932578693863        1543295.6101144454        146.43699954217337        3.3878599783281316       0.15955883363371992                0           0   3048.2269416265021        8.8618227905427590E-004  0.25000000000000000              806  -5.3067948536536153E-002           0
          65          66   8.1196656538748205E-002   3.2700733033609646E-002  -6.2627861262289943E-005  0.98184767372588766        2149336.5504112290        157.99647215383459        12.920455157776352       0.55576427208608825                0           0   2188.7290088398181        1.9363885980735446E-004  0.50000000000000000              768  0.17605704645259918                0
          15          16  0.12041882448822794        4.7134796559794988E-002  -1.1370748620294229E-004  0.97825164521118502        2263928.7909641471        186.02285177799217        12.458750376076173       0.59109090702034583                0           0   2077.9431210119114        1.1281688166013199E-003  0.50000000000000000              718  0.17988444884462959                0
         243         244  0.10897784068549871        6.2870305948584129E-002  -1.2688985103554134E-004  0.99345305026723485        2514966.0648626112        201.22235189126619        9.5356409006028624       0.37269711752638535                0           0   1870.5283237695505        1.2297376519750148E-003  0.50000000000000000              946   7.3350892666063094E-002           0
         403         404  0.17519688796893346        3.8994197612049461E-002  -1.0593115320235576E-004  0.98389306108815378        2940509.2239265861        240.33776137574597        17.212679434092077       0.42248314977251478                0           0   1599.8301312460744        9.3603526821331386E-004   6.1295198540725160E-004        1106  0.14855899261216449                0
         127         128  0.41687934908818136       0.27898104023835063       -1.0601324713850049E-003  0.99434194081511351        3619474.9262651657        408.83142482301037        12.898486060138463       0.28835923406286762                0           0   1299.7231237899509        2.4997052625840904E-003  0.25000000000000000              830  -2.2929798584703925E-003           0
         217         218   8.1228311512873880E-002   6.5270211912634449E-002  -8.4864059256294254E-005  0.97696892315676265        3390006.8490829859        232.81876606981328        16.311573190358502       0.74382856403809294                0           0   1387.7008121435813        1.4110585494170628E-003  0.50000000000000000              920  0.32167806690705275                0
         143         144  0.25022565110097550       0.15769561095085233       -3.9893226177458845E-004  0.97378367469115990        4047244.7606835263        368.61381757316616        8.9640991290514034       0.64387298450343855                0           0   1162.3500766111972        2.2305190603367172E-003  0.50000000000000000              846  0.21890221040499175                0
          61          62  0.16574606629006447        5.1105325148539382E-002  -1.0680914848388477E-004  0.98146224652464376        3985102.7316611102        295.54272204541036        6.2344543615257155       0.44065119446954054                0           0   1180.4752786595950        1.7952874583487142E-003  0.50000000000000000              764  0.27996570463466725                0
          29          30   9.2064989403419284E-002   3.8673592252436655E-002  -4.8326417632826574E-005  0.98790084533106615        4595724.3541263249        274.56410217347485        6.4344101824946689       0.82803663229687152                0           0   1023.6286807368981        1.6733196375634911E-003  0.25000000000000000              732  0.51034760079261765                0
         405         406   8.7236661288412828E-002   5.5735761705262711E-002  -1.4072219982536795E-005  0.99445045527554632        44632234.652881853        1287.6258805654079        9.9985582133489839       0.66875786470867404                0           0   105.40174145954420        7.8733128566099032E-003  0.50000000000000000             1108   1.2954395287341027                0
          45          46   8.6894120985331738E-002   8.6164685909330241E-002  -8.2040856412477007E-005  0.98387083180607882        5506893.1944410549        340.10174038637848        7.4640917131595890       0.64087051814228801                0           0   854.25939664011355        2.0685513436049150E-003  0.25000000000000000              748  0.47194805347701679                0
         161         162   9.3309048906446132E-002   9.2827486138433946E-002  -9.1369608670922121E-005  0.98829926587924954        5621488.1185352402        353.27908215656385        7.0509317722651561       0.48538185513718013                0           0   836.84518377502854        1.9814285842081425E-004   9.9418162723768026E-006         864  0.13871626701599682                0
         289         290  0.10428359770713377        2.3242149003040714E-002  -2.7029379062176706E-005  0.98098886516417694        6248195.6156185195        334.17622892372037        17.365775789394206       0.16347577831114304                0           0   752.90780683713831        2.4244006976105833E-004   1.8579965056620624E-004         992  -4.6130914128632718E-002           0
         115         116   9.5073144526220191E-002   4.6025486525321645E-002  -4.6726263478262970E-005  0.98361077625756288        6339435.9430684811        348.99124241529205        12.871375468490648       0.47815748012377013                0           0   742.07158174513086        2.1223306805025111E-003  0.25000000000000000              818  0.16990742414185450                0
         223         224  0.13901763968801717        6.0776114313866474E-002  -7.7058601418126759E-005  0.98945880445245127        6749177.5411103340        408.60253283843218        4.2714581752602276       0.33522999978850548                0           0   697.02052272147478        1.8752779082152854E-003   4.4422508868461653E-004         926  0.10344531939089840                0
         199         200  0.11230093762090229        4.7925291740752780E-002  -4.9845320530023470E-005  0.98557578802919299        7365259.5215128316        402.38621163417127        9.1297903890898873       0.37148526802736132                0           0   638.71683596540686        2.4494184751019071E-003  0.50000000000000000              902  0.76393377219342695                0
         373         374  0.15845034820673778       0.15233439132851201       -1.7085705346685636E-004  0.97949992168039834        7914559.6506890692        526.47479382972381        3.8588326554382308       0.40513530396721370                0           0   594.38749156880624        2.5507532284042350E-003   5.1205919632846622E-005        1076  0.10427620992248997                0
          69          70  0.10464422723177559       0.10349050793134676       -8.6377732787562200E-005  0.98042651398566583        8085705.8082159301        467.23280664956275        12.156351211829673       0.16807182757529396                0           0   581.80638391081243        2.8368343572848856E-003  0.50000000000000000              772 -0.16217551981694744                0
          51          52  0.11606384615255892        9.5064690585184505E-002  -1.2276543213329298E-004  0.98205345115529663        4872545.5793825211        334.93415447263214        5.2500878464000831       0.45408007548270346                0           0   965.47383313362923        1.9892380511386115E-004  0.25000000000000000              754   6.4266375843706688E-002           0
         265         266   8.4095384718170976E-002   3.6296916915751078E-002  -2.5177834355961880E-005  0.98207369609606365        10108929.333541811        451.79650095675152        3.1321643351321642       0.50818268825421908                0           0   465.36236454197643        4.7456563033112679E-004   2.7577606015909010E-004         968  0.21594900321924593                0
         367         368  0.20322917187314732       0.17631903439505672       -1.9839360279323893E-004  0.98268874491038105        10353141.033118185        673.09585807054191        13.256173454016690       0.52376356292925697                0           0   454.38531577966017        1.9248117465846639E-003   3.2865005412793032E-004        1070   1.5323292174026968                0
         305         306   8.5255713978393793E-002   1.6586699482616780E-002  -1.1931200371230782E-005  0.97557216214542408        10624387.113807641        441.69112072417624        12.042399088766567       0.25932813887903983                0           0   442.78462439785847        2.6751951435917505E-003  0.50000000000000000             1008   7.8219232398094363E-002           0
         325         326  0.14296285691723640        1.8018411898666035E-002  -1.7591034512000332E-005  0.98525910189351285        11605238.715074902        545.71725305743564        8.1710721256204035       0.37780827151055363                0           0   405.36135215676182        1.9976652747874619E-004  0.25000000000000000             1028   2.6649368583625245E-002           0
         119         120  0.12744757891135747        8.2887871857059842E-002  -6.3848789170769046E-005  0.98269985033698937        12193204.574003790        616.57973866081329        10.171055534664996       0.25509698623525834                0           0   385.81451078697370        3.7479255214838184E-003  0.25000000000000000              822   6.7917459614194930E-002           0
         133         134  0.13034205300579016        4.8697333779162973E-002  -3.8327115510123772E-005  0.98105249173086251        13234890.306725031        617.16734868090646        5.5698229703385680       0.47928588279302320                0           0   355.44799757458998        1.2231499295232307E-003   3.7560404241956908E-004         836  0.20977340914156120                0
          17          18   8.8310858010865509E-002   3.6165089814597706E-002  -2.2321003472730643E-005  0.98140412768925933        12747100.610456508        533.22349031307033        9.1704109511384502       0.36266415645592026                0           0   369.04982563531280        3.2391129273980847E-003  0.50000000000000000              720  -4.3228673794316635E-002           0
         275         276  0.13196141201412448        6.9014568623332620E-002  -4.7733892106469736E-005  0.97885859452837420        15446798.358503187        711.01738644788895        9.8962116640101456       0.42083580800479115                0           0   304.54953502096578        3.6431765935503154E-003   6.0957018898281749E-004         978  0.37076284771214318                0
         221         222  0.10685030920939192        6.9974509155263417E-002  -3.1625172510660538E-005  0.98446498292919704        22715470.129927371        881.05308636430323        12.756972952551724       0.19710239852079187                0           0   207.09741998458057        5.0329070292317356E-003   4.6300680931090417E-005         924 -0.20206245395688505                0
         157         158  0.17882018552997023        8.7937108552675433E-002  -4.2075498071861728E-005  0.98507280961151855        36757863.654475205        1392.7680420686897        5.9867267378534352       0.37174975309059682                0           0   127.98119340844832        6.1274647808871839E-003   3.4347828529463658E-004         860   7.6907294837877827E-003           0
         145         146  0.11284151051838727        7.1741434973604884E-002  -2.4259739805012660E-005  0.99378948697333647        37282296.862791620        1243.5754726111961        10.882922519413501       0.41443721409980777                0           0   126.18093984278502        7.5737870148358220E-003   2.3111728031802999E-004         848  0.14848371751653522                0
         399         400  0.17014458503807270        6.6018282057290864E-002  -2.6984102832265507E-005  0.99072798206212698        45922441.936710857        1551.2925385824547        11.490318734680933       0.22605647632173595                0           0   102.44044217265559        4.9813094431249635E-003   8.3580971188384483E-005        1102 -0.12833483245597413                0
         267         268  0.11152016154947933        1.9237634443879208E-002  -2.0555933507141646E-005  0.97570812258741246        7747957.2059612451        388.94410157487459        2.5144310878119192       0.54439593318275803                0           0   607.16846164628828        1.3779408613810440E-003   4.5842413933867349E-004         970  0.15229469455534883                0
