 122 312   1   452 101   0      0.3   0.46   4.88  5.692     0.0  -0.2385   0.0000
  -1.208671   0.000000   0.287028   0.062472  -0.571267   0.053723   0.000000   0.000000   0.000000   0.000000
   0.00000   0.00000   0.15015   0.03412   0.00000  -1.20867   0.00000   0.00000  -0.92164   0.77512   0.20854   0.00000   0.00000
 NAME(I1)    NAME(I2)    M1[M*]                    M2[M*]                    EB[NB]                    ECC                       P[Days]                   SEMI[AU]                  RI[PC]                    VI[km/s]                  K*(I1)      K*(I2)      ZN[NB]                    RP[NB]                    STEP(I1)[NB]              NAME(ICM)                 ECM[NB]                   K*(ICM)      
           3           4   8.7970317491499028E-002   4.9196061553816367E-002  -9.2897646351125171E-004  0.98018963898304645        71340.815372945974        17.361255191394889        7.6007571245081476       0.17589620519931415                0           0   65941.428242054317        1.0539810829294615E-004  0.25000000000000000              706  0.11238653524249399                0
          57          58   8.8793517676333700E-002   7.4789808565780366E-002  -1.3944536633748324E-003  0.99288618157622466        67519.482439442989        17.747571380570307        13.952031339188226       0.58409050183482314                0           0   69673.449613065080        1.0843421479498632E-004  0.50000000000000000              760   1.1541896779719651                0
          59          60  0.52934127945164156       0.11516011942956719       -3.1001072744619322E-002  0.99635260950274573        9025.0375450904266        7.3279160146024838        17.549447253071094       0.80075021989402828                0           0   521251.59969045070        4.4850020571511419E-005  0.25000000000000000              762   1.4517517624825991                0
          63          64  0.11284127030153632        5.3401276685359052E-002  -1.4468849236327175E-003  0.97984293960292113        54774.265105649982        15.520472950299069        12.008351885045698       0.39446680188908900                0           0   85885.502043175962        9.4206442072616631E-005  0.25000000000000000              766  0.23325443213889041                0
          83          84  0.10272953417562042        4.1373672231505683E-002  -1.2819188696754095E-003  0.97370419826673227        41789.837138321200        12.356008093958177        13.989626928898124       0.35116473521415775                0           0   112570.79662870750        7.4766174595093939E-005  0.50000000000000000              786  0.23224100264339942                0
          87          88  0.10306885414503236        3.0345968261083246E-002  -4.1821248241819420E-003  0.98428134930470224        4652.7998571211401        2.7870887101701558        15.224634717059024       0.29978965254320178                0           0   1011071.9141389197        1.6955045282497800E-005  0.25000000000000000              790   8.8368113878044427E-002           0
         105         106  0.12790761581087476        8.1406408734692293E-002  -3.3640542461646258E-002  0.96974758674909145        989.02684361157492        1.1534833915785283        18.438135345289819       0.33524206580813393                0           0   4756509.1767037120        6.9657331703446991E-006  0.25000000000000000              808  0.11608464196814830                0
         131         132   8.4797441590329786E-002   6.4637458177469395E-002  -7.7121942017657882E-004  0.98912831439601701        128788.41655396212        26.485513546867381        7.8471449872649357       0.45976716670510276                0           0   36527.471829531067        1.6151620773559698E-004  0.25000000000000000              834  0.12333871691159384                0
         137         138  0.13717930409073115       0.13193897190263901       -4.0334545728335997E-003  0.97817964388784162        48147.574536657077        16.722602131164937        11.787078431569956       0.16478680814804003                0           0   97706.173216745112        1.0141787278782275E-004  0.25000000000000000              840  0.66844434363306315                0
         167         168  0.11739175763496201        6.6852661947444644E-002  -1.3371095085191684E-003  0.97921691183512483        87047.450602289726        21.873015901955345        12.754932680504689       0.67248194331047140                0           0   54043.113555826756        1.3272323952673876E-004  0.25000000000000000              870  0.41894768630437668                0
         177         178  0.17518944591650459       0.15841447355487015       -4.8844045916293037E-002  0.97081544669269548        1948.4551180766894        2.1174370246531056        3.7285601342620960       0.80592411872501768                0           0   2414382.1502485364        1.2793853451865820E-005  0.25000000000000000              880  0.51016501735288666                0
         181         182  0.16494482085752635        4.8117280213717237E-002  -2.2342341753636167E-003  0.98308070947828008        38113.841390388654        13.238244572811659        5.2112737181651703       0.30677637188245760                0           0   123428.00111539195        8.0485139620415977E-005  0.25000000000000000              884   5.2627625670947031E-002           0
         193         194  0.13607741833753259        1.4509867592654014E-002  -3.3139095177587647E-004  0.98026160729439438        98477.807758994706        22.203845682541278        15.663104300260988       0.69893706295098790                0           0   47770.308506030713        1.3480179630591914E-004  0.25000000000000000              896   1.1974102821515809                0
         195         196  0.23980714281985319       0.16746154432118399       -1.7866781603804005E-002  0.96643523058497638        13874.745800257982        8.3762612435180923        11.057844725474155       0.98071535627766382                0           0   339055.96004197007        5.0498069052990366E-005  0.25000000000000000              898  0.74763029179982810                0
         207         208   9.9440827635248155E-002   5.0100703362626467E-002  -8.7683211256005204E-003  0.98112175417415370        2910.2243960466299        2.1174416066239212        3.9089674236732992       0.74569535807306375                0           0   1616478.5313583727        1.2860786271453537E-005  0.25000000000000000              910  0.45595185158391222                0
         225         226  0.11258739991983015        4.7810171057872303E-002  -9.4939383745014589E-004  0.98185672257896206        88575.957032427817        21.129198100363176        15.894443586060458       0.60767197937282802                0           0   53110.521356517827        1.2838083044770557E-004  0.25000000000000000              928   1.1142764527407283                0
         235         236   9.9158490776633662E-002   3.5661683213779022E-002  -5.1301121046354124E-003  0.96614283730650707        4095.4263718306088        2.5687641194955386        7.0015051322196324       0.29263808483141690                0           0   1148675.3345151674        1.5484037106406675E-005  0.25000000000000000              938  0.12705747853190472                0
         239         240   8.3253089810449737E-002   5.9845060969569666E-002  -7.4110620056441019E-004  0.97866503909393976        121080.59857328323        25.053451414275163        15.818401018454313       0.46829947734822891                0           0   38852.758518512826        1.5197941044801133E-004  0.25000000000000000              942  0.14848231276361268                0
         247         248  0.12867704596478571        5.6124925773135610E-002  -4.8755267774440045E-002  0.97148621675522984        348.47281385192167       0.55201979559906922        18.853584678588046       0.62139134070684354                0           0   13499805.639483234        3.3365167437779866E-006  0.25000000000000000              950  0.54681255140290674                0
         249         250   8.3325272192247987E-002   6.4931060179189190E-002  -5.9417119074347373E-003  0.97581540753508467        5929.7866670524481        3.3934150410168407        16.306440644357643       0.52389118093151066                0           0   793336.34104971308        2.0555510157367267E-005  0.50000000000000000              952   1.3354789920412355                0
         271         272  0.13618545113931463       0.10282415591629936       -1.7643068358636144E-003  0.98806680624688603        120181.93023047518        29.578155387187675        6.6597670269458211       0.50477573325689129                0           0   39143.282593508091        1.8027976026539725E-004  0.25000000000000000              974   8.5771306774560102E-002           0
         287         288   8.8414603939471620E-002   4.2704642040310346E-002  -5.8515194294090581E-004  0.98093659039144399        118941.02246670357        24.046383900145148        3.0328332054290379       0.61613939569726683                0           0   39551.663169548527        1.4603779329379048E-004  0.25000000000000000              990  0.21442913591225871                0
         291         292  0.10251315781699964        2.9651563345757474E-002  -1.1831110334550475E-003  0.98075559013170377        29765.556837160901        9.5746088155111213        9.1494525910954927       0.59169486380600855                0           0   158045.59892431262        5.8142920318824777E-005   6.2500000000000000E-002         994  0.24133703731894479                0
         303         304  0.77980953382043972       0.33783563817501155       -5.2382472905160467E-002  0.97671789874474535        28033.625192942258        18.742492285908785        5.9306871124511442       0.63516506434082787                0           0   167809.73653129677        1.1358394461059082E-004  0.25000000000000000             1006  0.23058716717881209                0
         311         312  0.16827131513595273       0.11782564957455051       -9.1314488263872420E-003  0.97485864189666582        15717.300866973132        8.0915100549741776        14.435385625123173       0.17997417111058087                0           0   299308.08714936365        4.8990345746074786E-005  0.25000000000000000             1014 -0.14214310209120928                0
         321         322  0.12252965187021556        4.0765808550071510E-002  -1.0952504619379879E-003  0.97557453106160041        63331.226025514967        16.995860241612995        16.581890487270119       0.46098427111010820                0           0   74281.133539866772        1.0293936416602254E-004  0.50000000000000000             1024  0.78523362383789264                0
         323         324  0.13577855073708561        2.1714876777924844E-002  -1.0672784058174505E-003  0.97737634574565457        30402.145619620234        10.295090097572151        11.974628739609788       0.59694250114605207                0           0   154736.29119810546        6.2411468000077191E-005  0.25000000000000000             1026  0.38852094792254854                0
         337         338  0.14234346256931027        4.8688670540606271E-002  -2.7220309402593351E-003  0.98436219341894415        24424.438780536861        9.4883723855236379        16.246404416329472       0.47966957264846216                0           0   192606.89262565569        5.7724153992768256E-005  0.50000000000000000             1040   1.5594400357645533                0
         357         358   7.9717634398698847E-002   3.5168480550120958E-002  -1.1543449013877967E-003  0.99034897964864510        29342.295402160125        9.0508997532508531        13.616437190281099       0.50994926858784839                0           0   160325.40035359471        5.5228836842580753E-005  0.25000000000000000             1060  0.89694585976980212                0
         363         364   8.0030474895858961E-002   2.5241398542184282E-002  -3.2505135387658957E-004  0.96900162088983910        125469.53716214608        23.159872534501439        9.8888926096871579       0.68358131071507633                0           0   37493.684634903126        1.3980643129274424E-004  0.25000000000000000             1066  0.47840358986017528                0
         371         372   9.0756420354949963E-002   8.9399293653254358E-002  -1.4941626717007766E-003  0.97790038526241019        78336.750524128642        20.236383406048532        7.9256721706266617       0.39307906977507434                0           0   60052.468683849453        1.2271064128272370E-004  0.25000000000000000             1074  0.20507116096019962                0
         383         384   9.3433970454860987E-002   6.5975786712685114E-002  -2.9999592269293533E-003  0.97176827062077331        19385.313257799193        7.6576121486429507        12.374123716783497       0.53028319169632243                0           0   242674.19334851863        4.6290742961604388E-005  0.25000000000000000             1086  0.51685952109604250                0
         395         396  0.10118924464727580        7.2387835402996439E-002  -4.0679476328368365E-003  0.98184110250843104        15239.121285685993        6.7103307468978812        7.3111247212639254       0.47335743747066700                0           0   308699.90266850201        4.0771591993552411E-005  0.25000000000000000             1098   5.8100031353161774E-002           0
         401         402  0.11008182267075275        8.1520559788653676E-002  -2.1754919003101718E-003  0.98946501741247106        50292.904508829961        15.372504553420699        9.4066784975827922       0.47715934908728036                0           0   93538.349069078395        9.3761781152373525E-005  0.25000000000000000             1104  0.16308071648448688                0
         219         220   5.9461379470541447        2.5291364086335988      -0.75299076982192070       0.98221912150944157        80559.862777643633        74.428097414589246        9.4111386604571070       0.25771168616624202                0           0   58395.273967004177        4.5230718866207646E-004  0.25000000000000000              922  0.17492543626493617                0
         159         160  0.52009082554844766       0.13749382338007102       -6.8562166579241961E-003  0.98252657550525302        109146.58921206869        38.868446659729038        4.8302546407954638       0.56744474476668072                0           0   43100.891119047374        2.3624417772278330E-004  0.25000000000000000              862  0.23068498977667046                0
           1           2   2.0244841138268650       0.61000484406818434       -7.0741485713423660E-002  0.98738152934187551        118081.33591071346        65.056817812538299        14.069158566390188       0.45947148230487639                0           0   39839.617509086311        3.9638661146352313E-004  0.25000000000000000              704  0.10272263238364160                0
         283         284  0.18094602805437388        8.1870494517192083E-002  -1.6064068193646895E-003  0.97697797871714775        143540.44546752289        34.366892541613126        5.2186123740438308       0.30581900561909620                0           0   32773.447527785116        2.0829891525217590E-004  0.25000000000000000              986  -4.4008479908718035E-002           0
         185         186  0.24628085064239766        6.9358336926096664E-002  -1.8551080494142963E-003  0.99057546901522908        130681.44545928008        34.314639623851313        10.075031710697870       0.56988917756943958                0           0   35998.341165507023        2.0941269287605858E-004  0.25000000000000000              888  0.25161349598204430                0
         191         192  0.17819880543248182        5.0730547014061628E-002  -8.9966543292994278E-004  0.98450778698896024        174927.64032278312        37.446621017460309        15.744386329854851       0.61900567177335164                0           0   26892.921261409472        2.2782970840593575E-004  0.25000000000000000              894  0.50378763070135135                0
          71          72  0.16939743337267674        2.6319217633798585E-002  -4.7647967898261517E-004  0.96976219828091648        170003.73667627125        34.870225322542275        10.023217104463637       0.26429306681149023                0           0   27671.834452691655        1.5082883319385277E-004  0.25000000000000000              774 -0.14205894904995514                0
          53          54  0.10539273585624893        8.3691576402142989E-002  -9.4861616487088496E-004  0.98840746126056767        171334.30925667207        34.651436372167325        12.253846925503861       0.31088357612816936                0           0   27456.936547351612        2.1096666920612941E-004  0.25000000000000000              756 -0.16932347881594695                0
         245         246  0.10614450888457336        7.9534736728126665E-002  -8.8338078697462622E-004  0.97533507163214717        180155.36208468804        35.614411017835778        12.291077809696281       0.23857129961991758                0           0   26112.546433302068        2.1568078356416255E-004  0.25000000000000000              948  0.14733654738023788                0
         331         332  0.12214104311112879        9.8521910482032543E-002  -1.1537755047203683E-003  0.97154055198387024        188414.45473505274        38.868024797675822        13.670045971545926       0.29977066260643243                0           0   24967.910579153504        2.3493249830021899E-004  0.25000000000000000             1034   2.8864954119798718E-002           0
         203         204  0.10958957416913398        5.6611292613942377E-002  -6.2817234305771752E-004  0.98494187057407623        200051.97130642890        36.805509599966030        13.042796502284384       0.17362967213744709                0           0   23515.465640870621        1.6988547057778460E-004  0.25000000000000000              906 -0.19217398050292323                0
          21          22  0.17137201111473407        1.8580527211685235E-002  -2.8964617018065918E-004  0.97725619083110171        219756.57682243298        40.968444197440832        7.7636770477560963       0.25430470171965985                0           0   21406.937283364805        1.8343950172520064E-004  0.25000000000000000              724   9.8539020521825532E-002           0
         369         370  0.35577330781196675       0.28758888866695975       -6.5923629871082615E-003  0.96841922705639494        200307.85819162280        57.839387851881206        17.337234746137948       0.48964464424872978                0           0   23485.425385280789        3.4904883910831302E-004  0.25000000000000000             1072   1.6891891086420130                0
          77          78   9.3430964505624117E-002   2.0354482771848002E-002  -1.6334883162896549E-004  0.97425183352183942        309441.22681298596        43.386459025179242        13.675221845185014       0.51459579501105190                0           0   15202.613129787858        1.8457846561722538E-004  0.25000000000000000              780  0.92549121379554733                0
         315         316  0.30834333591613694       0.21242803698149326       -3.5544000840579989E-003  0.96932722246065328        288048.63087816222        68.675120176768687        10.020913226366330       0.37854116812573291                0           0   16331.670257563481        4.1463143421502049E-004  0.25000000000000000             1018  0.23087648621134496                0
          89          90  0.20842321107894346       0.10223825271363279       -1.3435582502014560E-003  0.98702482580270168        297769.38109927031        59.104743533761280        7.2594707566520906       0.77704293513462686                0           0   15798.519109916271        3.6005640583131949E-004  0.25000000000000000              792  0.43020171121016038                0
         155         156  0.50373356431637750       0.18870347651975347       -4.6345267489272665E-003  0.98128177235206437        293320.33962033020        76.435433608783669        11.556171664499933       0.66829866789348780                0           0   16038.148816184937        4.6428632181207922E-004  0.25000000000000000              858  0.41837659752939627                0
         187         188  0.16652052450678573        4.4390738220572948E-002  -5.1200105471243477E-004  0.98740860044556455        313872.49940009229        53.803263366689940        6.9383374038113237       0.68066347374346958                0           0   14987.981637882163        1.5401396217716847E-004  0.25000000000000000              890  0.30726568182292563                0
         255         256   8.3811449474318997E-002   3.0344259974373743E-002  -1.9498774621546684E-004  0.99476358635673934        366335.73421504453        48.606227887337262        11.206209528903031       0.47424609505350912                0           0   12841.540746017587        1.7373772739312873E-004  0.25000000000000000              958  0.28443995157218865                0
          93          94   8.5361728603296438E-002   7.1347741082274679E-002  -4.1080252103106030E-004  0.97812880800934654        378910.90214675880        55.249666982163497        12.992763700067661       0.37314862376282271                0           0   12415.359998859836        1.7179347800011020E-004  0.25000000000000000              796  0.39365362671635995                0
          95          96  0.62290701776509083        9.1312241257938784E-002  -2.4693979222944959E-003  0.98237701075391337        343712.37779952172        85.838176680407940        10.422303053305837       0.60654469640622455                0           0   13686.778718189385        2.0819518717565610E-004   2.4528807817688240E-005         798  0.37934873229654759                0
          67          68  0.52597586808430075       0.46375414949012228       -9.5351984985231255E-003  0.98266064699714351        341740.68956755206        95.332992401100725        16.788381897020091       0.38979555140914413                0           0   13765.745201713413        5.7947742737167690E-004  0.25000000000000000              770  0.11796763254860687                0
         213         214   8.6717284611907239E-002   1.7710005955573944E-002  -1.1427078035879827E-004  0.98213695314694749        400632.33674856107        50.085097135765906        8.0649934449481435       0.36798628395066085                0           0   11742.225542311169        1.5552041722878169E-004  0.25000000000000000              916  0.17907306518481400                0
         313         314  0.11479116130453372        5.7685466757393881E-002  -3.9453446450446250E-004  0.99253727403468150        435049.79924732697        62.547398305763593        4.7649302700557508       0.38401208197607822                0           0   10813.279918261374        1.7042172232509015E-004  0.25000000000000000             1016   9.2312443906189423E-002           0
         365         366  0.29906545429998188       0.27572229150032296       -3.4223050706489746E-003  0.97703614846779008        409915.73603235272        89.792227251814452        13.487086582536714       0.28871977157185730                0           0   11476.298283102440        5.4424978456707430E-004  0.25000000000000000             1068 -0.23239065232297124                0
         201         202  0.41909726131645580       0.36316033186407948       -5.4401348907038797E-003  0.97784193266974673        439642.50440806977        104.26124217537117        13.375894201326254       0.39188310021297051                0           0   10700.319487940789        6.3220712582260643E-004  0.25000000000000000              904   4.8126493322993284E-002           0
         171         172  0.11855449161888632       0.10910379859810015       -6.3808363105355751E-004  0.99690688946593098        502629.43037454027        75.543937317710842        2.8636719840276470       0.23066220143610280                0           0   9359.4106778413025        1.6222029374787257E-004  0.25000000000000000              874  -8.1831068632251008E-002           0
         347         348  0.19457293008789711        9.8264029982305379E-002  -8.4213227326918961E-004  0.97623178622328566        525292.62380639045        84.608893442837001        5.7540218971049635       0.44318024798241412                0           0   8955.6088253366652        5.1262384884362530E-004   6.2500000000000000E-002        1050  0.17550408409211443                0
         343         344   9.9716206803828866E-002   3.9838043689421537E-002  -1.9541286924161294E-004  0.98547806040898511        644708.77578794607        75.758248904357316        17.375723396217236       0.66906774683289816                0           0   7296.8066114739531        4.6110969753691106E-004  0.25000000000000000             1046   1.8186628647370011                0
          55          56   8.3915877860446200E-002   1.7498204653530233E-002  -7.7740196882517218E-005  0.96898154446861051        677342.13462491788        70.390059717499767        13.569272246645815       0.14743572037385327                0           0   6945.2570823012566        1.8325936041652929E-004  0.25000000000000000              758 -0.19795106433113691                0
          99         100  0.11123848720615616        3.9011678252708890E-002  -1.9764343022701515E-004  0.98119635498491209        697449.45099556562        81.825121918085514        10.510030049212812       0.54327902042522036                0           0   6745.0268272914218        1.9609050585244134E-004  0.25000000000000000              802  0.14326037850184831                0
         391         392  0.13558686976987694        5.7578981684498085E-002  -2.5446740011902898E-004  0.98428057182237338        1015963.8259505472        114.33226250480101        12.616515703906193       0.37378781117564081                0           0   4630.3964151906221        1.9855493643177781E-004  0.25000000000000000             1094  0.14402471869499206                0
         385         386  0.12648191059682606        5.9749107023494945E-002  -2.5030111744847215E-004  0.99192399726360403        1010156.8010307509        112.51654391747591        14.072450113116226       0.28180443194797594                0           0   4657.0148840700185        1.9971473045980897E-004  0.25000000000000000             1088  -1.0743372403168706E-002           0
          41          42  0.11122608390456809        8.6847116325004775E-002  -3.0034655602715249E-004  0.97689552612968544        1076875.4069236529        119.85571002551679        3.5805126435119417       0.81632242568745383                0           0   4368.4861102769009        1.9934720720389158E-004  0.25000000000000000              744  0.51198223439702006                0
         345         346  0.55774375829353751       0.47607345656862060       -4.7923803546830179E-003  0.97923176074338625        1065819.0059203701        206.47940675782556        2.2889545948068863       0.23524808854296489                0           0   4413.8031237137029        1.2529054742208931E-003  0.12500000000000000             1048  -3.1059079579345436E-002           0
          73          74  0.94128231410560004       0.69908498357263338       -1.0547991353088345E-002  0.98595090542721642        1010924.7705775029        232.48741209934116        13.666655365511259       0.46662248884162155                0           0   4653.4770880699325        1.4155097427745917E-003  0.25000000000000000              776  0.32386062488179945                0
         285         286   8.9462339041284894E-002   4.2834040765278178E-002  -1.2838168338598593E-004  0.97556116315563901        1178106.6063545495        111.23605151706303        8.6656784665289361       0.64877699300565683                0           0   3993.1150816660524        1.4410236536712358E-004  0.25000000000000000              988  0.21722549084779355                0
         293         294  0.55382231722128972       0.12326253909399966       -1.3046202120956597E-003  0.97555013427591697        1208714.8768618368        195.00098063437505        13.142929023590186       0.45825507469746957                0           0   3891.9974823661364        1.1809822740092247E-003  0.25000000000000000              996  0.99355814723442060                0
         123         124  0.67985937278035102       0.12376754478802159       -1.4259437356367586E-003  0.97763450747397851        1328700.8239903566        219.90890269502705        10.095815169878358       0.52473438360903424                0           0   3540.5376234484115        1.3330674591925293E-003  0.25000000000000000              826  0.34894713170583624                0
           7           8  0.10772050310063933        1.1526931384030817E-002  -3.7943697728780554E-005  0.99082248886431246        1424470.1409572540        121.95279694780302        9.0875355536353908       0.43037515601260651                0           0   3302.5018372680170        1.6260639909577266E-004  0.25000000000000000              710  -2.5311160785526213E-002           0
         355         356  0.32294731613854971       0.22153041596011064       -1.4146791448691402E-003  0.98835597978780254        1280677.5733209376        188.46314208734015        6.9389322419803285       0.41241559012237694                0           0   3673.3018174480535        1.1488556879049804E-003  0.25000000000000000             1058   6.7114107971063236E-002           0
         117         118  0.40216802461087314       0.11268199431891886       -9.3948131643061938E-004  0.97690707695788359        1226845.1060164988        179.76007936485891        14.861792244893536       0.56757225495427688                0           0   3834.4818221751120        1.0894929361876689E-003  0.25000000000000000              820  0.95946299537241519                0
          85          86   8.0567479673496034E-002   7.0359839832317903E-002  -1.6540594186675728E-004  0.98642166572395873        1357017.8794508749        127.71821781941760        6.6927009197645511       0.29464537085993364                0           0   3466.6567986181526        1.9401392259058692E-004  0.25000000000000000              788  -7.2742534585432034E-002           0
          47          48   9.8900608463481726E-002   3.1153535981132970E-002  -9.0443949087021743E-005  0.96929450295796848        1448762.9164048610        126.95392421516813        16.025878133344456       0.82432568049183830                0           0   3247.1256714098058        1.9207619232510233E-004  0.25000000000000000              750  0.40683830850108160                0
         387         388  0.11696728908539532        8.3148869844046139E-002  -2.2937127228374115E-004  0.98801127470798922        1621812.9989294317        158.01600865706459        7.8673597056064075       0.44077161082081179                0           0   2900.6520855056101        9.5261717109246160E-004   3.1895044493627584E-004        1090  0.20111885399464510                0
         103         104   9.4240900685283069E-002   8.1646476448274677E-002  -1.9581474411928143E-004  0.97430932578693863        1543295.6101144454        146.43699954217337        6.4144814708678544       0.16618238931587878                0           0   3048.2269416265021        8.8618227905427590E-004  0.25000000000000000              806  -4.3740655672747750E-002           0
         215         216   9.9764396033006283E-002   5.7531129034738331E-002  -1.3467170227244636E-004  0.99202500142069505        1843377.2888768672        158.82594977762659        17.525213814634835       0.27420153348793141                0           0   2552.0089056272404        1.9606910170443681E-004  0.25000000000000000              918 -0.28020497256697241                0
          65          66   8.1196656538748205E-002   3.2700733033609646E-002  -6.2627861262289943E-005  0.98184767372588766        2149336.5504112290        157.99647215383459        10.319302744292827       0.55290754242240558                0           0   2188.7290088398181        1.9363885980735446E-004  0.25000000000000000              768  0.14614336054512739                0
          15          16  0.12041882448822794        4.7134796559794988E-002  -1.1370748620294229E-004  0.97825164521118502        2263928.7909641471        186.02285177799217        12.036900165437446       0.56825605471697682                0           0   2077.9431210119114        1.1281688166013199E-003  0.25000000000000000              718  0.22038545205620716                0
         243         244  0.10897784068549871        6.2870305948584129E-002  -1.2688985103554134E-004  0.99345305026723485        2514966.0648626112        201.22235189126619        11.648819097585628       0.34300903549574008                0           0   1870.5283237695505        1.2297376519750148E-003  0.25000000000000000              946   8.9817485820016793E-002           0
          37          38  0.10983277472157330        9.0349772612143470E-002  -1.6313461273031012E-004  0.98167519740275366        2786284.6185355540        226.68993556755197        15.942349727772260       0.58207442928188002                0           0   1688.3828831949368        1.3772225981147541E-003  0.25000000000000000              740  -8.3041107333277853E-002           0
         403         404  0.17519688796893346        3.8994197612049461E-002  -1.0593118687365809E-004  0.98389961749152466        2940507.8219206692        240.33768498195053        13.302785005509451       0.46828127132742109                0           0   1599.8308940297316        1.4572904589486510E-003   7.5841224324087349E-004        1106  0.13062845774779214                0
         127         128  0.41687934908818136       0.27898104023835063       -1.0601324713850049E-003  0.99434194081511351        3619474.9262651657        408.83142482301037        11.668953151952151       0.23120733105131866                0           0   1299.7231237899509        2.4997052625840904E-003  0.25000000000000000              830   2.8455354751016314E-002           0
         217         218   8.1228311512873880E-002   6.5270211912634449E-002  -8.4864059256294254E-005  0.97696892315676265        3390006.8490829859        232.81876606981328        15.229622469331970       0.78311665782142847                0           0   1387.7008121435813        1.4110585494170628E-003  0.25000000000000000              920  0.28221689195100946                0
         175         176   8.2952047495663137E-002   3.6571247402372269E-002  -5.1727622745868010E-005  0.99014080357947809        3413575.3706814023        218.55648637855896        15.338571919026853       0.57322794249770548                0           0   1378.1196390298858        1.3246882849202903E-003   1.9336953066717549E-003         878   3.9666432353699488E-002           0
         143         144  0.25022565110097550       0.15769561095085233       -3.9893226177458845E-004  0.97378367469115990        4047244.7606835263        368.61381757316616        8.2019176499722288       0.62559064021059829                0           0   1162.3500766111972        2.2305190603367172E-003  0.25000000000000000              846  0.20768347562772310                0
          61          62  0.16574606629006447        5.1105325148539382E-002  -1.0680914848388477E-004  0.98146224652464376        3985102.7316611102        295.54272204541036        9.1941324529664445       0.42642903976224955                0           0   1180.4752786595950        1.7952874583487142E-003  0.25000000000000000              764  0.31607494924945256                0
          29          30   9.2064989403419284E-002   3.8673592252436655E-002  -4.8326417632826574E-005  0.98790084533106615        4595724.3541263249        274.56410217347485        6.0094262901100990       0.78690750348754390                0           0   1023.6286807368981        1.6733196375634911E-003  0.25000000000000000              732  0.46448377084535780                0
         237         238  0.17519413512811899        4.8620481183886892E-002  -9.6133046925272949E-005  0.99516489023133436        4632593.2409340926        330.20636827131904        17.719691794121097       0.55560621685179312                0           0   1015.4820449326151        1.9984115928462558E-004  0.25000000000000000              940  0.71367517543252368                0
         147         148  0.31456825641218544       0.25964081492902225       -6.6243600918377415E-004  0.98456015427272825        4747337.3481747657        459.47645601886813        15.641550364982660       0.45717145392030256                0           0   990.93763780099937        1.9668248657376449E-004  0.25000000000000000              850  0.11997108419971717                0
         399         400  0.17014458503807270        6.6018282057290864E-002  -2.6982744488206486E-005  0.99085223707495651        45925909.667425938        1551.3706325289215        10.493501928196793       0.23933309522060844                0           0   102.43270719537674        9.3181576229751512E-003   5.5437575893637667E-005        1102 -0.15280983516435359                0
         281         282   8.0478030877779258E-002   1.6466831233086777E-002  -1.7957702765273083E-005  0.98262613280092226        5350097.8600122351        275.01471586248641        14.553887627551690       0.52162693936973159                0           0   879.29517940331743        8.8589976362272137E-004   8.6551336973724304E-004         984  0.45026992580148761                0
          45          46   8.6894120985331738E-002   8.6164685909330241E-002  -8.2040856412477007E-005  0.98387083180607882        5506893.1944410549        340.10174038637848        9.4714354199258306       0.60378461231664571                0           0   854.25939664011355        2.0685513436049150E-003  0.25000000000000000              748  0.51241205623208219                0
         161         162   9.3309048906446132E-002   9.2827486138433946E-002  -9.1370714858470176E-005  0.98808680307605501        5621386.0332881184        353.27480515246816        7.6547093142278513       0.51025284438661156                0           0   836.86038101408712        1.6678059103740765E-003   8.6207894784305302E-004         864  0.15860320565821978                0
         309         310  0.10545420084030525        5.3264404142991120E-002  -5.7855495593977865E-005  0.98363597107776712        6309425.5400360068        361.80592593708820        13.675336380737370       0.52180008702437575                0           0   745.60120058377254        2.2003001492994592E-003  0.25000000000000000             1012  -2.5407066350031204E-002           0
         189         190  0.11107991559331475        5.1209466390144058E-002  -5.9401457297079668E-005  0.98671314114777653        6112335.9088638304        356.86834591407722        18.314899782162083       0.14047872525265531                0           0   769.64278923590894        2.1736268209196817E-003  0.25000000000000000              892 -0.14499441918616032                0
         289         290  0.10428359770713377        2.3242149003040714E-002  -2.7029425920099223E-005  0.98098575274924493        6248179.3679183275        334.17564959939853        14.718597837403548       0.16512431744900896                0           0   752.90976469071404        1.9024978443285697E-003   1.0934704369741225E-003         992  -5.9464322798261755E-002           0
         115         116   9.5073144526220191E-002   4.6025486525321645E-002  -4.6726263478262970E-005  0.98361077625756288        6339435.9430684811        348.99124241529205        10.801262167860884       0.44307402589674294                0           0   742.07158174513086        2.1223306805025111E-003  0.25000000000000000              818  0.19398392186998173                0
         223         224  0.13901763968801717        6.0776114313866474E-002  -7.7059160016242846E-005  0.98944377297696828        6749104.1545520080        408.59957089847558        8.0660062418822491       0.39824261212945000                0           0   697.02810179212986        2.4613777328712028E-003   1.0137098545740235E-003         926  0.15491023168090062                0
         299         300   9.2079428251349071E-002   8.2023039557947389E-002  -6.9096452203646114E-005  0.98687525149125022        7196657.7815852081        407.34469080423281        17.350446144982719       0.12444679335611933                0           0   653.68055567157228        2.4812902670529602E-003   9.7162816958110913E-003        1002 -0.35673096206111210                0
         199         200  0.11230093762090229        4.7925291740752780E-002  -4.9845320530023470E-005  0.98557578802919299        7365259.5215128316        402.38621163417127        12.890014965774354       0.24423595118017577                0           0   638.71683596540686        2.4494184751019071E-003  0.25000000000000000              902  0.84834556987572085                0
         373         374  0.15845034820673778       0.15233439132851201       -1.7085515343769964E-004  0.97953039811754505        7914691.6742388811        526.48064859873978        6.9843606314746678       0.45553884286679375                0           0   594.37757669785105        2.2092886806654309E-003   3.8122579463772569E-004        1076  0.13952826364572307                0
          69          70  0.10464422723177559       0.10349050793134676       -8.6377732787562200E-005  0.98042651398566583        8085705.8082159301        467.23280664956275        12.309677773126033       0.18235799109913367                0           0   581.80638391081243        2.8368343572848856E-003  0.25000000000000000              772 -0.15163082356992541                0
         267         268  0.11152016154947933        1.9237634443879208E-002  -2.0549695901409647E-005  0.97571071246849150        7751485.1683496200        389.06216074076451        4.7498266685424788       0.52416268244541353                0           0   606.89211879719892        2.2495685428444044E-003   5.9035825225960787E-004         970  0.14403701085079509                0
         183         184  0.10185732075756881        5.4219839429199369E-002  -4.3501492316225285E-005  0.97495313139338435        9514128.9016776420        473.11384349040696        16.732199378310334       0.32447333040995491                0           0   494.45569912503964        2.5081274568839952E-003   7.2123037927561320E-005         886   1.2660095288308908                0
         265         266   8.4095384718170976E-002   3.6296916915751078E-002  -2.5177798917255806E-005  0.98208215200049198        10108950.676600985        451.79713687744726        6.3881624258998198       0.45048501212824776                0           0   465.36138202096095        1.1253838688062539E-003   4.3170570985603745E-004         968  0.24380295708344635                0
         367         368  0.20322917187314732       0.17631903439505672       -1.9839533063561481E-004  0.98271394012684321        10353005.783789523        673.08999601954054        16.763325008561441       0.55710264188875802                0           0   454.39125176677305        3.0819589311673135E-003   2.0629535230761128E-004        1070   1.6130194135397204                0
         305         306   8.5255713978393793E-002   1.6586699482616780E-002  -1.1931200371230782E-005  0.97557216214542408        10624387.113807641        441.69112072417624        14.184917439663455       0.31142821777351959                0           0   442.78462439785847        2.6751951435917505E-003  0.25000000000000000             1008  0.11466691948200150                0
         325         326  0.14296285691723640        1.8018411898666035E-002  -1.7591034512000332E-005  0.98525910189351285        11605238.715074902        545.71725305743564        6.1449743981702918       0.33814186079455516                0           0   405.36135215676182        1.9976652747874619E-004   6.2500000000000000E-002        1028   2.7276708053899503E-002           0
         119         120  0.12744757891135747        8.2887871857059842E-002  -6.3848789170769046E-005  0.98269985033698937        12193204.574003790        616.57973866081329        6.3495382238515061       0.27990198344856271                0           0   385.81451078697370        3.7479255214838184E-003  0.25000000000000000              822   2.5886754942614096E-002           0
         133         134  0.13034205300579016        4.8697333779162973E-002  -3.8327498225904388E-005  0.98105940412875980        13234692.073512655        617.16118601194694        9.5581475779297609       0.39968506693005473                0           0   355.45332158197903        3.6602737570397663E-003   6.5494989599650544E-004         836  0.23919445493410260                0
          17          18   8.8310858010865509E-002   3.6165089814597706E-002  -2.2321003472730643E-005  0.98140412768925933        12747100.610456508        533.22349031307033        9.9863717075423999       0.37681901468944062                0           0   369.04982563531280        3.2391129273980847E-003  0.25000000000000000              720  -4.7357408772186055E-002           0
         275         276  0.13196141201412448        6.9014568623332620E-002  -4.7734090192604505E-005  0.97882498621975222        15446702.207301980        711.01443587974643        12.263283557770551       0.40975284836655179                0           0   304.55143075270360        4.1469335890358637E-003   3.2578429108657961E-004         978  0.41886251287302201                0
         221         222  0.10685030920939192        6.9974509155263417E-002  -3.1625313273594209E-005  0.98398849029220492        22715318.471698903        881.04916483422755        11.485428471676926       0.17341251936567587                0           0   207.09880266507761        4.8805117733802051E-003   4.6116130549000359E-005         924 -0.22944006785716767                0
         157         158  0.17882018552997023        8.7937108552675433E-002  -4.2075645513594203E-005  0.98508833468594326        36757670.443950966        1392.7631615224605        7.3531727506796472       0.37361728897122137                0           0   127.98186612010744        3.9763193954394076E-003   1.3893347472403658E-004         860   2.5101130362783226E-002           0
         145         146  0.11284151051838727        7.1741434973604884E-002  -2.4259733076915570E-005  0.99377100267334362        37282312.372376777        1243.5758174994312        13.126206366821016       0.40524855311615537                0           0   126.18088735102940        2.8924986626107066E-003   1.4368107281534218E-004         848  0.16508361237099162                0
         405         406   8.7236661288412828E-002   5.5735761705262711E-002  -1.4072244141306005E-005  0.99445382671548876        44632119.718186721        1287.6236700113438        14.983364784036919       0.59537779890921338                0           0   105.40201288552841        2.9337011766142752E-003   1.6539362372244422E-004        1108   1.3785416681483897                0
          51          52  0.11606384615255892        9.5064690585184505E-002  -1.2275687232993053E-004  0.98218028659870971        4873055.2301862584        334.95750934024363        2.2362457838872190       0.44186308748978459                0           0   965.37285859264784        1.8955465010423562E-003   2.1801258757765438E-004         754   4.8113194484025817E-002           0
