 122 683   1   452 101   0      0.7   0.46   4.88  5.745     0.0  -0.2385   0.0000
  -1.209976   0.000000   0.288333   0.062472  -0.571267   0.053723   0.000000   0.000000   0.000000   0.000000
   0.00000   0.00000   0.15156   0.03412   0.00000  -1.20998   0.00000   0.00000  -0.92164   0.77512   0.21060   0.00000   0.00000
 NAME(I1)    NAME(I2)    M1[M*]                    M2[M*]                    EB[NB]                    ECC                       P[Days]                   SEMI[AU]                  RI[PC]                    VI[km/s]                  K*(I1)      K*(I2)      ZN[NB]                    RP[NB]                    STEP(I1)[NB]              NAME(ICM)                 ECM[NB]                   K*(ICM)      
           3           4   8.7970317491499028E-002   4.9196061553816367E-002  -9.2897646351125171E-004  0.98018963898304645        71340.815372945974        17.361255191394889        7.4952474771866040       0.18268200274540686                0           0   65941.428242054317        1.0539810829294615E-004  0.50000000000000000              706  0.11041805664956088                0
          57          58   8.8793517676333700E-002   7.4789808565780366E-002  -1.3944536633748324E-003  0.99288618157622466        67519.482439442989        17.747571380570307        13.508548943240823       0.64675644106156183                0           0   69673.449613065080        1.0843421479498632E-004  0.50000000000000000              760   1.1522523904214088                0
          59          60  0.52934127945164156       0.11516011942956719       -3.1001072744619322E-002  0.99635260950274573        9025.0375450904266        7.3279160146024838        16.948910783062896       0.82724945160484453                0           0   521251.59969045070        4.4850020571511419E-005  0.50000000000000000              762   1.4518224587031776                0
          63          64  0.11284127030153632        5.3401276685359052E-002  -1.4468849236327175E-003  0.97984293960292113        54774.265105649982        15.520472950299069        12.070656141194176       0.38842702696474402                0           0   85885.502043175962        9.4206442072616631E-005  0.50000000000000000              766  0.23326324732659484                0
          83          84  0.10272953417562042        4.1373672231505683E-002  -1.2819188696754095E-003  0.97370419826673227        41789.837138321200        12.356008093958177        13.941660802591542       0.36318310518869695                0           0   112570.79662870750        7.4766174595093939E-005  0.50000000000000000              786  0.23217699791199720                0
          87          88  0.10306885414503236        3.0345968261083246E-002  -4.1821248241819420E-003  0.98428134930470224        4652.7998571211401        2.7870887101701558        15.228535474311885       0.30998927699590867                0           0   1011071.9141389197        1.6955045282497800E-005  0.50000000000000000              790   8.7847547146657171E-002           0
         105         106  0.12790761581087476        8.1406408734692293E-002  -3.3640542461646258E-002  0.96974758674909145        989.02684361157492        1.1534833915785283        18.605216459672725       0.32050388546312636                0           0   4756509.1767037120        6.9657331703446991E-006  0.50000000000000000              808  0.11607573105971904                0
         131         132   8.4797441590329786E-002   6.4637458177469395E-002  -7.7121942017657882E-004  0.98912831439601701        128788.41655396212        26.485513546867381        8.0391295085329393       0.44683092075875525                0           0   36527.471829531067        1.6151620773559698E-004  0.25000000000000000              834  0.12181930739173463                0
         137         138  0.13717930409073115       0.13193897190263901       -4.0334545728335997E-003  0.97817964388784162        48147.574536657077        16.722602131164937        11.696609785993326       0.20104332700112235                0           0   97706.173216745112        1.0141787278782275E-004  0.50000000000000000              840  0.66869304567905286                0
         167         168  0.11739175763496201        6.6852661947444644E-002  -1.3371095085191684E-003  0.97921691183512483        87047.450602289726        21.873015901955345        12.761452095427046       0.67807503352161391                0           0   54043.113555826756        1.3272323952673876E-004  0.50000000000000000              870  0.41893144992682896                0
         177         178  0.17518944591650459       0.15841447355487015       -4.8844045916293037E-002  0.97081544669269548        1948.4551180766894        2.1174370246531056        3.7528804744906794       0.80630834994932876                0           0   2414382.1502485364        1.2793853451865820E-005  0.50000000000000000              880  0.50978667264801636                0
         181         182  0.16494482085752635        4.8117280213717237E-002  -2.2342341753636167E-003  0.98308070947828008        38113.841390388654        13.238244572811659        5.3195817671098196       0.30915707446359902                0           0   123428.00111539195        8.0485139620415977E-005  0.50000000000000000              884   4.9648340225193641E-002           0
         193         194  0.13607741833753259        1.4509867592654014E-002  -3.3139095177587647E-004  0.98026160729439438        98477.807758994706        22.203845682541278        15.672794834734695       0.72370860190329933                0           0   47770.308506030713        1.3480179630591914E-004  0.50000000000000000              896   1.1897362339855999                0
         195         196  0.23980714281985319       0.16746154432118399       -1.7866781603804005E-002  0.96643523058497638        13874.745800257982        8.3762612435180923        10.979371058010244       0.98955803739082482                0           0   339055.96004197007        5.0498069052990366E-005  0.50000000000000000              898  0.75001961778038984                0
         207         208   9.9440827635248155E-002   5.0100703362626467E-002  -8.7683211256005204E-003  0.98112175417415370        2910.2243960466299        2.1174416066239212        4.0210259829664423       0.73469560752953200                0           0   1616478.5313583727        1.2860786271453537E-005  0.50000000000000000              910  0.45640658171213494                0
         225         226  0.11258739991983015        4.7810171057872303E-002  -9.4939383745014589E-004  0.98185672257896206        88575.957032427817        21.129198100363176        15.844570586000184       0.64444740096405329                0           0   53110.521356517827        1.2838083044770557E-004  0.50000000000000000              928   1.1135665752728188                0
         235         236   9.9158490776633662E-002   3.5661683213779022E-002  -5.1301121046354124E-003  0.96614283730650707        4095.4263718306088        2.5687641194955386        6.8138824895422072       0.30306704106717330                0           0   1148675.3345151674        1.5484037106406675E-005  0.50000000000000000              938  0.12445821906399042                0
         239         240   8.3253089810449737E-002   5.9845060969569666E-002  -7.4110620056441019E-004  0.97866503909393976        121080.59857328323        25.053451414275163        15.613647297557845       0.47943950916814315                0           0   38852.758518512826        1.5197941044801133E-004  0.50000000000000000              942  0.14817977541628174                0
         247         248  0.12867704596478571        5.6124925773135610E-002  -4.8755267774440045E-002  0.97148621675522984        348.47281385192167       0.55201979559906922        19.170537586645356       0.60600368980228903                0           0   13499805.639483234        3.3365167437779866E-006  0.50000000000000000              950  0.54686533108454272                0
         249         250   8.3325272192247987E-002   6.4931060179189190E-002  -5.9417119074347373E-003  0.97581540753508467        5929.7866670524481        3.3934150410168407        16.600434863976016       0.48031218409699650                0           0   793336.34104971308        2.0555510157367267E-005  0.50000000000000000              952   1.3358025310408612                0
         271         272  0.13618545113931463       0.10282415591629936       -1.7643068358636144E-003  0.98806680624688603        120181.93023047518        29.578155387187675        6.5529631966854591       0.49575523211236494                0           0   39143.282593508091        1.8027976026539725E-004  0.50000000000000000              974   8.5843921256540529E-002           0
         287         288   8.8414603939471620E-002   4.2704642040310346E-002  -5.8515194294090581E-004  0.98093659039144399        118941.02246670357        24.046383900145148        2.9239001046565583       0.61327643163213708                0           0   39551.663169548527        1.4603779329379048E-004  0.50000000000000000              990  0.21313330593189303                0
         291         292  0.10251315781699964        2.9651563345757474E-002  -1.1831110334550475E-003  0.98075559013170377        29765.556837160901        9.5746088155111213        9.4643455573119137       0.59240678124459401                0           0   158045.59892431262        5.8142920318824777E-005   6.2500000000000000E-002         994  0.24136061954482180                0
         303         304  0.77980953382043972       0.33783563817501155       -5.2382472905160467E-002  0.97671789874474535        28033.625192942258        18.742492285908785        5.9111808029487678       0.63434394359873925                0           0   167809.73653129677        1.1358394461059082E-004  0.50000000000000000             1006  0.22989999044589779                0
         311         312  0.16827131513595273       0.11782564957455051       -9.1314488263872420E-003  0.97485864189666582        15717.300866973132        8.0915100549741776        14.455869016390560       0.17339821133031927                0           0   299308.08714936365        4.8990345746074786E-005  0.50000000000000000             1014 -0.14258406801547971                0
         321         322  0.12252965187021556        4.0765808550071510E-002  -1.0952504619379879E-003  0.97557453106160041        63331.226025514967        16.995860241612995        16.779673899698199       0.43574174736333460                0           0   74281.133539866772        1.0293936416602254E-004  0.50000000000000000             1024  0.78470048858687891                0
         323         324  0.13577855073708561        2.1714876777924844E-002  -1.0672784058174505E-003  0.97737634574565457        30402.145619620234        10.295090097572151        12.165123125503563       0.61338678108955802                0           0   154736.29119810546        6.2411468000077191E-005  0.50000000000000000             1026  0.38849959652568544                0
         337         338  0.14234346256931027        4.8688670540606271E-002  -2.7220309402593351E-003  0.98436219341894415        24424.438780536861        9.4883723855236379        16.358552614050033       0.43892852276891675                0           0   192606.89262565569        5.7724153992768256E-005  0.50000000000000000             1040   1.5593368775156764                0
         357         358   7.9717634398698847E-002   3.5168480550120958E-002  -1.1543449013877967E-003  0.99034897964864510        29342.295402160125        9.0508997532508531        13.579025492528020       0.51268380301651639                0           0   160325.40035359471        5.5228836842580753E-005  0.50000000000000000             1060  0.89446014895621129                0
         363         364   8.0030474895858961E-002   2.5241398542184282E-002  -3.2505135387658957E-004  0.96900162088983910        125469.53716214608        23.159872534501439        10.056530195017009       0.68586008333877213                0           0   37493.684634903126        1.3980643129274424E-004  0.50000000000000000             1066  0.47926735842781165                0
         371         372   9.0756420354949963E-002   8.9399293653254358E-002  -1.4941626717007766E-003  0.97790038526241019        78336.750524128642        20.236383406048532        7.8662118309400588       0.41038372556656755                0           0   60052.468683849453        1.2271064128272370E-004  0.50000000000000000             1074  0.20599985041393021                0
         383         384   9.3433970454860987E-002   6.5975786712685114E-002  -2.9999592269293533E-003  0.97176827062077331        19385.313257799193        7.6576121486429507        12.783038881854933       0.50364112338245282                0           0   242674.19334851863        4.6290742961604388E-005  0.50000000000000000             1086  0.51485075938398683                0
         395         396  0.10118924464727580        7.2387835402996439E-002  -4.0679476328368365E-003  0.98184110250843104        15239.121285685993        6.7103307468978812        7.6435050308234223       0.47383194813113916                0           0   308699.90266850201        4.0771591993552411E-005  0.50000000000000000             1098   5.7714480904817178E-002           0
         401         402  0.11008182267075275        8.1520559788653676E-002  -2.1754919003101718E-003  0.98946501741247106        50292.904508829961        15.372504553420699        9.5603225768852855       0.45957503780860226                0           0   93538.349069078395        9.3761781152373525E-005  0.50000000000000000             1104  0.16385087458934344                0
         219         220   5.9461379470541447        2.5291364086335988      -0.75299076982192070       0.98221912150944157        80559.862777643633        74.428097414589246        9.4241421407934922       0.23650158642315544                0           0   58395.273967004177        4.5230718866207646E-004  0.50000000000000000              922  0.17316256401151114                0
         159         160  0.52009082554844766       0.13749382338007102       -6.8562166579241961E-003  0.98252657550525302        109146.58921206869        38.868446659729038        4.8770671472411715       0.56975796022202596                0           0   43100.891119047374        2.3624417772278330E-004  0.50000000000000000              862  0.21871394169228822                0
           1           2   2.0244841138268650       0.61000484406818434       -7.0741485713423660E-002  0.98738152934187551        118081.33591071346        65.056817812538299        13.926644739793648       0.46854086467140593                0           0   39839.617509086311        3.9638661146352313E-004  0.50000000000000000              704  0.10257450680670768                0
         283         284  0.18094602805437388        8.1870494517192083E-002  -1.6064068193646895E-003  0.97697797871714775        143540.44546752289        34.366892541613126        5.2280369300061045       0.29856312012147329                0           0   32773.447527785116        2.0829891525217590E-004  0.50000000000000000              986  -4.4665126613214742E-002           0
         185         186  0.24628085064239766        6.9358336926096664E-002  -1.8551080494142963E-003  0.99057546901522908        130681.44545928008        34.314639623851313        10.532491277341943       0.55730947270487075                0           0   35998.341165507023        2.0941269287605858E-004  0.50000000000000000              888  0.25131583769344629                0
         191         192  0.17819880543248182        5.0730547014061628E-002  -8.9966543292994278E-004  0.98450778698896024        174927.64032278312        37.446621017460309        16.009562183208953       0.61914861070128679                0           0   26892.921261409472        2.2782970840593575E-004  0.50000000000000000              894  0.50376104845186476                0
          71          72  0.16939743337267674        2.6319217633798585E-002  -4.7647967898261517E-004  0.96976219828091648        170003.73667627125        34.870225322542275        10.052055226991731       0.26916373455477338                0           0   27671.834452691655        1.5082883319385277E-004  0.50000000000000000              774 -0.14228510897712349                0
          53          54  0.10539273585624893        8.3691576402142989E-002  -9.4861616487088496E-004  0.98840746126056767        171334.30925667207        34.651436372167325        12.366409543267764       0.29210866830885712                0           0   27456.936547351612        2.1096666920612941E-004  0.25000000000000000              756 -0.17437594673475720                0
         245         246  0.10614450888457336        7.9534736728126665E-002  -8.8338078697462622E-004  0.97533507163214717        180155.36208468804        35.614411017835778        12.459788572883758       0.20823099390157487                0           0   26112.546433302068        2.1568078356416255E-004  0.50000000000000000              948  0.14741697909480217                0
         331         332  0.12214104311112879        9.8521910482032543E-002  -1.1537755047203683E-003  0.97154055198387024        188414.45473505274        38.868024797675822        13.435207689554151       0.29651214706899048                0           0   24967.910579153504        2.3493249830021899E-004  0.50000000000000000             1034   2.9426027448601635E-002           0
         203         204  0.10958957416913398        5.6611292613942377E-002  -6.2817234305771752E-004  0.98494187057407623        200051.97130642890        36.805509599966030        13.043715945706682       0.16156543863539818                0           0   23515.465640870621        1.6988547057778460E-004  0.50000000000000000              906 -0.19259997172154344                0
          21          22  0.17137201111473407        1.8580527211685235E-002  -2.8964617018065918E-004  0.97725619083110171        219756.57682243298        40.968444197440832        7.7353878999750867       0.24308413314223978                0           0   21406.937283364805        1.8343950172520064E-004  0.50000000000000000              724   9.6386895111070375E-002           0
         369         370  0.35577330781196675       0.28758888866695975       -6.5923629871082615E-003  0.96841922705639494        200307.85819162280        57.839387851881206        17.405108006646138       0.44098294239200081                0           0   23485.425385280789        3.4904883910831302E-004  0.50000000000000000             1072   1.6809556435896267                0
          77          78   9.3430964505624117E-002   2.0354482771848002E-002  -1.6334883162896549E-004  0.97425183352183942        309441.22681298596        43.386459025179242        13.707694488805847       0.52024746695854407                0           0   15202.613129787858        1.8457846561722538E-004  0.50000000000000000              780  0.92351113637349391                0
         315         316  0.30834333591613694       0.21242803698149326       -3.5544000840579989E-003  0.96932722246065328        288048.63087816222        68.675120176768687        10.219667769882010       0.36411669081822257                0           0   16331.670257563481        4.1463143421502049E-004   3.1250000000000000E-002        1018  0.22100074390717250                0
          89          90  0.20842321107894346       0.10223825271363279       -1.3435582502014560E-003  0.98702482580270168        297769.38109927031        59.104743533761280        7.7860906010862836       0.77262335017663342                0           0   15798.519109916271        3.6005640583131949E-004  0.50000000000000000              792  0.42851650253931062                0
         155         156  0.50373356431637750       0.18870347651975347       -4.6345267489272665E-003  0.98128177235206437        293320.33962033020        76.435433608783669        11.145980959668899       0.68720300911811305                0           0   16038.148816184937        4.6428632181207922E-004  0.50000000000000000              858  0.41924872077526337                0
         187         188  0.16652052450678573        4.4390738220572948E-002  -5.1200105471243477E-004  0.98740860044556455        313872.49940009229        53.803263366689940        7.4143864237891188       0.67901806161685618                0           0   14987.981637882163        1.5401396217716847E-004  0.50000000000000000              890  0.31084791111932231                0
         255         256   8.3811449474318997E-002   3.0344259974373743E-002  -1.9498774621546684E-004  0.99476358635673934        366335.73421504453        48.606227887337262        11.457909193482942       0.46526647249535036                0           0   12841.540746017587        1.7373772739312873E-004  0.50000000000000000              958  0.28267371010286685                0
          93          94   8.5361728603296438E-002   7.1347741082274679E-002  -4.1080252103106030E-004  0.97812880800934654        378910.90214675880        55.249666982163497        13.066008819494371       0.39752462210784978                0           0   12415.359998859836        1.7179347800011020E-004  0.50000000000000000              796  0.39423792220340098                0
          95         546  0.62290701776509083       0.52092362269304604       -3.7742796862300374E-003  0.93634901362084733        1958543.2211778620        320.39264095646422        10.592118461746107       0.50448913065127998                0           0   2401.9461029895488        1.2577197772659177E-003   1.7646468324726285E-003         798  0.36916132930119627                0
          67          68  0.52597586808430075       0.46375414949012228       -9.5351984985231255E-003  0.98266064699714351        341740.68956755206        95.332992401100725        16.841900320228845       0.41054971753861697                0           0   13765.745201713413        5.7947742737167690E-004  0.50000000000000000              770  0.11794376576023446                0
         213         214   8.6717284611907239E-002   1.7710005955573944E-002  -1.1427078035879827E-004  0.98213695314694749        400632.33674856107        50.085097135765906        8.0708491410844676       0.35394091807952233                0           0   11742.225542311169        1.5552041722878169E-004  0.50000000000000000              916  0.17855606951425373                0
         313         314  0.11479116130453372        5.7685466757393881E-002  -3.9453446450446250E-004  0.99253727403468150        435049.79924732697        62.547398305763593        4.7902205414142802       0.39633299301850444                0           0   10813.279918261374        1.7042172232509015E-004  0.50000000000000000             1016   9.1198580983203728E-002           0
         365         366  0.29906545429998188       0.27572229150032296       -3.4223050706489746E-003  0.97703614846779008        409915.73603235272        89.792227251814452        13.604954552869996       0.29567031403045374                0           0   11476.298283102440        5.4424978456707430E-004  0.50000000000000000             1068 -0.23181017649549029                0
         201         202  0.41909726131645580       0.36316033186407948       -5.4401348907038797E-003  0.97784193266974673        439642.50440806977        104.26124217537117        13.069022374288531       0.39124092832047552                0           0   10700.319487940789        6.3220712582260643E-004  0.50000000000000000              904   4.8613641008335227E-002           0
         171         172  0.11855449161888632       0.10910379859810015       -6.3808363105355751E-004  0.99690688946593098        502629.43037454027        75.543937317710842        3.0838026229224069       0.22952120497288669                0           0   9359.4106778413025        1.6222029374787257E-004  0.25000000000000000              874  -8.2940477456212705E-002           0
         347         348  0.19457293008789711        9.8264029982305379E-002  -8.4213227326918961E-004  0.97623178622328566        525292.62380639045        84.608893442837001        5.9289420632690470       0.42238458552502356                0           0   8955.6088253366652        5.1262384884362530E-004   6.2500000000000000E-002        1050  0.17586812543121494                0
         343         344   9.9716206803828866E-002   3.9838043689421537E-002  -1.9541286924161294E-004  0.98547806040898511        644708.77578794607        75.758248904357316        17.520998748349342       0.62308944095212160                0           0   7296.8066114739531        4.6110969753691106E-004  0.50000000000000000             1046   1.8241590268060190                0
          55          56   8.3915877860446200E-002   1.7498204653530233E-002  -7.7740196882517218E-005  0.96898154446861051        677342.13462491788        70.390059717499767        13.545927714977340       0.15365487996737626                0           0   6945.2570823012566        1.8325936041652929E-004  0.50000000000000000              758 -0.19781313179691173                0
          99         100  0.11123848720615616        3.9011678252708890E-002  -1.9764343022701515E-004  0.98119635498491209        697449.45099556562        81.825121918085514        10.392829894958764       0.54311184134377222                0           0   6745.0268272914218        1.9609050585244134E-004  0.50000000000000000              802  0.14124664509393500                0
         391         392  0.13558686976987694        5.7578981684498085E-002  -2.5446740011902898E-004  0.98428057182237338        1015963.8259505472        114.33226250480101        12.883609181057327       0.35543933757158724                0           0   4630.3964151906221        1.9855493643177781E-004  0.50000000000000000             1094  0.14425261714625126                0
         385         386  0.12648191059682606        5.9749107023494945E-002  -2.5030111744847215E-004  0.99192399726360403        1010156.8010307509        112.51654391747591        14.230427000444728       0.28173490606773083                0           0   4657.0148840700185        1.9971473045980897E-004  0.50000000000000000             1088  -1.0974704835196769E-002           0
          41          42  0.11122608390456809        8.6847116325004775E-002  -3.0034655602715249E-004  0.97689552612968544        1076875.4069236529        119.85571002551679        3.3706727781590722       0.81630813924316314                0           0   4368.4861102769009        1.9934720720389158E-004  0.50000000000000000              744  0.51151040302774897                0
         345         346  0.55774375829353751       0.47607345656862060       -4.7923803546830179E-003  0.97923176074338625        1065819.0059203701        206.47940675782556        2.2075368670974695       0.24201326961592307                0           0   4413.8031237137029        1.2529054742208931E-003  0.50000000000000000             1048  -3.1572924773986280E-002           0
          73          74  0.94128231410560004       0.69908498357263338       -1.0547991353088345E-002  0.98595090542721642        1010924.7705775029        232.48741209934116        13.287128432432230       0.48484411449774856                0           0   4653.4770880699325        1.4155097427745917E-003  0.50000000000000000              776  0.32405067742335525                0
         285         286   8.9462339041284894E-002   4.2834040765278178E-002  -1.2838168338598593E-004  0.97556116315563901        1178106.6063545495        111.23605151706303        8.5404160890447596       0.65426175669535358                0           0   3993.1150816660524        1.4410236536712358E-004  0.25000000000000000              988  0.21675953798294018                0
         293         294  0.55382231722128972       0.12326253909399966       -1.3046202120956597E-003  0.97555013427591697        1208714.8768618368        195.00098063437505        13.190398880518487       0.47178320459456963                0           0   3891.9974823661364        1.1809822740092247E-003  0.50000000000000000              996  0.99414742065958406                0
         123         124  0.67985937278035102       0.12376754478802159       -1.4259437356367586E-003  0.97763450747397851        1328700.8239903566        219.90890269502705        10.152392196991190       0.53794945109260017                0           0   3540.5376234484115        1.3330674591925293E-003  0.12500000000000000              826  0.34965720312829984                0
           7           8  0.10772050310063933        1.1526931384030817E-002  -3.7943697728780554E-005  0.99082248886431246        1424470.1409572540        121.95279694780302        9.2963839401175434       0.43656432919282451                0           0   3302.5018372680170        1.6260639909577266E-004  0.25000000000000000              710  -2.5137315590947104E-002           0
         355         356  0.32294731613854971       0.22153041596011064       -1.4146791448691402E-003  0.98835597978780254        1280677.5733209376        188.46314208734015        6.6343761489515378       0.41641187371413058                0           0   3673.3018174480535        1.1488556879049804E-003  0.50000000000000000             1058   6.7314911995952423E-002           0
         117         118  0.40216802461087314       0.11268199431891886       -9.3948131643061938E-004  0.97690707695788359        1226845.1060164988        179.76007936485891        15.261412214451896       0.51472515395346774                0           0   3834.4818221751120        1.0894929361876689E-003  0.50000000000000000              820  0.95846677736085673                0
          85          86   8.0567479673496034E-002   7.0359839832317903E-002  -1.6540594186675728E-004  0.98642166572395873        1357017.8794508749        127.71821781941760        6.8810076781695937       0.30341045648878656                0           0   3466.6567986181526        1.9401392259058692E-004  0.25000000000000000              788  -7.2555751560097873E-002           0
          47          48   9.8900608463481726E-002   3.1153535981132970E-002  -9.0443949087021743E-005  0.96929450295796848        1448762.9164048610        126.95392421516813        15.652596678108154       0.80921681361123154                0           0   3247.1256714098058        1.9207619232510233E-004  0.50000000000000000              750  0.40659185608091408                0
         387         388  0.11696728908539532        8.3148869844046139E-002  -2.2937330199358414E-004  0.98786558634982202        1621791.4719960662        158.01461038339744        7.6891877048873987       0.39909872135221447                0           0   2900.6905874617732        9.6156263488021395E-004   1.9783707959473441E-005        1090   8.0939660283244702E-002           0
         103         104   9.4240900685283069E-002   8.1646476448274677E-002  -1.9581474411928143E-004  0.97430932578693863        1543295.6101144454        146.43699954217337        6.5394156362176581       0.15724025202428094                0           0   3048.2269416265021        8.8618227905427590E-004  0.25000000000000000              806  -4.3729384632673729E-002           0
         215         216   9.9764396033006283E-002   5.7531129034738331E-002  -1.3467170227244636E-004  0.99202500142069505        1843377.2888768672        158.82594977762659        17.679166285434711       0.28950382747710462                0           0   2552.0089056272404        1.9606910170443681E-004  0.50000000000000000              918 -0.28041786139149377                0
          65          66   8.1196656538748205E-002   3.2700733033609646E-002  -6.2627861262289943E-005  0.98184767372588766        2149336.5504112290        157.99647215383459        10.534812565180394       0.55729614573493413                0           0   2188.7290088398181        1.9363885980735446E-004  0.50000000000000000              768  0.14576589456016315                0
          15          16  0.12041882448822794        4.7134796559794988E-002  -1.1370748620294229E-004  0.97825164521118502        2263928.7909641471        186.02285177799217        12.425069755351542       0.58025911934638530                0           0   2077.9431210119114        1.1281688166013199E-003  0.25000000000000000              718  0.22024740862585743                0
         243         244  0.10897784068549871        6.2870305948584129E-002  -1.2688985103554134E-004  0.99345305026723485        2514966.0648626112        201.22235189126619        11.852252158554251       0.35107986616417253                0           0   1870.5283237695505        1.2297376519750148E-003  0.50000000000000000              946   8.9477084692978340E-002           0
          37          38  0.10983277472157330        9.0349772612143470E-002  -1.6313461273031012E-004  0.98167519740275366        2786284.6185355540        226.68993556755197        16.098467306392241       0.58550638185631410                0           0   1688.3828831949368        1.3772225981147541E-003  0.50000000000000000              740  -8.2781207360784204E-002           0
         403         404  0.17519688796893346        3.8994197612049461E-002  -1.0593127650985966E-004  0.98389496141731125        2940504.0896533243        240.33748161465539        13.501920437716951       0.45997907150509887                0           0   1599.8329246327917        1.4358360191827960E-003   7.5338325393299892E-004        1106  0.12927764918800738                0
         127         128  0.41687934908818136       0.27898104023835063       -1.0601324713850049E-003  0.99434194081511351        3619474.9262651657        408.83142482301037        11.700563169444163       0.25078959532909362                0           0   1299.7231237899509        2.4997052625840904E-003  0.50000000000000000              830   2.8432394596106469E-002           0
         217         218   8.1228311512873880E-002   6.5270211912634449E-002  -8.4864059256294254E-005  0.97696892315676265        3390006.8490829859        232.81876606981328        14.962275288412895       0.77022298882871454                0           0   1387.7008121435813        1.4110585494170628E-003  0.50000000000000000              920  0.28191097221889017                0
         175         176   8.2952047495663137E-002   3.6571247402372269E-002  -5.1727527408241667E-005  0.99014126064201946        3413584.8078903556        218.55688919419077        15.728448721600664       0.58915297163321134                0           0   1378.1158290753287        9.4361741832909283E-004   1.6204030592546332E-003         878   4.0339259349557954E-002           0
         143         144  0.25022565110097550       0.15769561095085233       -3.9893226177458845E-004  0.97378367469115990        4047244.7606835263        368.61381757316616        8.2959360466232379       0.62808967194066545                0           0   1162.3500766111972        2.2305190603367172E-003  0.50000000000000000              846  0.20621486351921633                0
          61          62  0.16574606629006447        5.1105325148539382E-002  -1.0680914848388477E-004  0.98146224652464376        3985102.7316611102        295.54272204541036        9.2362467474597700       0.42615137637686301                0           0   1180.4752786595950        1.7952874583487142E-003  0.50000000000000000              764  0.31659721783744654                0
          29          30   9.2064989403419284E-002   3.8673592252436655E-002  -4.8326417632826574E-005  0.98790084533106615        4595724.3541263249        274.56410217347485        5.6838218201289852       0.79722410966192980                0           0   1023.6286807368981        1.6733196375634911E-003  0.25000000000000000              732  0.46474538240925412                0
         237         238  0.17519413512811899        4.8620481183886892E-002  -9.6133046925272949E-005  0.99516489023133436        4632593.2409340926        330.20636827131904        17.317370249501455       0.56806211944490226                0           0   1015.4820449326151        1.9984115928462558E-004  0.50000000000000000              940  0.71360790865538681                0
         147         148  0.31456825641218544       0.25964081492902225       -6.6243600918377415E-004  0.98456015427272825        4747337.3481747657        459.47645601886813        15.513164295010954       0.46099087968219321                0           0   990.93763780099937        1.9668248657376449E-004  0.50000000000000000              850  0.11987207284351006                0
         399         400  0.17014458503807270        6.6018282057290864E-002  -2.6982723743572191E-005  0.99085993772975545        45925962.630002633        1551.3718252408482        10.323371093365886       0.22731520047896708                0           0   102.43258906829132        9.3793361575520637E-003   1.1136199446021068E-004        1102 -0.15315889618958331                0
         281         282   8.0478030877779258E-002   1.6466831233086777E-002  -1.7957677855824214E-005  0.98263000168072223        5350108.9918553708        275.01509734081884        14.136641160610651       0.54468177225781900                0           0   879.29334987498044        9.2272436539881774E-004   1.7654884451439386E-003         984  0.45213890240396332                0
          45          46   8.6894120985331738E-002   8.6164685909330241E-002  -8.2040856412477007E-005  0.98387083180607882        5506893.1944410549        340.10174038637848        9.4095665061596172       0.61230458288777645                0           0   854.25939664011355        2.0685513436049150E-003  0.50000000000000000              748  0.51225119976364342                0
         161         162   9.3309048906446132E-002   9.2827486138433946E-002  -9.1370074289408746E-005  0.98810689243972716        5621445.1482496830        353.27728185955334        7.9112346954461357       0.49944522759293647                0           0   836.85158061348659        1.5003214987151842E-003   2.0416476287734141E-004         864  0.15919412890775381                0
         309         310  0.10545420084030525        5.3264404142991120E-002  -5.7855495593977865E-005  0.98363597107776712        6309425.5400360068        361.80592593708820        13.893592273863572       0.53465268094184071                0           0   745.60120058377254        2.2003001492994592E-003  0.50000000000000000             1012  -2.5087231159728024E-002           0
         189         190  0.11107991559331475        5.1209466390144058E-002  -5.9401457297079668E-005  0.98671314114777653        6112335.9088638304        356.86834591407722        18.269771972537299       0.15751377504161940                0           0   769.64278923590894        2.1736268209196817E-003  0.50000000000000000              892 -0.14531472391187988                0
         289         290  0.10428359770713377        2.3242149003040714E-002  -2.7029341416655064E-005  0.98098694247973661        6248208.6690256419        334.17669435268755        14.743711761714840       0.16219593311619715                0           0   752.90623390437486        6.9799502020899667E-004   6.7394529973053533E-004         992  -6.0378344615008482E-002           0
         115         116   9.5073144526220191E-002   4.6025486525321645E-002  -4.6726263478262970E-005  0.98361077625756288        6339435.9430684811        348.99124241529205        10.987511189109789       0.45474703715505904                0           0   742.07158174513086        2.1223306805025111E-003  0.50000000000000000              818  0.19410875341290196                0
         223         224  0.13901763968801717        6.0776114313866474E-002  -7.7058911717326370E-005  0.98944791760664907        6749136.7749828212        408.60088748637526        8.1615124690935783       0.38008406684405882                0           0   697.02473286396503        1.5610303146486027E-003   8.0353920182945162E-004         926  0.15167310323565883                0
         299         300   9.2079428251349071E-002   8.2023039557947389E-002  -6.9096353535681149E-005  0.98687475258652846        7196673.1965773515        407.34527248285434        17.393206129135653       0.10828841414230703                0           0   653.67915551342207        2.1903858745275697E-003   1.0189102509222761E-003        1002 -0.35612674448841464                0
         199         200  0.11230093762090229        4.7925291740752780E-002  -4.9845320530023470E-005  0.98557578802919299        7365259.5215128316        402.38621163417127        12.775121773925992       0.28635236436365402                0           0   638.71683596540686        2.4494184751019071E-003  0.50000000000000000              902  0.84861450762788482                0
         373         374  0.15845034820673778       0.15233439132851201       -1.7085732289479476E-004  0.97951520447085660        7914540.9297825266        526.47396362229745        7.2405924789286216       0.43922796220543109                0           0   594.38889752182092        3.1734238021663475E-003   2.2897398973366836E-004        1076  0.13664360679789445                0
          69          70  0.10464422723177559       0.10349050793134676       -8.6377732787562200E-005  0.98042651398566583        8085705.8082159301        467.23280664956275        12.297195915682169       0.17700608986880237                0           0   581.80638391081243        2.8368343572848856E-003  0.50000000000000000              772 -0.15182113963374569                0
         267         268  0.11152016154947933        1.9237634443879208E-002  -2.0549705705927193E-005  0.97571339287941472        7751479.6208567973        389.06197511441843        4.4939924833327867       0.52553334983235889                0           0   606.89255313100853        2.3012623437864217E-003   5.9578564285838777E-004         970  0.14497014385049609                0
         183         184  0.10185732075756881        5.4219839429199369E-002  -4.3501490372776845E-005  0.97499931050376332        9514129.5392495636        473.11386462697857        16.716948577823363       0.34504812345417757                0           0   494.45566598999881        2.5734844126351904E-003   7.3203572535947482E-005         886   1.2745027955454291                0
         265         266   8.4095384718170976E-002   3.6296916915751078E-002  -2.5177733762208948E-005  0.98207880401684067        10108989.916604912        451.79830604000568        6.3687651918559443       0.46597960718804876                0           0   465.35957563054933        1.2039933726487033E-003   9.0899943414844307E-004         968  0.24179007901849284                0
         367         368  0.20322917187314732       0.17631903439505672       -1.9839410369608168E-004  0.98270331105180764        10353101.823929969        673.09415864690743        16.786796420903077       0.53171365271242399                0           0   454.38703662426030        2.8759454055488727E-003   3.9848068695584951E-004        1070   1.6197615424956204                0
         305         306   8.5255713978393793E-002   1.6586699482616780E-002  -1.1931200371230782E-005  0.97557216214542408        10624387.113807641        441.69112072417624        14.278863818667178       0.29394688512912770                0           0   442.78462439785847        2.6751951435917505E-003  0.50000000000000000             1008  0.11370507409586646                0
         325         326  0.14296285691723640        1.8018411898666035E-002  -1.7591034512000332E-005  0.98525910189351285        11605238.715074902        545.71725305743564        6.0685886412368237       0.34967183001054447                0           0   405.36135215676182        1.9976652747874619E-004  0.25000000000000000             1028   2.7637300833603776E-002           0
         119         120  0.12744757891135747        8.2887871857059842E-002  -6.3848789170769046E-005  0.98269985033698937        12193204.574003790        616.57973866081329        6.2592850878310182       0.27288930052953814                0           0   385.81451078697370        3.7479255214838184E-003  0.50000000000000000              822   2.7014582967110998E-002           0
         133         134  0.13034205300579016        4.8697333779162973E-002  -3.8327115215380904E-005  0.98105636975575017        13234890.459393302        617.16735342704192        9.4681576960315024       0.42942066173611620                0           0   355.44799347439499        1.8743003407632468E-003   4.6679848266413710E-004         836  0.24105504708031150                0
          17          18   8.8310858010865509E-002   3.6165089814597706E-002  -2.2321003472730643E-005  0.98140412768925933        12747100.610456508        533.22349031307033        9.8208674395367002       0.36557691505709744                0           0   369.04982563531280        3.2391129273980847E-003  0.50000000000000000              720  -4.7174336995261357E-002           0
         275         276  0.13196141201412448        6.9014568623332620E-002  -4.7734113631876736E-005  0.97883574487779901        15446690.829922594        711.01408674451261        12.499980154786284       0.40373118009174741                0           0   304.55165507241122        4.2713094440787113E-003   6.6057152982115308E-004         978  0.41759844140018276                0
         221         222  0.10685030920939192        6.9974509155263417E-002  -3.1626438969076229E-005  0.98414302114790653        22714105.706145510        881.01780521561034        11.470610781355836       0.17149574800558998                0           0   207.10986021219261        2.5032159651506157E-003   3.3855177014716145E-005         924 -0.22625581459764571                0
         157         158  0.17882018552997023        8.7937108552675433E-002  -4.2075679101262149E-005  0.98508517091845338        36757626.430251971        1392.7620497242053        7.2622320916528240       0.37221964219399872                0           0   127.98201936600168        6.9075247398943801E-003   3.6543610841250582E-004         860   2.3379238234267533E-002           0
         145         146  0.11284151051838727        7.1741434973604884E-002  -2.4259717661218019E-005  0.99377584003296660        37282347.908627704        1243.5766077225060        13.310113758751186       0.40190146053483283                0           0   126.18076707975017        5.8953054932224429E-003   4.0897668362747003E-004         848  0.16445641827956747                0
         405         406   8.7236661288412828E-002   5.5735761705262711E-002  -1.4072219982536795E-005  0.99445045527554632        44632234.652881853        1287.6258805654079        14.766566399262191       0.61067038767002146                0           0   105.40174145954420        7.8733128566099032E-003  0.50000000000000000             1108   1.3788730995035234                0
          51          52  0.11606384615255892        9.5064690585184505E-002  -1.2276543213329298E-004  0.98205345115529663        4872545.5793825211        334.93415447263214        1.9529623421732158       0.44136969962598188                0           0   965.47383313362923        1.9892380511386115E-004   3.1250000000000000E-002         754   4.7725138443112387E-002           0
