 122 318   1   452 101   0      0.3   0.46   4.88  5.688     0.0  -0.2385   0.0000
  -1.208671   0.000000   0.287028   0.062472  -0.571267   0.053723   0.000000   0.000000   0.000000   0.000000
   0.00000   0.00000   0.15019   0.03417   0.00000  -1.20867   0.00000   0.00000  -0.92164   0.77512   0.20854   0.00000   0.00000
 NAME(I1)    NAME(I2)    M1[M*]                    M2[M*]                    EB[NB]                    ECC                       P[Days]                   SEMI[AU]                  RI[PC]                    VI[km/s]                  K*(I1)      K*(I2)      ZN[NB]                    RP[NB]                    STEP(I1)[NB]              NAME(ICM)                 ECM[NB]                   K*(ICM)      
           3           4   8.7970317491499028E-002   4.9196061553816367E-002  -9.2897646351125171E-004  0.98018963898304645        71340.815372945974        17.361255191394889        7.5984821590301426       0.17595935353833664                0           0   65941.428242054317        1.0539810829294615E-004  0.25000000000000000              706  0.11235146484860413                0
          57          58   8.8793517676333700E-002   7.4789808565780366E-002  -1.3944536633748324E-003  0.99288618157622466        67519.482439442989        17.747571380570307        13.945768466033364       0.58511535562278638                0           0   69673.449613065080        1.0843421479498632E-004  0.50000000000000000              760   1.1541596110567236                0
          59          60  0.52934127945164156       0.11516011942956719       -3.1001072744619322E-002  0.99635260950274573        9025.0375450904266        7.3279160146024838        17.540026558247035       0.80114573107091891                0           0   521251.59969045070        4.4850020571511419E-005  0.50000000000000000              762   1.4517528655132468                0
          63          64  0.11284127030153632        5.3401276685359052E-002  -1.4468849236327175E-003  0.97984293960292113        54774.265105649982        15.520472950299069        12.009825738118668       0.39435135953773381                0           0   85885.502043175962        9.4206442072616631E-005  0.25000000000000000              766  0.23325488185552132                0
          83          84  0.10272953417562042        4.1373672231505683E-002  -1.2819188696754095E-003  0.97370419826673227        41789.837138321200        12.356008093958177        13.989081269022527       0.35132324900423245                0           0   112570.79662870750        7.4766174595093939E-005  0.50000000000000000              786  0.23224014822227093                0
          87          88  0.10306885414503236        3.0345968261083246E-002  -4.1821248241819420E-003  0.98428134930470224        4652.7998571211401        2.7870887101701558        15.225553224360587       0.29994833808529264                0           0   1011071.9141389197        1.6955045282497800E-005  0.25000000000000000              790   8.8360830195229098E-002           0
         105         106  0.12790761581087476        8.1406408734692293E-002  -3.3640542461646258E-002  0.96974758674909145        989.02684361157492        1.1534833915785283        18.441531353804603       0.33500375634996732                0           0   4756509.1767037120        6.9657331703446991E-006  0.25000000000000000              808  0.11608474090035967                0
         131         132   8.4797441590329786E-002   6.4637458177469395E-002  -7.7121942017657882E-004  0.98912831439601701        128788.41655396212        26.485513546867381        7.8497164716709866       0.45956296744809239                0           0   36527.471829531067        1.6151620773559698E-004  0.25000000000000000              834  0.12331610592352713                0
         137         138  0.13717930409073115       0.13193897190263901       -4.0334545728335997E-003  0.97817964388784162        48147.574536657077        16.722602131164937        11.785377296556449       0.16527952045643216                0           0   97706.173216745112        1.0141787278782275E-004  0.25000000000000000              840  0.66844850613351159                0
         167         168  0.11739175763496201        6.6852661947444644E-002  -1.3371095085191684E-003  0.97921691183512483        87047.450602289726        21.873015901955345        12.755604053417056       0.67256572763517752                0           0   54043.113555826756        1.3272323952673876E-004  0.25000000000000000              870  0.41894777803287925                0
         177         178  0.17518944591650459       0.15841447355487015       -4.8844045916293037E-002  0.97081544669269548        1948.4551180766894        2.1174370246531056        3.7275601768724553       0.80592487152112413                0           0   2414382.1502485364        1.2793853451865820E-005  0.25000000000000000              880  0.51015205950101472                0
         181         182  0.16494482085752635        4.8117280213717237E-002  -2.2342341753636167E-003  0.98308070947828008        38113.841390388654        13.238244572811659        5.2123562187441372       0.30679834337816519                0           0   123428.00111539195        8.0485139620415977E-005  0.25000000000000000              884   5.2573057875356141E-002           0
         193         194  0.13607741833753259        1.4509867592654014E-002  -3.3139095177587647E-004  0.98026160729439438        98477.807758994706        22.203845682541278        15.663494463723866       0.69930434242011152                0           0   47770.308506030713        1.3480179630591914E-004  0.50000000000000000              896   1.1972782814103038                0
         195         196  0.23980714281985319       0.16746154432118399       -1.7866781603804005E-002  0.96643523058497638        13874.745800257982        8.3762612435180923        11.055573119653060       0.98085492056382317                0           0   339055.96004197007        5.0498069052990366E-005  0.25000000000000000              898  0.74766687330119841                0
         207         208   9.9440827635248155E-002   5.0100703362626467E-002  -8.7683211256005204E-003  0.98112175417415370        2910.2243960466299        2.1174416066239212        3.9098362434861449       0.74551739891256286                0           0   1616478.5313583727        1.2860786271453537E-005  0.25000000000000000              910  0.45595770655092860                0
         225         226  0.11258739991983015        4.7810171057872303E-002  -9.4939383745014589E-004  0.98185672257896206        88575.957032427817        21.129198100363176        15.893945187882533       0.60824006608866288                0           0   53110.521356517827        1.2838083044770557E-004  0.50000000000000000              928   1.1142635418393656                0
         235         236   9.9158490776633662E-002   3.5661683213779022E-002  -5.1301121046354124E-003  0.96614283730650707        4095.4263718306088        2.5687641194955386        6.9978234440706046       0.29278044734520642                0           0   1148675.3345151674        1.5484037106406675E-005  0.25000000000000000              938  0.12701587870335335                0
         239         240   8.3253089810449737E-002   5.9845060969569666E-002  -7.4110620056441019E-004  0.97866503909393976        121080.59857328323        25.053451414275163        15.815859922582019       0.46849141981363074                0           0   38852.758518512826        1.5197941044801133E-004  0.25000000000000000              942  0.14847820918379218                0
         247         248  0.12867704596478571        5.6124925773135610E-002  -4.8755267774440045E-002  0.97148621675522984        348.47281385192167       0.55201979559906922        18.859572257020627       0.62112961444117110                0           0   13499805.639483234        3.3365167437779866E-006  0.25000000000000000              950  0.54681362477143458                0
         249         250   8.3325272192247987E-002   6.4931060179189190E-002  -5.9417119074347373E-003  0.97581540753508467        5929.7866670524481        3.3934150410168407        16.311576547227546       0.52314059837225524                0           0   793336.34104971308        2.0555510157367267E-005  0.50000000000000000              952   1.3354849204778017                0
         271         272  0.13618545113931463       0.10282415591629936       -1.7643068358636144E-003  0.98806680624688603        120181.93023047518        29.578155387187675        6.6578809862186130       0.50463388351623484                0           0   39143.282593508091        1.8027976026539725E-004  0.25000000000000000              974   8.5772724774315745E-002           0
         287         288   8.8414603939471620E-002   4.2704642040310346E-002  -5.8515194294090581E-004  0.98093659039144399        118941.02246670357        24.046383900145148        3.0300561978796430       0.61609093896834555                0           0   39551.663169548527        1.4603779329379048E-004  0.25000000000000000              990  0.21440990457740070                0
         291         292  0.10251315781699964        2.9651563345757474E-002  -1.1831110334550475E-003  0.98075559013170377        29765.556837160901        9.5746088155111213        9.1551027397573517       0.59170472225603166                0           0   158045.59892431262        5.8142920318824777E-005   6.2500000000000000E-002         994  0.24133800122749471                0
         303         304  0.77980953382043972       0.33783563817501155       -5.2382472905160467E-002  0.97671789874474535        28033.625192942258        18.742492285908785        5.9295097051964820       0.63516819516168721                0           0   167809.73653129677        1.1358394461059082E-004  0.25000000000000000             1006  0.23057823868409807                0
         311         312  0.16827131513595273       0.11782564957455051       -9.1314488263872420E-003  0.97485864189666582        15717.300866973132        8.0915100549741776        14.436098809954284       0.17986709100226431                0           0   299308.08714936365        4.8990345746074786E-005  0.25000000000000000             1014 -0.14214959138194222                0
         321         322  0.12252965187021556        4.0765808550071510E-002  -1.0952504619379879E-003  0.97557453106160041        63331.226025514967        16.995860241612995        16.585665022478015       0.46053632244394332                0           0   74281.133539866772        1.0293936416602254E-004  0.50000000000000000             1024  0.78522506562232519                0
         323         324  0.13577855073708561        2.1714876777924844E-002  -1.0672784058174505E-003  0.97737634574565457        30402.145619620234        10.295090097572151        11.978269607754289       0.59719634914452602                0           0   154736.29119810546        6.2411468000077191E-005  0.50000000000000000             1026  0.38852096077238574                0
         337         338  0.14234346256931027        4.8688670540606271E-002  -2.7220309402593351E-003  0.98436219341894415        24424.438780536861        9.4883723855236379        16.248090521418597       0.47893497698175702                0           0   192606.89262565569        5.7724153992768256E-005  0.50000000000000000             1040   1.5594385740888106                0
         357         358   7.9717634398698847E-002   3.5168480550120958E-002  -1.1543449013877967E-003  0.99034897964864510        29342.295402160125        9.0508997532508531        13.616216347068116       0.50993719736215992                0           0   160325.40035359471        5.5228836842580753E-005  0.50000000000000000             1060  0.89690271393734033                0
         363         364   8.0030474895858961E-002   2.5241398542184282E-002  -3.2505135387658957E-004  0.96900162088983910        125469.53716214608        23.159872534501439        9.8913523257934468       0.68360578699075392                0           0   37493.684634903126        1.3980643129274424E-004  0.50000000000000000             1066  0.47841779894181846                0
         371         372   9.0756420354949963E-002   8.9399293653254358E-002  -1.4941626717007766E-003  0.97790038526241019        78336.750524128642        20.236383406048532        7.9248044908871558       0.39335336355130118                0           0   60052.468683849453        1.2271064128272370E-004  0.50000000000000000             1074  0.20508587050333751                0
         383         384   9.3433970454860987E-002   6.5975786712685114E-002  -2.9999592269293533E-003  0.97176827062077331        19385.313257799193        7.6576121486429507        12.380186635002131       0.52983612971721950                0           0   242674.19334851863        4.6290742961604388E-005  0.50000000000000000             1086  0.51682212900797109                0
         395         396  0.10118924464727580        7.2387835402996439E-002  -4.0679476328368365E-003  0.98184110250843104        15239.121285685993        6.7103307468978812        7.3164452295373748       0.47336471684006770                0           0   308699.90266850201        4.0771591993552411E-005  0.25000000000000000             1098   5.8095495808507959E-002           0
         401         402  0.11008182267075275        8.1520559788653676E-002  -2.1754919003101718E-003  0.98946501741247106        50292.904508829961        15.372504553420699        9.4085668255806549       0.47688877358056592                0           0   93538.349069078395        9.3761781152373525E-005  0.25000000000000000             1104  0.16309418673205156                0
         219         220   5.9461379470541447        2.5291364086335988      -0.75299076982192070       0.98221912150944157        80559.862777643633        74.428097414589246        9.4108592425788231       0.25735070816397237                0           0   58395.273967004177        4.5230718866207646E-004  0.25000000000000000              922  0.17489580159815782                0
         159         160  0.52009082554844766       0.13749382338007102       -6.8562166579241961E-003  0.98252657550525302        109146.58921206869        38.868446659729038        4.8298224239179159       0.56749193087533123                0           0   43100.891119047374        2.3624417772278330E-004  0.25000000000000000              862  0.23049570150504012                0
           1           2   2.0244841138268650       0.61000484406818434       -7.0741485713423660E-002  0.98738152934187551        118081.33591071346        65.056817812538299        14.067353889121986       0.45962465187477414                0           0   39839.617509086311        3.9638661146352313E-004  0.25000000000000000              704  0.10272032599514895                0
         283         284  0.18094602805437388        8.1870494517192083E-002  -1.6064068193646895E-003  0.97697797871714775        143540.44546752289        34.366892541613126        5.2185037133474186       0.30570741159836834                0           0   32773.447527785116        2.0829891525217590E-004  0.25000000000000000              986  -4.4017148289762859E-002           0
         185         186  0.24628085064239766        6.9358336926096664E-002  -1.8551080494142963E-003  0.99057546901522908        130681.44545928008        34.314639623851313        10.081564717158626       0.56968292384259345                0           0   35998.341165507023        2.0941269287605858E-004  0.25000000000000000              888  0.25160865071932187                0
         191         192  0.17819880543248182        5.0730547014061628E-002  -8.9966543292994278E-004  0.98450778698896024        174927.64032278312        37.446621017460309        15.749291774210091       0.61899250474136436                0           0   26892.921261409472        2.2782970840593575E-004  0.25000000000000000              894  0.50378740862796234                0
          71          72  0.16939743337267674        2.6319217633798585E-002  -4.7647967898261517E-004  0.96976219828091648        170003.73667627125        34.870225322542275        10.023412652186478       0.26436681827338321                0           0   27671.834452691655        1.5082883319385277E-004  0.25000000000000000              774 -0.14206166810559556                0
          53          54  0.10539273585624893        8.3691576402142989E-002  -9.4861616487088496E-004  0.98840746126056767        171334.30925667207        34.651436372167325        12.255818287903226       0.31055324707742088                0           0   27456.936547351612        2.1096666920612941E-004  0.25000000000000000              756 -0.16941347991965561                0
         245         246  0.10614450888457336        7.9534736728126665E-002  -8.8338078697462622E-004  0.97533507163214717        180155.36208468804        35.614411017835778        12.292886860252910       0.23807693448645656                0           0   26112.546433302068        2.1568078356416255E-004  0.25000000000000000              948  0.14733737560886931                0
         331         332  0.12214104311112879        9.8521910482032543E-002  -1.1537755047203683E-003  0.97154055198387024        188414.45473505274        38.868024797675822        13.667180156419757       0.29971899581023353                0           0   24967.910579153504        2.3493249830021899E-004  0.25000000000000000             1034   2.8875920343425066E-002           0
         203         204  0.10958957416913398        5.6611292613942377E-002  -6.2817234305771752E-004  0.98494187057407623        200051.97130642890        36.805509599966030        13.043002959859578       0.17343647616310873                0           0   23515.465640870621        1.6988547057778460E-004  0.25000000000000000              906 -0.19218081536413689                0
          21          22  0.17137201111473407        1.8580527211685235E-002  -2.8964617018065918E-004  0.97725619083110171        219756.57682243298        40.968444197440832        7.7623628909242637       0.25410176158990833                0           0   21406.937283364805        1.8343950172520064E-004  0.25000000000000000              724   9.8502482071090733E-002           0
         369         370  0.35577330781196675       0.28758888866695975       -6.5923629871082615E-003  0.96841922705639494        200307.85819162280        57.839387851881206        17.338363416224269       0.48876157135292603                0           0   23485.425385280789        3.4904883910831302E-004  0.25000000000000000             1072   1.6890411418419637                0
          77          78   9.3430964505624117E-002   2.0354482771848002E-002  -1.6334883162896549E-004  0.97425183352183942        309441.22681298596        43.386459025179242        13.675304024055993       0.51463195053675359                0           0   15202.613129787858        1.8457846561722538E-004  0.25000000000000000              780  0.92546138299499603                0
         315         316  0.30834333591613694       0.21242803698149326       -3.5544000840579989E-003  0.96932722246065328        288048.63087816222        68.675120176768687        10.023309575125916       0.37829395551441752                0           0   16331.670257563481        4.1463143421502049E-004  0.25000000000000000             1018  0.23064872241173751                0
          89          90  0.20842321107894346       0.10223825271363279       -1.3435582502014560E-003  0.98702482580270168        297769.38109927031        59.104743533761280        7.2670146364453760       0.77696556192436228                0           0   15798.519109916271        3.6005640583131949E-004  0.25000000000000000              792  0.43017031711581577                0
         155         156  0.50373356431637750       0.18870347651975347       -4.6345267489272665E-003  0.98128177235206437        293320.33962033020        76.435433608783669        11.549128244927580       0.66861299423052467                0           0   16038.148816184937        4.6428632181207922E-004  0.25000000000000000              858  0.41839105238769408                0
         187         188  0.16652052450678573        4.4390738220572948E-002  -5.1200105471243477E-004  0.98740860044556455        313872.49940009229        53.803263366689940        6.9450592057192715       0.68064399402397724                0           0   14987.981637882163        1.5401396217716847E-004  0.25000000000000000              890  0.30733284525145893                0
         255         256   8.3811449474318997E-002   3.0344259974373743E-002  -1.9498774621546684E-004  0.99476358635673934        366335.73421504453        48.606227887337262        11.209686051931209       0.47408252988796162                0           0   12841.540746017587        1.7373772739312873E-004  0.25000000000000000              958  0.28441351225129302                0
          93          94   8.5361728603296438E-002   7.1347741082274679E-002  -4.1080252103106030E-004  0.97812880800934654        378910.90214675880        55.249666982163497        12.993124422895409       0.37351890819726613                0           0   12415.359998859836        1.7179347800011020E-004  0.25000000000000000              796  0.39366078247042791                0
          95          96  0.62290701776509083        9.1312241257938784E-002  -2.4694170313224787E-003  0.98239998407203366        343708.38819590933        85.837512440994601        10.422144054111211       0.62277692842920751                0           0   13686.937587811692        4.6862750001057938E-004   2.6376396085679838E-005         798  0.38211736359415005                0
          67          68  0.52597586808430075       0.46375414949012228       -9.5351984985231255E-003  0.98266064699714351        341740.68956755206        95.332992401100725        16.788965529343336       0.39011424820230789                0           0   13765.745201713413        5.7947742737167690E-004  0.25000000000000000              770  0.11796784597895016                0
         213         214   8.6717284611907239E-002   1.7710005955573944E-002  -1.1427078035879827E-004  0.98213695314694749        400632.33674856107        50.085097135765906        8.0642063162009308       0.36774217783715318                0           0   11742.225542311169        1.5552041722878169E-004  0.25000000000000000              916  0.17906399032836048                0
         313         314  0.11479116130453372        5.7685466757393881E-002  -3.9453446450446250E-004  0.99253727403468150        435049.79924732697        62.547398305763593        4.7645563846161965       0.38421060861700179                0           0   10813.279918261374        1.7042172232509015E-004  0.25000000000000000             1016   9.2285870956242855E-002           0
         365         366  0.29906545429998188       0.27572229150032296       -3.4223050706489746E-003  0.97703614846779008        409915.73603235272        89.792227251814452        13.488506868089377       0.28882970832573990                0           0   11476.298283102440        5.4424978456707430E-004  0.25000000000000000             1068 -0.23237981978191322                0
         201         202  0.41909726131645580       0.36316033186407948       -5.4401348907038797E-003  0.97784193266974673        439642.50440806977        104.26124217537117        13.371750493280210       0.39187552332705466                0           0   10700.319487940789        6.3220712582260643E-004  0.25000000000000000              904   4.8134586451949221E-002           0
         171         172  0.11855449161888632       0.10910379859810015       -6.3808363105355751E-004  0.99690688946593098        502629.43037454027        75.543937317710842        2.8664444240577316       0.23064435715367812                0           0   9359.4106778413025        1.6222029374787257E-004  0.25000000000000000              874  -8.1850037585202456E-002           0
         347         348  0.19457293008789711        9.8264029982305379E-002  -8.4213227326918961E-004  0.97623178622328566        525292.62380639045        84.608893442837001        5.7568435544519740       0.44284932711147651                0           0   8955.6088253366652        5.1262384884362530E-004   6.2500000000000000E-002        1050  0.17551012582782222                0
         343         344   9.9716206803828866E-002   3.9838043689421537E-002  -1.9541286924161294E-004  0.98547806040898511        644708.77578794607        75.758248904357316        17.377989381547469       0.66827612038928041                0           0   7296.8066114739531        4.6110969753691106E-004  0.25000000000000000             1046   1.8187555629657419                0
          55          56   8.3915877860446200E-002   1.7498204653530233E-002  -7.7740196882517218E-005  0.96898154446861051        677342.13462491788        70.390059717499767        13.568976956268541       0.14751905645332272                0           0   6945.2570823012566        1.8325936041652929E-004  0.25000000000000000              758 -0.19794783556908307                0
          99         100  0.11123848720615616        3.9011678252708890E-002  -1.9764343022701515E-004  0.98119635498491209        697449.45099556562        81.825121918085514        10.507369422523347       0.54327825103090532                0           0   6745.0268272914218        1.9609050585244134E-004  0.25000000000000000              802  0.14323225797383685                0
         391         392  0.13558686976987694        5.7578981684498085E-002  -2.5446740011902898E-004  0.98428057182237338        1015963.8259505472        114.33226250480101        12.620709998144308       0.37347935208557348                0           0   4630.3964151906221        1.9855493643177781E-004  0.25000000000000000             1094  0.14402791772723916                0
         385         386  0.12648191059682606        5.9749107023494945E-002  -2.5030111744847215E-004  0.99192399726360403        1010156.8010307509        112.51654391747591        14.075808512467578       0.28180213797548825                0           0   4657.0148840700185        1.9971473045980897E-004  0.25000000000000000             1088  -1.0747861754323053E-002           0
          41          42  0.11122608390456809        8.6847116325004775E-002  -3.0034655602715249E-004  0.97689552612968544        1076875.4069236529        119.85571002551679        3.5755384027103116       0.81631230936796795                0           0   4368.4861102769009        1.9934720720389158E-004  0.25000000000000000              744  0.51197640905943542                0
         345         346  0.55774375829353751       0.47607345656862060       -4.7923803546830179E-003  0.97923176074338625        1065819.0059203701        206.47940675782556        2.2871135567331953       0.23535261144973171                0           0   4413.8031237137029        1.2529054742208931E-003  0.50000000000000000             1048  -3.1067727570964175E-002           0
          73          74  0.94128231410560004       0.69908498357263338       -1.0547991353088345E-002  0.98595090542721642        1010924.7705775029        232.48741209934116        13.661561729861310       0.46691029564727066                0           0   4653.4770880699325        1.4155097427745917E-003  0.25000000000000000              776  0.32386418344986634                0
         285         286   8.9462339041284894E-002   4.2834040765278178E-002  -1.2838168338598593E-004  0.97556116315563901        1178106.6063545495        111.23605151706303        8.6633198527779101       0.64887737383950717                0           0   3993.1150816660524        1.4410236536712358E-004  0.25000000000000000              988  0.21721943857020298                0
         293         294  0.55382231722128972       0.12326253909399966       -1.3046202120956597E-003  0.97555013427591697        1208714.8768618368        195.00098063437505        13.143418400269644       0.45840518409324493                0           0   3891.9974823661364        1.1809822740092247E-003  0.25000000000000000              996  0.99356502383781098                0
         123         124  0.67985937278035102       0.12376754478802159       -1.4259437356367586E-003  0.97763450747397851        1328700.8239903566        219.90890269502705        10.095790334025303       0.52494155809460086                0           0   3540.5376234484115        1.3330674591925293E-003  0.25000000000000000              826  0.34892541381104036                0
           7           8  0.10772050310063933        1.1526931384030817E-002  -3.7943697728780554E-005  0.99082248886431246        1424470.1409572540        121.95279694780302        9.0915011972343471       0.43047661302702650                0           0   3302.5018372680170        1.6260639909577266E-004  0.25000000000000000              710  -2.5307448648595798E-002           0
         355         356  0.32294731613854971       0.22153041596011064       -1.4146791448691402E-003  0.98835597978780254        1280677.5733209376        188.46314208734015        6.9337911649207804       0.41247384861547415                0           0   3673.3018174480535        1.1488556879049804E-003  0.25000000000000000             1058   6.7118312890832171E-002           0
         117         118  0.40216802461087314       0.11268199431891886       -9.3948131643061938E-004  0.97690707695788359        1226845.1060164988        179.76007936485891        14.869359734146100       0.56672137666632760                0           0   3834.4818221751120        1.0894929361876689E-003  0.25000000000000000              820  0.95944782215606761                0
          85          86   8.0567479673496034E-002   7.0359839832317903E-002  -1.6540594186675728E-004  0.98642166572395873        1357017.8794508749        127.71821781941760        6.6955671249521300       0.29478841055120825                0           0   3466.6567986181526        1.9401392259058692E-004  0.25000000000000000              788  -7.2738930960488057E-002           0
          47          48   9.8900608463481726E-002   3.1153535981132970E-002  -9.0443949087021743E-005  0.96929450295796848        1448762.9164048610        126.95392421516813        16.020043121224628       0.82408768121781872                0           0   3247.1256714098058        1.9207619232510233E-004  0.25000000000000000              750  0.40683454036076405                0
         387         388  0.11696728908539532        8.3148869844046139E-002  -2.2937093407874055E-004  0.98800966086984310        1621816.5859497569        158.01624164998722        7.8632450804502021       0.44077197502023674                0           0   2900.6456700465019        2.0484926055125676E-004   3.4766472684463381E-005        1090  0.20047360870668371                0
         103         104   9.4240900685283069E-002   8.1646476448274677E-002  -1.9581474411928143E-004  0.97430932578693863        1543295.6101144454        146.43699954217337        6.4155425169863234       0.16600099478481684                0           0   3048.2269416265021        8.8618227905427590E-004  0.25000000000000000              806  -4.3761682800568830E-002           0
         215         216   9.9764396033006283E-002   5.7531129034738331E-002  -1.3467170227244636E-004  0.99202500142069505        1843377.2888768672        158.82594977762659        17.528414962964963       0.27444504071671078                0           0   2552.0089056272404        1.9606910170443681E-004  0.25000000000000000              918 -0.28020814958307244                0
          65          66   8.1196656538748205E-002   3.2700733033609646E-002  -6.2627861262289943E-005  0.98184767372588766        2149336.5504112290        157.99647215383459        10.322838662281130       0.55297589072682940                0           0   2188.7290088398181        1.9363885980735446E-004  0.25000000000000000              768  0.14613760265762915                0
          15          16  0.12041882448822794        4.7134796559794988E-002  -1.1370748620294229E-004  0.97825164521118502        2263928.7909641471        186.02285177799217        12.042887883033455       0.56843845021726669                0           0   2077.9431210119114        1.1281688166013199E-003  0.25000000000000000              718  0.22038401281861233                0
         243         244  0.10897784068549871        6.2870305948584129E-002  -1.2688985103554134E-004  0.99345305026723485        2514966.0648626112        201.22235189126619        11.651134473759642       0.34313176675321538                0           0   1870.5283237695505        1.2297376519750148E-003  0.25000000000000000              946   8.9811784041179246E-002           0
          37          38  0.10983277472157330        9.0349772612143470E-002  -1.6313461273031012E-004  0.98167519740275366        2786284.6185355540        226.68993556755197        15.945225187265562       0.58213008210834194                0           0   1688.3828831949368        1.3772225981147541E-003  0.25000000000000000              740  -8.3035871229868607E-002           0
         403         404  0.17519688796893346        3.8994197612049461E-002  -1.0593117912927229E-004  0.98389947056270366        2940508.1443813602        240.33770255248803        13.306789550675179       0.46815219307784073                0           0   1599.8307185897906        1.4611679082523687E-003   7.5886733257493275E-004        1106  0.13060957939768808                0
         127         128  0.41687934908818136       0.27898104023835063       -1.0601324713850049E-003  0.99434194081511351        3619474.9262651657        408.83142482301037        11.669943786436342       0.23150958863167267                0           0   1299.7231237899509        2.4997052625840904E-003  0.25000000000000000              830   2.8455200911003904E-002           0
         217         218   8.1228311512873880E-002   6.5270211912634449E-002  -8.4864059256294254E-005  0.97696892315676265        3390006.8490829859        232.81876606981328        15.225325466293601       0.78292078452402236                0           0   1387.7008121435813        1.4110585494170628E-003  0.25000000000000000              920  0.28221232846233096                0
         175         176   8.2952047495663137E-002   3.6571247402372269E-002  -5.1727620414266363E-005  0.99014082140702531        3413575.6014797073        218.55649622990455        15.345543703691673       0.57347228367632364                0           0   1378.1195458526097        1.3132663543765025E-003   1.9244684797533095E-003         878   3.9675687309681545E-002           0
         143         144  0.25022565110097550       0.15769561095085233       -3.9893226177458845E-004  0.97378367469115990        4047244.7606835263        368.61381757316616        8.2027161543144747       0.62562978876276276                0           0   1162.3500766111972        2.2305190603367172E-003  0.25000000000000000              846  0.20766089701809487                0
          61          62  0.16574606629006447        5.1105325148539382E-002  -1.0680914848388477E-004  0.98146224652464376        3985102.7316611102        295.54272204541036        9.1941966405334252       0.42639723701353927                0           0   1180.4752786595950        1.7952874583487142E-003  0.25000000000000000              764  0.31608388733714032                0
          29          30   9.2064989403419284E-002   3.8673592252436655E-002  -4.8326417632826574E-005  0.98790084533106615        4595724.3541263249        274.56410217347485        6.0033953481609919       0.78708747329231921                0           0   1023.6286807368981        1.6733196375634911E-003  0.25000000000000000              732  0.46448858769670992                0
         237         238  0.17519413512811899        4.8620481183886892E-002  -9.6133046925272949E-005  0.99516489023133436        4632593.2409340926        330.20636827131904        17.714011829988987       0.55577434891583666                0           0   1015.4820449326151        1.9984115928462558E-004  0.25000000000000000              940  0.71367408839043622                0
         147         148  0.31456825641218544       0.25964081492902225       -6.6243600918377415E-004  0.98456015427272825        4747337.3481747657        459.47645601886813        15.639876682710156       0.45721392951059187                0           0   990.93763780099937        1.9668248657376449E-004  0.25000000000000000              850  0.11996973044716558                0
         399         400  0.17014458503807270        6.6018282057290864E-002  -2.6982701827819510E-005  0.99085248287385397        45926018.582641259        1551.3730852881722        10.490818071232601       0.23912554395089067                0           0   102.43246427250418        8.6736937512889595E-003   5.3558124213456779E-005        1102 -0.15281828775410705                0
         281         282   8.0478030877779258E-002   1.6466831233086777E-002  -1.7957704189886559E-005  0.98262616764639521        5350097.2233644808        275.01469404512790        14.548207029810255       0.52198981868890348                0           0   879.29528403717313        1.0109120833815715E-003   9.2268229243115489E-004         984  0.45030037405009526                0
          45          46   8.6894120985331738E-002   8.6164685909330241E-002  -8.2040856412477007E-005  0.98387083180607882        5506893.1944410549        340.10174038637848        9.4703070680387622       0.60390416929116630                0           0   854.25939664011355        2.0685513436049150E-003  0.25000000000000000              748  0.51240943037649334                0
         161         162   9.3309048906446132E-002   9.2827486138433946E-002  -9.1370837993305960E-005  0.98808701708666513        5621374.6698997337        353.27432906582970        7.6583103881851518       0.51008721326759277                0           0   836.86207269451984        1.5714270996827089E-003   8.3629634315773556E-004         864  0.15861510795553252                0
         309         310  0.10545420084030525        5.3264404142991120E-002  -5.7855495593977865E-005  0.98363597107776712        6309425.5400360068        361.80592593708820        13.679225674585780       0.52200114421461319                0           0   745.60120058377254        2.2003001492994592E-003  0.25000000000000000             1012  -2.5400913328132629E-002           0
         189         190  0.11107991559331475        5.1209466390144058E-002  -5.9401457297079668E-005  0.98671314114777653        6112335.9088638304        356.86834591407722        18.314931646625482       0.14075441310779124                0           0   769.64278923590894        2.1736268209196817E-003  0.25000000000000000              892 -0.14499908802770040                0
         289         290  0.10428359770713377        2.3242149003040714E-002  -2.7029421998377497E-005  0.98098578537518999        6248180.7277488280        334.17569808522643        14.719815362830721       0.16508086254946391                0           0   752.90960083027107        1.8585475148306825E-003   1.0804093568775805E-003         992  -5.9478077133552014E-002           0
         115         116   9.5073144526220191E-002   4.6025486525321645E-002  -4.6726263478262970E-005  0.98361077625756288        6339435.9430684811        348.99124241529205        10.804882449296718       0.44325345802129212                0           0   742.07158174513086        2.1223306805025111E-003  0.25000000000000000              818  0.19398649491541453                0
         223         224  0.13901763968801717        6.0776114313866474E-002  -7.7059150325484749E-005  0.98944386181448130        6749105.4276766973        408.59962228289373        8.0667084416125956       0.39795002844487048                0           0   697.02797030749161        2.4359910241740458E-003   1.0082439331997456E-003         926  0.15485791704599747                0
         299         300   9.2079428251349071E-002   8.2023039557947389E-002  -6.9096452203646114E-005  0.98687525149125022        7196657.7815852081        407.34469080423281        17.350609393931684       0.12417041371242696                0           0   653.68055567157228        2.4812902670529602E-003   9.7162816958110913E-003        1002 -0.35671954276427503                0
         199         200  0.11230093762090229        4.7925291740752780E-002  -4.9845320530023470E-005  0.98557578802919299        7365259.5215128316        402.38621163417127        12.888043944697769       0.24485163065692161                0           0   638.71683596540686        2.4494184751019071E-003  0.25000000000000000              902  0.84834989009642836                0
         373         374  0.15845034820673778       0.15233439132851201       -1.7085473268099613E-004  0.97953029571337413        7914720.9110201169        526.48194514030286        6.9875599793173180       0.45527454372846765                0           0   594.37538108193769        1.9173146661095244E-003   3.5479971871221386E-004        1076  0.13947195240207638                0
          69          70  0.10464422723177559       0.10349050793134676       -8.6377732787562200E-005  0.98042651398566583        8085705.8082159301        467.23280664956275        12.309313807491385       0.18225783976548537                0           0   581.80638391081243        2.8368343572848856E-003  0.25000000000000000              772 -0.15163329899759820                0
         267         268  0.11152016154947933        1.9237634443879208E-002  -2.0549700481280106E-005  0.97571078245590948        7751482.5770128760        389.06207403126245        4.7446982640153168       0.52417797509841302                0           0   606.89232168249623        2.3037446876606805E-003   5.9717673317467607E-004         970  0.14405188986719930                0
         183         184  0.10185732075756881        5.4219839429199369E-002  -4.3501579448120232E-005  0.97495377426326457        9514100.3170719072        473.11289586261438        16.733139715727642       0.32462570014979936                0           0   494.45718469075166        8.4332283013406823E-004   4.1483234308924384E-005         886   1.2661257915681374                0
         265         266   8.4095384718170976E-002   3.6296916915751078E-002  -2.5177789990570559E-005  0.98208214634157309        10108956.052733811        451.79729706032413        6.3871104175036626       0.45072226261792697                0           0   465.36113453303159        7.7789342600825828E-004   3.5697217677267310E-004         968  0.24376846487919929                0
         367         368  0.20322917187314732       0.17631903439505672       -1.9839489522722252E-004  0.98271379812832382        10353039.865725491        673.09147322001343        16.763604829999743       0.55663542890834539                0           0   454.38975592267821        2.5766274020407698E-003   1.8847120751965766E-004        1070   1.6131469665297387                0
         305         306   8.5255713978393793E-002   1.6586699482616780E-002  -1.1931200371230782E-005  0.97557216214542408        10624387.113807641        441.69112072417624        14.185798382296930       0.31113963378760134                0           0   442.78462439785847        2.6751951435917505E-003  0.25000000000000000             1008  0.11465201207942456                0
         325         326  0.14296285691723640        1.8018411898666035E-002  -1.7591034512000332E-005  0.98525910189351285        11605238.715074902        545.71725305743564        6.1443547681830060       0.33833039917178764                0           0   405.36135215676182        1.9976652747874619E-004   6.2500000000000000E-002        1028   2.7283137756738605E-002           0
         119         120  0.12744757891135747        8.2887871857059842E-002  -6.3848789170769046E-005  0.98269985033698937        12193204.574003790        616.57973866081329        6.3487955158301839       0.27978106372841488                0           0   385.81451078697370        3.7479255214838184E-003  0.25000000000000000              822   2.5907380537208383E-002           0
         133         134  0.13034205300579016        4.8697333779162973E-002  -3.8327482087976710E-005  0.98105930579903788        13234700.432287391        617.16144586994028        9.5557740080826594       0.40017443970193589                0           0   355.45309708469932        3.6126368238161995E-003   6.5059570614629857E-004         836  0.23922512204353463                0
          17          18   8.8310858010865509E-002   3.6165089814597706E-002  -2.2321003472730643E-005  0.98140412768925933        12747100.610456508        533.22349031307033        9.9833385825994387       0.37663361721328464                0           0   369.04982563531280        3.2391129273980847E-003  0.25000000000000000              720  -4.7354354302615226E-002           0
         275         276  0.13196141201412448        6.9014568623332620E-002  -4.7734114729601017E-005  0.97882524951372096        15446690.297089601        711.01407039357719        12.266560903367120       0.40962035721530771                0           0   304.55166557790892        4.2372420781068539E-003   3.2922238284902299E-004         978  0.41883940286531102                0
         221         222  0.10685030920939192        6.9974509155263417E-002  -3.1626427680721904E-005  0.98399172964997172        22714117.867093571        881.01811967544290        11.485086052378190       0.17330354533759518                0           0   207.10974932731176        2.7489291612736492E-003   3.5438724364615431E-005         924 -0.22938239511598074                0
         157         158  0.17882018552997023        8.7937108552675433E-002  -4.2075662577582263E-005  0.98508831332775448        36757648.083077200        1392.7625966806372        7.3509608507641779       0.37359423208935744                0           0   127.98194397564232        4.8139124452710614E-003   1.5275516551068184E-004         860   2.5076888827751935E-002           0
         145         146  0.11284151051838727        7.1741434973604884E-002  -2.4259731439090322E-005  0.99377101815977742        37282316.147887245        1243.5759014558375        13.128172588591493       0.40518296945078708                0           0   126.18087457292675        3.7681495511608541E-003   1.6379366861889012E-004         848  0.16507396292363674                0
         405         406   8.7236661288412828E-002   5.5735761705262711E-002  -1.4072245326296712E-005  0.99445376943805652        44632114.080637984        1287.6235615835808        14.979460894144745       0.59555771751910447                0           0   105.40202619901348        3.7005998467593650E-003   1.8553653655653546E-004        1108   1.3785468805956964                0
          51          52  0.11606384615255892        9.5064690585184505E-002  -1.2275804422498155E-004  0.98216009485275246        4872985.4502905970        334.95431170826782        2.2323914671378247       0.44184730711261599                0           0   965.38668248316321        1.8715478887412103E-003   2.6988382434581297E-005         754   4.8099374282885354E-002           0
