 1021645   1   373 177   0      1.6   7.73   4.63  7.670     0.0  -0.2148   0.0000
  -1.117539   0.000000   0.245505   0.096985  -0.663599   0.060150   0.000000   0.000000   0.000000   0.000000
   0.00000   0.00000   0.13669   0.02878   0.00000  -1.11754   0.00000   0.00000  -0.87203   0.66276   0.19180   0.00000   0.00000
 NAME(I1)    NAME(I2)    M1[M*]                    M2[M*]                    EB[NB]                    ECC                       P[Days]                   SEMI[AU]                  RI[PC]                    VI[km/s]                  K*(I1)      K*(I2)      ZN[NB]                    RP[NB]                    STEP(I1)[NB]              NAME(ICM)                 ECM[NB]                   K*(ICM)      
           3           4   8.7970317491499028E-002   4.9196061553816367E-002  -9.2897646351125171E-004  0.98018963898304645        71340.815372945974        17.361255191394889        7.2219984596058957       0.20760504376373265                0           0   65941.428242054317        1.0539810829294615E-004  0.50000000000000000              706   6.7075590599477236E-002           0
          59          60  0.52934127945164156       0.11516011942956719       -3.1001072744619322E-002  0.99635260950274573        9025.0375450904266        7.3279160146024838        12.737342185312331       0.91670446167375408                0           0   521251.59969045070        4.4850020571511419E-005  0.50000000000000000              762   1.3849335424855007                0
          63          64  0.11284127030153632        5.3401276685359052E-002  -1.4468849236327175E-003  0.97984293960292113        54774.265105649982        15.520472950299069        10.115815003054076       0.36615505450092217                0           0   85885.502043175962        9.4206442072616631E-005  0.25000000000000000              766  0.19061982981750392                0
          83          84  0.10272953417562042        4.1373672231505683E-002  -1.2819188696754095E-003  0.97370419826673227        41789.837138321200        12.356008093958177        14.182213568159085       0.41956086183747793                0           0   112570.79662870750        7.4766174595093939E-005  0.12500000000000000              786  0.30828247002698572                0
         131         132   8.4797441590329786E-002   6.4637458177469395E-002  -7.7121942017657882E-004  0.98912831439601701        128788.41655396212        26.485513546867381        9.2695071711920640       0.45695424240064181                0           0   36527.471829531067        1.6151620773559698E-004   7.8125000000000000E-003         834  0.11476751661044898                0
         137         138  0.13717930409073115       0.13193897190263901       -4.0334545728335997E-003  0.97817964388784162        48147.574536657077        16.722602131164937        9.6004728890913302       0.31748348153369832                0           0   97706.173216745112        1.0141787278782275E-004  0.50000000000000000              840  0.59683119036370991                0
         167         168  0.11739175763496201        6.6852661947444644E-002  -1.3371095085191684E-003  0.97921691183512483        87047.450602289726        21.873015901955345        10.751949975687726       0.70123095360391141                0           0   54043.113555826756        1.3272323952673876E-004  0.25000000000000000              870  0.41159327222324549                0
         177         178  0.17518944591650459       0.15841447355487015       -4.8844045916293037E-002  0.97081544669269548        1948.4551180766894        2.1174370246531056        4.3906613410508033       0.79612398535543438                0           0   2414382.1502485364        1.2793853451865820E-005  0.25000000000000000              880  0.48194960095182171                0
         181         182  0.16494482085752635        4.8117280213717237E-002  -2.2342341753636167E-003  0.98308070947828008        38113.841390388654        13.238244572811659        6.2379435906056990       0.33755795811957418                0           0   123428.00111539195        8.0485139620415977E-005  0.50000000000000000              884   3.0491491824765446E-002           0
         193         194  0.13607741833753259        1.4509867592654014E-002  -3.3139095177587647E-004  0.98026160729439438        98477.807758994706        22.203845682541278        13.314962891604100       0.78624996424657700                0           0   47770.308506030713        1.3480179630591914E-004  0.50000000000000000              896   1.0805398467613156                0
         195         196  0.23980714281985319       0.16746154432118399       -1.7866781603804005E-002  0.96643523058497638        13874.745800257982        8.3762612435180923        13.187025528054733        1.0257678664203562                0           0   339055.96004197007        5.0498069052990366E-005  0.50000000000000000              898  0.79310026957132773                0
         207         208   9.9440827635248155E-002   5.0100703362626467E-002  -8.7683211256005204E-003  0.98112175417415370        2910.2243960466299        2.1174416066239212        3.2717014854204480       0.72430354368371797                0           0   1616478.5313583727        1.2860786271453537E-005  0.25000000000000000              910  0.45411392297371272                0
         225         226  0.11258739991983015        4.7810171057872303E-002  -9.4939383745014589E-004  0.98185672257896206        88575.957032427817        21.129198100363176        13.353958210909413       0.73539020875265793                0           0   53110.521356517827        1.2838083044770557E-004  0.50000000000000000              928   1.0219281115244059                0
         235         236   9.9158490776633662E-002   3.5661683213779022E-002  -5.1301121046354124E-003  0.96614283730650707        4095.4263718306088        2.5687641194955386        6.3533957669389736       0.33295922839344383                0           0   1148675.3345151674        1.5484037106406675E-005   3.1250000000000000E-002         938   8.6380352959052081E-002           0
         249         250   8.3325272192247987E-002   6.4931060179189190E-002  -5.9417119074347373E-003  0.97581540753508467        5929.7866670524481        3.3934150410168407        15.089410885955921       0.42014566241920454                0           0   793336.34104971308        2.0555510157367267E-005  0.25000000000000000              952   1.2425584268537795                0
         271         272  0.13618545113931463       0.10282415591629936       -1.7643068358636144E-003  0.98806680624688603        120181.93023047518        29.578155387187675        4.7607590117225316       0.48155384752913788                0           0   39143.282593508091        1.8027976026539725E-004  0.50000000000000000              974   9.3241092569783232E-002           0
         287         288   8.8414603939471620E-002   4.2704642040310346E-002  -5.8515194294090581E-004  0.98093659039144399        118941.02246670357        24.046383900145148        4.2197221133252194       0.59867469384130467                0           0   39551.663169548527        1.4603779329379048E-004  0.25000000000000000              990  0.19571543976085554                0
         291         292  0.10251315781699964        2.9651563345757474E-002  -1.1831110334550475E-003  0.98075559013170377        29765.556837160901        9.5746088155111213        8.3997740853715683       0.58848084104682119                0           0   158045.59892431262        5.8142920318824777E-005   3.1250000000000000E-002         994  0.23387808282406133                0
         303         304  0.77980953382043972       0.33783563817501155       -5.2382472905160467E-002  0.97671789874474535        28033.625192942258        18.742492285908785        7.6590644779520662       0.63326755741217711                0           0   167809.73653129677        1.1358394461059082E-004  0.25000000000000000             1006  0.23175544716270627                0
         311         312  0.16827131513595273       0.11782564957455051       -9.1314488263872420E-003  0.97485864189666582        15717.300866973132        8.0915100549741776        13.005965848790366       0.15486426375619838                0           0   299308.08714936365        4.8990345746074786E-005  0.50000000000000000             1014 -0.12944416443569962                0
         321         322  0.12252965187021556        4.0765808550071510E-002  -1.0952504619379879E-003  0.97557453106160041        63331.226025514967        16.995860241612995        15.058215976505489       0.41425422216281604                0           0   74281.133539866772        1.0293936416602254E-004  0.50000000000000000             1024  0.71933205256013610                0
         323         324  0.13577855073708561        2.1714876777924844E-002  -1.0672784058174505E-003  0.97737634574565457        30402.145619620234        10.295090097572151        11.319194641266295       0.66760779797731840                0           0   154736.29119810546        6.2411468000077191E-005  0.25000000000000000             1026  0.36418464301334785                0
         337         338  0.14234346256931027        4.8688670540606271E-002  -2.7220309402593351E-003  0.98436219341894415        24424.438780536861        9.4883723855236379        14.697615354612411       0.40486708578879815                0           0   192606.89262565569        5.7724153992768256E-005  0.50000000000000000             1040   1.4562623848528422                0
         363         364   8.0030474895858961E-002   2.5241398542184282E-002  -3.2505135387658957E-004  0.96900162088983910        125469.53716214608        23.159872534501439        13.015133390149737       0.71198185433844163                0           0   37493.684634903126        1.3980643129274424E-004  0.50000000000000000             1066  0.54678861350632535                0
         371         372   9.0756420354949963E-002   8.9399293653254358E-002  -1.4941626717007766E-003  0.97790038526241019        78336.750524128642        20.236383406048532        10.197261810541574       0.47396127242255987                0           0   60052.468683849453        1.2271064128272370E-004  0.50000000000000000             1074  0.26865529904502117                0
         383         384   9.3433970454860987E-002   6.5975786712685114E-002  -2.9999592269293533E-003  0.97176827062077331        19385.313257799193        7.6576121486429507        14.217128266688956       0.46548196076554077                0           0   242674.19334851863        4.6290742961604388E-005  0.50000000000000000             1086  0.46656062040939617                0
         395         396  0.10118924464727580        7.2387835402996439E-002  -4.0679476328368365E-003  0.98184110250843104        15239.121285685993        6.7103307468978812        9.7194613838605477       0.49377573560208377                0           0   308699.90266850201        4.0771591993552411E-005  0.50000000000000000             1098   6.1653772478912780E-002           0
         401         402  0.11008182267075275        8.1520559788653676E-002  -2.1754919003101718E-003  0.98946501741247106        50292.904508829961        15.372504553420699        10.718677078529289       0.41516088228532488                0           0   93538.349069078395        9.3761781152373525E-005  0.50000000000000000             1104  0.13776844967067736                0
         219         220   5.9461379470541447        2.5291364086335988      -0.75299076982192070       0.98221912150944157        80559.862777643633        74.428097414589246        9.7545721966047338       0.18596309878866127                0           0   58395.273967004177        4.5230718866207646E-004  0.50000000000000000              922  0.12482787744094079                0
         159         160  0.52009082554844766       0.13749382338007102       -6.8562166579241961E-003  0.98252657550525302        109146.58921206869        38.868446659729038        6.2574735117192919       0.57749077270826710                0           0   43100.891119047374        2.3624417772278330E-004  0.25000000000000000              862  0.18075664645750014                0
           1           2   2.0244841138268650       0.61000484406818434       -7.0741485713423660E-002  0.98738152934187551        118081.33591071346        65.056817812538299        12.197355634987584       0.49301359510314607                0           0   39839.617509086311        3.9638661146352313E-004  0.50000000000000000              704  0.12671910982709111                0
         283         284  0.18094602805437388        8.1870494517192083E-002  -1.6064068193646895E-003  0.97697797871714775        143540.44546752289        34.366892541613126        6.5814557818873540       0.28377282554543881                0           0   32773.447527785116        2.0829891525217590E-004   6.2500000000000000E-002         986  -5.1410754637352729E-002           0
         185         186  0.24628085064239766        6.9358336926096664E-002  -1.8551080494142963E-003  0.99057546901522908        130681.44545928008        34.314639623851313        11.545498021997492       0.52572043699542403                0           0   35998.341165507023        2.0941269287605858E-004  0.50000000000000000              888  0.21743340116451723                0
         191         192  0.17819880543248182        5.0730547014061628E-002  -8.9966543292994278E-004  0.98450778698896024        174927.64032278312        37.446621017460309        14.455892539496732       0.62940639657416519                0           0   26892.921261409472        2.2782970840593575E-004  0.25000000000000000              894  0.46978780361096073                0
          71          72  0.16939743337267674        2.6319217633798585E-002  -4.7647967898261517E-004  0.96976219828091648        170003.73667627125        34.870225322542275        10.108178863842285       0.27643796060586845                0           0   27671.834452691655        1.5082883319385277E-004  0.25000000000000000              774 -0.11763518270765398                0
          53          54  0.10539273585624893        8.3691576402142989E-002  -9.4861616487088496E-004  0.98840746126056767        171334.30925667207        34.651436372167325        11.428020625376048       0.24850572398167645                0           0   27456.936547351612        2.1096666920612941E-004  0.50000000000000000              756 -0.17190258328459851                0
         245         246  0.10614450888457336        7.9534736728126665E-002  -8.8338078697462622E-004  0.97533507163214717        180155.36208468804        35.614411017835778        13.094277183409931       0.15187579880453808                0           0   26112.546433302068        2.1568078356416255E-004  0.50000000000000000              948  0.11122623292455039                0
         331         332  0.12214104311112879        9.8521910482032543E-002  -1.1537755047203683E-003  0.97154055198387024        188414.45473505274        38.868024797675822        12.092859906683534       0.28979933166199578                0           0   24967.910579153504        2.3493249830021899E-004  0.50000000000000000             1034   6.9170482250926646E-002           0
         203         204  0.10958957416913398        5.6611292613942377E-002  -6.2817234305771752E-004  0.98494187057407623        200051.97130642890        36.805509599966030        12.020311628830409       0.12547354856207502                0           0   23515.465640870621        1.6988547057778460E-004  0.50000000000000000              906 -0.16871721921655622                0
          21          22  0.17137201111473407        1.8580527211685235E-002  -2.8964617018065918E-004  0.97725619083110171        219756.57682243298        40.968444197440832        7.4285704572441711       0.24031644753364109                0           0   21406.937283364805        1.8343950172520064E-004  0.25000000000000000              724   6.8265117896152402E-002           0
         369         370  0.35577330781196675       0.28758888866695975       -6.5923629871082615E-003  0.96841922705639494        200307.85819162280        57.839387851881206        15.346722972423407       0.41570320283916001                0           0   23485.425385280789        3.4904883910831302E-004  0.50000000000000000             1072   1.5691381201248189                0
          77          78   9.3430964505624117E-002   2.0354482771848002E-002  -1.6334883162896549E-004  0.97425183352183942        309441.22681298596        43.386459025179242        13.329218152830839       0.56996157387462376                0           0   15202.613129787858        1.8457846561722538E-004  0.50000000000000000              780  0.84455585377167663                0
         315         316  0.30834333591613694       0.21242803698149326       -3.5544000840579989E-003  0.96932722246065328        288048.63087816222        68.675120176768687        11.308084653604300       0.40746335762680036                0           0   16331.670257563481        4.1463143421502049E-004   3.1250000000000000E-002        1018  0.21569280320386389                0
          89          90  0.20842321107894346       0.10223825271363279       -1.3435582502014560E-003  0.98702482580270168        297769.38109927031        59.104743533761280        9.5228939039622293       0.75693849479646325                0           0   15798.519109916271        3.6005640583131949E-004  0.50000000000000000              792  0.39939051924300240                0
         155         156  0.50373356431637750       0.18870347651975347       -4.6345267489272665E-003  0.98128177235206437        293320.33962033020        76.435433608783669        12.464876430707825       0.73615017156155360                0           0   16038.148816184937        4.6428632181207922E-004  0.50000000000000000              858  0.45985470271910200                0
         187         188  0.16652052450678573        4.4390738220572948E-002  -5.1200105471243477E-004  0.98740860044556455        313872.49940009229        53.803263366689940        9.1256648074754683       0.66670703384235297                0           0   14987.981637882163        1.5401396217716847E-004  0.50000000000000000              890  0.29346136688936997                0
         255         256   8.3811449474318997E-002   3.0344259974373743E-002  -1.9498774621546684E-004  0.99476358635673934        366335.73421504453        48.606227887337262        12.915832726405840       0.45352564289969621                0           0   12841.540746017587        1.7373772739312873E-004  0.50000000000000000              958  0.23857552443373747                0
          93          94   8.5361728603296438E-002   7.1347741082274679E-002  -4.1080252103106030E-004  0.97812880800934654        378910.90214675880        55.249666982163497        13.896857034074426       0.46964260441942668                0           0   12415.359998859836        1.7179347800011020E-004  0.50000000000000000              796  0.35147368733977313                0
          95         546  0.62290701776509083       0.52092362269304604       -3.7742928126474175E-003  0.93637195780794102        1958533.0039127867        320.39152667950179        11.596534413309929       0.51705480205967924                0           0   2401.9586334498376        1.8563209361645114E-003   2.4960817803569642E-003         798  0.31737522836908350                0
          67          68  0.52597586808430075       0.46375414949012228       -9.5351984985231255E-003  0.98266064699714351        341740.68956755206        95.332992401100725        15.320000375507052       0.45536967996126310                0           0   13765.745201713413        5.7947742737167690E-004  0.50000000000000000              770   7.0819421375057590E-002           0
         213         214   8.6717284611907239E-002   1.7710005955573944E-002  -1.1427078035879827E-004  0.98213695314694749        400632.33674856107        50.085097135765906        7.7720077521460667       0.34397266344623717                0           0   11742.225542311169        1.5552041722878169E-004  0.25000000000000000              916  0.15298306119905383                0
         313         314  0.11479116130453372        5.7685466757393881E-002  -3.9453446450446250E-004  0.99253727403468150        435049.79924732697        62.547398305763593        5.6928506964998169       0.43507498363034414                0           0   10813.279918261374        1.7042172232509015E-004  0.50000000000000000             1016   7.7350387618805666E-002           0
         365         366  0.29906545429998188       0.27572229150032296       -3.4223050706489746E-003  0.97703614846779008        409915.73603235272        89.792227251814452        13.303841972264769       0.29793080863979404                0           0   11476.298283102440        5.4424978456707430E-004  0.50000000000000000             1068 -0.23622513777593870                0
         201         202  0.41909726131645580       0.36316033186407948       -5.4401348907038797E-003  0.97784193266974673        439642.50440806977        104.26124217537117        11.116014929893357       0.38799934283009424                0           0   10700.319487940789        6.3220712582260643E-004  0.50000000000000000              904   7.2006632503187104E-002           0
         171         172  0.11855449161888632       0.10910379859810015       -6.3808363105355751E-004  0.99690688946593098        502629.43037454027        75.543937317710842        5.6050558528274035       0.23559419474680066                0           0   9359.4106778413025        1.6222029374787257E-004  0.50000000000000000              874  -7.4005174289664660E-002           0
         347         348  0.19457293008789711        9.8264029982305379E-002  -8.4213227326918961E-004  0.97623178622328566        525292.62380639045        84.608893442837001        3.8767000567912309       0.37926229029323183                0           0   8955.6088253366652        5.1262384884362530E-004  0.25000000000000000             1050  0.15726278431468904                0
         343         344   9.9716206803828866E-002   3.9838043689421537E-002  -1.9541286924161294E-004  0.98547806040898511        644708.77578794607        75.758248904357316        15.759153875383184       0.56180388903552769                0           0   7296.8066114739531        4.6110969753691106E-004  0.50000000000000000             1046   1.7379169890400674                0
          99         100  0.11123848720615616        3.9011678252708890E-002  -1.9764343022701515E-004  0.98119635498491209        697449.45099556562        81.825121918085514        11.858836441044250       0.54633509554652648                0           0   6745.0268272914218        1.9609050585244134E-004  0.25000000000000000              802  0.13357801793055651                0
         391         392  0.13558686976987694        5.7578981684498085E-002  -2.5446740011902898E-004  0.98428057182237338        1015963.8259505472        114.33226250480101        11.572657292065415       0.30836325089458161                0           0   4630.3964151906221        1.9855493643177781E-004  0.50000000000000000             1094  0.10378113213453442                0
         385         386  0.12648191059682606        5.9749107023494945E-002  -2.5030111744847215E-004  0.99192399726360403        1010156.8010307509        112.51654391747591        13.224287602563511       0.27619552435373013                0           0   4657.0148840700185        1.9971473045980897E-004  0.50000000000000000             1088   7.6735889945041894E-003           0
          41          42  0.11122608390456809        8.6847116325004775E-002  -3.0034655602715249E-004  0.97689552612968544        1076875.4069236529        119.85571002551679        3.8051644470155712       0.83494280466565918                0           0   4368.4861102769009        1.9934720720389158E-004  0.25000000000000000              744  0.52056947936000575                0
         345         346  0.55774375829353751       0.47607345656862060       -4.7923803546830179E-003  0.97923176074338625        1065819.0059203701        206.47940675782556        2.1941662537976234       0.25427125552213425                0           0   4413.8031237137029        1.2529054742208931E-003  0.50000000000000000             1048  -4.2298709196387715E-002           0
          73          74  0.94128231410560004       0.69908498357263338       -1.0547991353088345E-002  0.98595090542721642        1010924.7705775029        232.48741209934116        12.204913337407143       0.53911213346821962                0           0   4653.4770880699325        1.4155097427745917E-003  0.50000000000000000              776  0.38512829997959785                0
         285         286   8.9462339041284894E-002   4.2834040765278178E-002  -1.2838168338598593E-004  0.97556116315563901        1178106.6063545495        111.23605151706303        9.9943779219293223       0.66879912957129395                0           0   3993.1150816660524        1.4410236536712358E-004  0.50000000000000000              988  0.22749187995472753                0
         293         294  0.55382231722128972       0.12326253909399966       -1.3046202120956597E-003  0.97555013427591697        1208714.8768618368        195.00098063437505        12.435034022468846       0.54968328866525296                0           0   3891.9974823661364        1.1809822740092247E-003  0.50000000000000000              996  0.92298505311320356                0
         123         124  0.67985937278035102       0.12376754478802159       -1.4259437356367586E-003  0.97763450747397851        1328700.8239903566        219.90890269502705        11.085733201945496       0.58072577075326515                0           0   3540.5376234484115        1.3330674591925293E-003  0.50000000000000000              826  0.32051269043246017                0
           7           8  0.10772050310063933        1.1526931384030817E-002  -3.7943697728780554E-005  0.99082248886431246        1424470.1409572540        121.95279694780302        10.197085705401411       0.46781411443444232                0           0   3302.5018372680170        1.6260639909577266E-004   6.2500000000000000E-002         710  -9.7068090401129792E-003           0
         355         356  0.32294731613854971       0.22153041596011064       -1.4146791448691402E-003  0.98835597978780254        1280677.5733209376        188.46314208734015        4.4496284452895658       0.43824730576012594                0           0   3673.3018174480535        1.1488556879049804E-003  0.50000000000000000             1058   6.7346111553040877E-002           0
          85          86   8.0567479673496034E-002   7.0359839832317903E-002  -1.6540594186675728E-004  0.98642166572395873        1357017.8794508749        127.71821781941760        7.3166376331021485       0.31765980658392595                0           0   3466.6567986181526        1.9401392259058692E-004   6.2500000000000000E-002         788  -5.6284104839491367E-002           0
         387         388  0.11696728908539532        8.3148869844046139E-002  -2.2937386549373164E-004  0.96120936173676297        1621785.4956449438        158.01422219071443        7.5579630294387501       0.53996439797433438                0           0   2900.7012766345988        4.6600454102758662E-004   1.3636025046615552E-005        1090  0.13477840488522763                0
         103         104   9.4240900685283069E-002   8.1646476448274677E-002  -1.9581474411928143E-004  0.97430932578693863        1543295.6101144454        146.43699954217337        7.0166046098300505       0.15606801200219064                0           0   3048.2269416265021        8.8618227905427590E-004  0.25000000000000000              806  -5.0020102095673827E-002           0
          65          66   8.1196656538748205E-002   3.2700733033609646E-002  -6.2627861262289943E-005  0.98184767372588766        2149336.5504112290        157.99647215383459        10.924886335060677       0.55967570274942602                0           0   2188.7290088398181        1.9363885980735446E-004  0.50000000000000000              768  0.17593114382802033                0
          15          16  0.12041882448822794        4.7134796559794988E-002  -1.1370748620294229E-004  0.97825164521118502        2263928.7909641471        186.02285177799217        11.866012410068025       0.60070819001480280                0           0   2077.9431210119114        1.1281688166013199E-003  0.50000000000000000              718  0.17955166085224888                0
         243         244  0.10897784068549871        6.2870305948584129E-002  -1.2688985103554134E-004  0.99345305026723485        2514966.0648626112        201.22235189126619        13.565077563464527       0.37727521750271831                0           0   1870.5283237695505        1.2297376519750148E-003  0.50000000000000000              946   7.3521750915012105E-002           0
         265         266   8.4095384718170976E-002   3.6296916915751078E-002  -2.5179301278585359E-005  0.98201200505337471        10108045.941207498        451.77017971371430        6.6164750376909387       0.51825561798812247                0           0   465.40303487013927        2.6779952764377918E-003   1.6550773876964484E-004         968  0.21587767608978353                0
         127         128  0.41687934908818136       0.27898104023835063       -1.0601324713850049E-003  0.99434194081511351        3619474.9262651657        408.83142482301037        10.888790070670334       0.30147860018683609                0           0   1299.7231237899509        2.4997052625840904E-003  0.25000000000000000              830  -2.3551303036627169E-003           0
         217         218   8.1228311512873880E-002   6.5270211912634449E-002  -8.4864059256294254E-005  0.97696892315676265        3390006.8490829859        232.81876606981328        13.543007116552955       0.73096811164742714                0           0   1387.7008121435813        1.4110585494170628E-003  0.50000000000000000              920  0.32160763074985055                0
         143         144  0.25022565110097550       0.15769561095085233       -3.9893226177458845E-004  0.97378367469115990        4047244.7606835263        368.61381757316616        10.526504371626025       0.64652626222629284                0           0   1162.3500766111972        2.2305190603367172E-003  0.50000000000000000              846  0.21785698601677367                0
          61          62  0.16574606629006447        5.1105325148539382E-002  -1.0680914848388477E-004  0.98146224652464376        3985102.7316611102        295.54272204541036        8.0384650308312011       0.44556109781158348                0           0   1180.4752786595950        1.7952874583487142E-003  0.50000000000000000              764  0.28016991631085686                0
          29          30   9.2064989403419284E-002   3.8673592252436655E-002  -4.8326417632826574E-005  0.98790084533106615        4595724.3541263249        274.56410217347485        7.0214236276391215       0.83343768257680440                0           0   1023.6286807368981        1.6733196375634911E-003  0.25000000000000000              732  0.51033930042178344                0
         405         406   8.7236661288412828E-002   5.5735761705262711E-002  -1.4072219982536795E-005  0.99445045527554632        44632234.652881853        1287.6258805654079        12.792223713797735       0.68921893490707287                0           0   105.40174145954420        7.8733128566099032E-003  0.50000000000000000             1108   1.2956921061202276                0
          45          46   8.6894120985331738E-002   8.6164685909330241E-002  -8.2040856412477007E-005  0.98387083180607882        5506893.1944410549        340.10174038637848        9.0399969109037581       0.64910151041005459                0           0   854.25939664011355        2.0685513436049150E-003  0.50000000000000000              748  0.47187426435714264                0
         161         162   9.3309048906446132E-002   9.2827486138433946E-002  -9.1370325211200256E-005  0.98843317757889071        5621421.9917908031        353.27631168714498        9.3253718917018560       0.46408502587957989                0           0   836.85502787634005        1.9604791617605119E-003   2.9015514872742368E-005         864  0.12353238774118463                0
         289         290  0.10428359770713377        2.3242149003040714E-002  -2.7029361547650974E-005  0.98098915244539953        6248201.6886920771        334.17644546372816        13.261475074593466       0.16265544143621377                0           0   752.90707503225747        1.3288304309127677E-003   9.2101051415554539E-004         992  -4.6608858424197465E-002           0
         115         116   9.5073144526220191E-002   4.6025486525321645E-002  -4.6726263478262970E-005  0.98361077625756288        6339435.9430684811        348.99124241529205        9.8992383871083725       0.48624486776316017                0           0   742.07158174513086        2.1223306805025111E-003  0.25000000000000000              818  0.16990558676898640                0
         223         224  0.13901763968801717        6.0776114313866474E-002  -7.7058084350019787E-005  0.98945952601215503        6749245.4727946948        408.60527460576185        8.1722247828670120       0.32543807637447764                0           0   697.01350715531510        2.1137062940077772E-003   2.3540520099327281E-004         926   9.9833094158575164E-002           0
         199         200  0.11230093762090229        4.7925291740752780E-002  -4.9845320530023470E-005  0.98557578802919299        7365259.5215128316        402.38621163417127        10.340962675085889       0.40378692779447334                0           0   638.71683596540686        2.4494184751019071E-003  0.50000000000000000              902  0.76408937074251759                0
         373         374  0.15845034820673778       0.15233439132851201       -1.7085687356524615E-004  0.97952681521609963        7914572.1509974021        526.47534817477992        7.8468758139167969       0.40125203689849753                0           0   594.38655279071793        3.0890996268355935E-003   1.1262860825517417E-004        1076  0.10783126031197629                0
          69          70  0.10464422723177559       0.10349050793134676       -8.6377732787562200E-005  0.98042651398566583        8085705.8082159301        467.23280664956275        10.808734986641596       0.16617132482028210                0           0   581.80638391081243        2.8368343572848856E-003  0.50000000000000000              772 -0.16233684859154668                0
          51          52  0.11606384615255892        9.5064690585184505E-002  -1.2276543213329298E-004  0.98205345115529663        4872545.5793825211        334.93415447263214        2.8677201193254280       0.45508477973444078                0           0   965.47383313362923        1.9892380511386115E-004  0.50000000000000000              754   6.4401743082320106E-002           0
         267         268  0.11152016154947933        1.9237634443879208E-002  -2.0555818422802804E-005  0.97570981568585957        7748022.2729239501        388.94627912742232        4.3342482055059399       0.54618149441923247                0           0   607.16336271829630        7.2775848127010570E-004   6.7222606971346595E-004         970  0.15284630175900135                0
         367         368  0.20322917187314732       0.17631903439505672       -1.9839448862502790E-004  0.98268519213610950        10353071.693002421        673.09285269618795        14.686828494416458       0.52359082583171068                0           0   454.38835904366243        2.9319119811608407E-003   4.0444123522363979E-004        1070   1.5337749206944000                0
         305         306   8.5255713978393793E-002   1.6586699482616780E-002  -1.1931200371230782E-005  0.97557216214542408        10624387.113807641        441.69112072417624        15.719173948194239       0.25043249540923107                0           0   442.78462439785847        2.6751951435917505E-003  0.50000000000000000             1008   7.7414231714850110E-002           0
         325         326  0.14296285691723640        1.8018411898666035E-002  -1.7591034512000332E-005  0.98525910189351285        11605238.715074902        545.71725305743564        5.1145513167394228       0.38311879005233718                0           0   405.36135215676182        1.9976652747874619E-004  0.50000000000000000             1028   2.6762212100540139E-002           0
         119         120  0.12744757891135747        8.2887871857059842E-002  -6.3848789170769046E-005  0.98269985033698937        12193204.574003790        616.57973866081329        7.9769382714724433       0.25299378168163100                0           0   385.81451078697370        3.7479255214838184E-003  0.50000000000000000              822   6.8185059082899818E-002           0
         133         134  0.13034205300579016        4.8697333779162973E-002  -3.8327273997813114E-005  0.98105109245685140        13234808.215117820        617.16479662288555        9.7935197733504573       0.49393411162128453                0           0   355.45020231355750        2.7514669001436048E-003   5.6699997141746719E-004         836  0.21078574247701506                0
          17          18   8.8310858010865509E-002   3.6165089814597706E-002  -2.2321003472730643E-005  0.98140412768925933        12747100.610456508        533.22349031307033        8.2938011207703415       0.35729853657338750                0           0   369.04982563531280        3.2391129273980847E-003  0.50000000000000000              720  -4.3161904628869277E-002           0
         275         276  0.13196141201412448        6.9014568623332620E-002  -4.7734017377277101E-005  0.97886463403948465        15446737.551816313        711.01552048883207        13.527088481914234       0.42466106006671639                0           0   304.55073389212885        4.3089692518211396E-003   6.6379053783394073E-004         978  0.37031310482480129                0
         221         222  0.10685030920939192        6.9974509155263417E-002  -3.1625218276914070E-005  0.98463071368332777        22715420.821101420        881.05181135337443        10.516861478855811       0.21606274629887331                0           0   207.09786953516198        5.0502943133146870E-003   4.6311930693294070E-005         924 -0.19822674279632779                0
         157         158  0.17882018552997023        8.7937108552675433E-002  -4.2075863418651096E-005  0.98506943721613183        36757384.900010273        1392.7559485953500        8.4455029919269098       0.37098922935205825                0           0   127.98286032702637        8.3890847284318667E-003   4.0192560381481902E-004         860   5.7105592966526231E-003           0
         145         146  0.11284151051838727        7.1741434973604884E-002  -2.4259765548829386E-005  0.99379674277756280        37282237.518337473        1243.5741529620436        15.005854283108398       0.41399123777438263                0           0   126.18114069282775        6.3203830823689022E-003   2.1106647198898150E-004         848  0.14774278108490085                0
         399         400  0.17014458503807270        6.6018282057290864E-002  -2.6984118301392463E-005  0.99072572544539639        45922402.447928540        1551.2916492763468        8.9547361740849283       0.22154352934353586                0           0   102.44053026143376        4.3059022565303928E-003   7.7772365656529713E-005        1102 -0.12817885418020741                0
