 122 697   1   452 102   0      0.7   0.46   4.88  5.760     0.0  -0.2385   0.0000
  -1.210356   0.000000   0.288713   0.062472  -0.571267   0.053723   0.000000   0.000000   0.000000   0.000000
   0.00000   0.00000   0.15201   0.03415   0.00000  -1.21036   0.00000   0.00000  -0.92164   0.77512   0.21060   0.00000   0.00000
 NAME(I1)    NAME(I2)    M1[M*]                    M2[M*]                    EB[NB]                    ECC                       P[Days]                   SEMI[AU]                  RI[PC]                    VI[km/s]                  K*(I1)      K*(I2)      ZN[NB]                    RP[NB]                    STEP(I1)[NB]              NAME(ICM)                 ECM[NB]                   K*(ICM)      
           3           4   8.7970317491499028E-002   4.9196061553816367E-002  -9.2897646351125171E-004  0.98018963898304645        71340.815372945974        17.361255191394889        7.4909375757598458       0.18304894575903446                0           0   65941.428242054317        1.0539810829294615E-004  0.50000000000000000              706  0.11035614854921542                0
          57          58   8.8793517676333700E-002   7.4789808565780366E-002  -1.3944536633748324E-003  0.99288618157622466        67519.482439442989        17.747571380570307        13.491534371830706       0.64909128219359835                0           0   69673.449613065080        1.0843421479498632E-004  0.50000000000000000              760   1.1521767218147716                0
          59          60  0.52934127945164156       0.11516011942956719       -3.1001072744619322E-002  0.99635260950274573        9025.0375450904266        7.3279160146024838        16.924089701573394       0.82832549270525313                0           0   521251.59969045070        4.4850020571511419E-005  0.50000000000000000              762   1.4518251998920362                0
          63          64  0.11284127030153632        5.3401276685359052E-002  -1.4468849236327175E-003  0.97984293960292113        54774.265105649982        15.520472950299069        12.072869063554439       0.38824353211962442                0           0   85885.502043175962        9.4206442072616631E-005  0.50000000000000000              766  0.23326282779456400                0
          83          84  0.10272953417562042        4.1373672231505683E-002  -1.2819188696754095E-003  0.97370419826673227        41789.837138321200        12.356008093958177        13.938708236409042       0.36372103779840848                0           0   112570.79662870750        7.4766174595093939E-005  0.50000000000000000              786  0.23217401390262199                0
          87          88  0.10306885414503236        3.0345968261083246E-002  -4.1821248241819420E-003  0.98428134930470224        4652.7998571211401        2.7870887101701558        15.228741084176967       0.31038776334066959                0           0   1011071.9141389197        1.6955045282497800E-005  0.50000000000000000              790   8.7824684403923881E-002           0
         105         106  0.12790761581087476        8.1406408734692293E-002  -3.3640542461646258E-002  0.96974758674909145        989.02684361157492        1.1534833915785283        18.611117291707064       0.31994895745586566                0           0   4756509.1767037120        6.9657331703446991E-006  0.50000000000000000              808  0.11607482851089389                0
         131         132   8.4797441590329786E-002   6.4637458177469395E-002  -7.7121942017657882E-004  0.98912831439601701        128788.41655396212        26.485513546867381        8.0476858632723562       0.44633697098577352                0           0   36527.471829531067        1.6151620773559698E-004  0.25000000000000000              834  0.12176100066857701                0
         137         138  0.13717930409073115       0.13193897190263901       -4.0334545728335997E-003  0.97817964388784162        48147.574536657077        16.722602131164937        11.690937120044135       0.20259673584216389                0           0   97706.173216745112        1.0141787278782275E-004  0.50000000000000000              840  0.66870230985112533                0
         167         168  0.11739175763496201        6.6852661947444644E-002  -1.3371095085191684E-003  0.97921691183512483        87047.450602289726        21.873015901955345        12.760757138776091       0.67830184048194464                0           0   54043.113555826756        1.3272323952673876E-004  0.50000000000000000              870  0.41893002535828694                0
         177         178  0.17518944591650459       0.15841447355487015       -4.8844045916293037E-002  0.97081544669269548        1948.4551180766894        2.1174370246531056        3.7553725345445721       0.80632783299661837                0           0   2414382.1502485364        1.2793853451865820E-005  0.50000000000000000              880  0.50979192673323470                0
         181         182  0.16494482085752635        4.8117280213717237E-002  -2.2342341753636167E-003  0.98308070947828008        38113.841390388654        13.238244572811659        5.3238871421796627       0.30929080350305771                0           0   123428.00111539195        8.0485139620415977E-005  0.50000000000000000              884   4.9550993263595897E-002           0
         193         194  0.13607741833753259        1.4509867592654014E-002  -3.3139095177587647E-004  0.98026160729439438        98477.807758994706        22.203845682541278        15.672321506628656       0.72471627583314369                0           0   47770.308506030713        1.3480179630591914E-004  0.50000000000000000              896   1.1894628443654613                0
         195         196  0.23980714281985319       0.16746154432118399       -1.7866781603804005E-002  0.96643523058497638        13874.745800257982        8.3762612435180923        10.979373057837535       0.98990061114734129                0           0   339055.96004197007        5.0498069052990366E-005  0.50000000000000000              898  0.75011602518124398                0
         207         208   9.9440827635248155E-002   5.0100703362626467E-002  -8.7683211256005204E-003  0.98112175417415370        2910.2243960466299        2.1174416066239212        4.0248586742801438       0.73428090652908173                0           0   1616478.5313583727        1.2860786271453537E-005  0.50000000000000000              910  0.45642734268545848                0
         225         226  0.11258739991983015        4.7810171057872303E-002  -9.4939383745014589E-004  0.98185672257896206        88575.957032427817        21.129198100363176        15.841797019152832       0.64589202335248130                0           0   53110.521356517827        1.2838083044770557E-004  0.50000000000000000              928   1.1135427879973021                0
         235         236   9.9158490776633662E-002   3.5661683213779022E-002  -5.1301121046354124E-003  0.96614283730650707        4095.4263718306088        2.5687641194955386        6.8062780101922256       0.30352570055104100                0           0   1148675.3345151674        1.5484037106406675E-005  0.50000000000000000              938  0.12435988918179075                0
         239         240   8.3253089810449737E-002   5.9845060969569666E-002  -7.4110620056441019E-004  0.97866503909393976        121080.59857328323        25.053451414275163        15.605776780715649       0.47982997287017454                0           0   38852.758518512826        1.5197941044801133E-004  0.50000000000000000              942  0.14816661335999401                0
         247         248  0.12867704596478571        5.6124925773135610E-002  -4.8755267774440045E-002  0.97148621675522984        348.47281385192167       0.55201979559906922        19.181450185795054       0.60545685768402024                0           0   13499805.639483234        3.3365167437779866E-006  0.50000000000000000              950  0.54686679918147552                0
         249         250   8.3325272192247987E-002   6.4931060179189190E-002  -5.9417119074347373E-003  0.97581540753508467        5929.7866670524481        3.3934150410168407        16.610095140137854       0.47879559111037062                0           0   793336.34104971308        2.0555510157367267E-005  0.50000000000000000              952   1.3358133749145671                0
         271         272  0.13618545113931463       0.10282415591629936       -1.7643068358636144E-003  0.98806680624688603        120181.93023047518        29.578155387187675        6.5468047173933899       0.49540515270751584                0           0   39143.282593508091        1.8027976026539725E-004  0.50000000000000000              974   8.5846424814082667E-002           0
         287         288   8.8414603939471620E-002   4.2704642040310346E-002  -5.8515194294090581E-004  0.98093659039144399        118941.02246670357        24.046383900145148        2.9220480836519021       0.61317357966420860                0           0   39551.663169548527        1.4603779329379048E-004  0.50000000000000000              990  0.21307985452990524                0
         291         292  0.10251315781699964        2.9651563345757474E-002  -1.1831110334550475E-003  0.98075559013170377        29765.556837160901        9.5746088155111213        9.4751206097215466       0.59243751983142623                0           0   158045.59892431262        5.8142920318824777E-005   6.2500000000000000E-002         994  0.24136009423830224                0
         303         304  0.77980953382043972       0.33783563817501155       -5.2382472905160467E-002  0.97671789874474535        28033.625192942258        18.742492285908785        5.9123907482784723       0.63427336857485883                0           0   167809.73653129677        1.1358394461059082E-004  0.50000000000000000             1006  0.22986733908970444                0
         311         312  0.16827131513595273       0.11782564957455051       -9.1314488263872420E-003  0.97485864189666582        15717.300866973132        8.0915100549741776        14.454985767454746       0.17315202315582728                0           0   299308.08714936365        4.8990345746074786E-005  0.50000000000000000             1014 -0.14260244049803619                0
         321         322  0.12252965187021556        4.0765808550071510E-002  -1.0952504619379879E-003  0.97557453106160041        63331.226025514967        16.995860241612995        16.786322481600958       0.43489584436797601                0           0   74281.133539866772        1.0293936416602254E-004  0.50000000000000000             1024  0.78468068830403648                0
         323         324  0.13577855073708561        2.1714876777924844E-002  -1.0672784058174505E-003  0.97737634574565457        30402.145619620234        10.295090097572151        12.172826509714893       0.61403551517232269                0           0   154736.29119810546        6.2411468000077191E-005  0.50000000000000000             1026  0.38849799095640231                0
         337         338  0.14234346256931027        4.8688670540606271E-002  -2.7220309402593351E-003  0.98436219341894415        24424.438780536861        9.4883723855236379        16.360432552704417       0.43759878272334640                0           0   192606.89262565569        5.7724153992768256E-005  0.50000000000000000             1040   1.5593324038568608                0
         357         358   7.9717634398698847E-002   3.5168480550120958E-002  -1.1543449013877967E-003  0.99034897964864510        29342.295402160125        9.0508997532508531        13.577356525705138       0.51292499903076394                0           0   160325.40035359471        5.5228836842580753E-005  0.50000000000000000             1060  0.89437367072876117                0
         363         364   8.0030474895858961E-002   2.5241398542184282E-002  -3.2505135387658957E-004  0.96900162088983910        125469.53716214608        23.159872534501439        10.065030958175260       0.68597684003421944                0           0   37493.684634903126        1.3980643129274424E-004  0.50000000000000000             1066  0.47929910299638645                0
         371         372   9.0756420354949963E-002   8.9399293653254358E-002  -1.4941626717007766E-003  0.97790038526241019        78336.750524128642        20.236383406048532        7.8654518315968742       0.41104870296288021                0           0   60052.468683849453        1.2271064128272370E-004  0.50000000000000000             1074  0.20603502460882678                0
         383         384   9.3433970454860987E-002   6.5975786712685114E-002  -2.9999592269293533E-003  0.97176827062077331        19385.313257799193        7.6576121486429507        12.798248299689337       0.50268004387130316                0           0   242674.19334851863        4.6290742961604388E-005  0.50000000000000000             1086  0.51477052946412538                0
         395         396  0.10118924464727580        7.2387835402996439E-002  -4.0679476328368365E-003  0.98184110250843104        15239.121285685993        6.7103307468978812        7.6580337558593845       0.47385089312144940                0           0   308699.90266850201        4.0771591993552411E-005  0.50000000000000000             1098   5.7696038605397265E-002           0
         401         402  0.11008182267075275        8.1520559788653676E-002  -2.1754919003101718E-003  0.98946501741247106        50292.904508829961        15.372504553420699        9.5672190569531210       0.45887667861013826                0           0   93538.349069078395        9.3761781152373525E-005  0.50000000000000000             1104  0.16388187323533066                0
         219         220   5.9461379470541447        2.5291364086335988      -0.75299076982192070       0.98221912150944157        80559.862777643633        74.428097414589246        9.4248741784888654       0.23574986890269489                0           0   58395.273967004177        4.5230718866207646E-004  0.50000000000000000              922  0.17311016304677329                0
         159         160  0.52009082554844766       0.13749382338007102       -6.8562166579241961E-003  0.98252657550525302        109146.58921206869        38.868446659729038        4.8793064717939654       0.56982223503488694                0           0   43100.891119047374        2.3624417772278330E-004  0.50000000000000000              862  0.21825337920584120                0
           1           2   2.0244841138268650       0.61000484406818434       -7.0741485713423660E-002  0.98738152934187551        118081.33591071346        65.056817812538299        13.920588181289020       0.46886695058103744                0           0   39839.617509086311        3.9638661146352313E-004  0.50000000000000000              704  0.10256862217247698                0
         283         284  0.18094602805437388        8.1870494517192083E-002  -1.6064068193646895E-003  0.97697797871714775        143540.44546752289        34.366892541613126        5.2303229992795144       0.29827555553189233                0           0   32773.447527785116        2.0829891525217590E-004  0.50000000000000000              986  -4.4694303203305433E-002           0
         185         186  0.24628085064239766        6.9358336926096664E-002  -1.8551080494142963E-003  0.99057546901522908        130681.44545928008        34.314639623851313        10.547730814911763       0.55684384495740802                0           0   35998.341165507023        2.0941269287605858E-004  0.50000000000000000              888  0.25130446043324101                0
         191         192  0.17819880543248182        5.0730547014061628E-002  -8.9966543292994278E-004  0.98450778698896024        174927.64032278312        37.446621017460309        16.018484752379724       0.61919222336483171                0           0   26892.921261409472        2.2782970840593575E-004  0.50000000000000000              894  0.50375960273561349                0
          71          72  0.16939743337267674        2.6319217633798585E-002  -4.7647967898261517E-004  0.96976219828091648        170003.73667627125        34.870225322542275        10.051155249260027       0.26936051483734352                0           0   27671.834452691655        1.5082883319385277E-004  0.50000000000000000              774 -0.14229548864746777                0
          53          54  0.10539273585624893        8.3691576402142989E-002  -9.4861616487088496E-004  0.98840746126056767        171334.30925667207        34.651436372167325        12.368416681848586       0.29145575498769932                0           0   27456.936547351612        2.1096666920612941E-004  0.50000000000000000              756 -0.17454869854549293                0
         245         246  0.10614450888457336        7.9534736728126665E-002  -8.8338078697462622E-004  0.97533507163214717        180155.36208468804        35.614411017835778        12.464625080496187       0.20709999794838999                0           0   26112.546433302068        2.1568078356416255E-004  0.50000000000000000              948  0.14742136137374914                0
         331         332  0.12214104311112879        9.8521910482032543E-002  -1.1537755047203683E-003  0.97154055198387024        188414.45473505274        38.868024797675822        13.426782876808167       0.29638804260693752                0           0   24967.910579153504        2.3493249830021899E-004  0.50000000000000000             1034   2.9441410433804042E-002           0
         203         204  0.10958957416913398        5.6611292613942377E-002  -6.2817234305771752E-004  0.98494187057407623        200051.97130642890        36.805509599966030        13.041882894477045       0.16110597742537752                0           0   23515.465640870621        1.6988547057778460E-004  0.50000000000000000              906 -0.19261588237300803                0
          21          22  0.17137201111473407        1.8580527211685235E-002  -2.8964617018065918E-004  0.97725619083110171        219756.57682243298        40.968444197440832        7.7326399692905383       0.24271489609541125                0           0   21406.937283364805        1.8343950172520064E-004  0.50000000000000000              724   9.6313842468937233E-002           0
         369         370  0.35577330781196675       0.28758888866695975       -6.5923629871082615E-003  0.96841922705639494        200307.85819162280        57.839387851881206        17.405064054122004       0.43942684534816184                0           0   23485.425385280789        3.4904883910831302E-004  0.50000000000000000             1072   1.6806913455342247                0
          77          78   9.3430964505624117E-002   2.0354482771848002E-002  -1.6334883162896549E-004  0.97425183352183942        309441.22681298596        43.386459025179242        13.708559273807449       0.52059395408979448                0           0   15202.613129787858        1.8457846561722538E-004  0.50000000000000000              780  0.92343051867821047                0
         315         316  0.30834333591613694       0.21242803698149326       -3.5544000840579989E-003  0.96932722246065328        288048.63087816222        68.675120176768687        10.227325611283174       0.36427539658835578                0           0   16331.670257563481        4.1463143421502049E-004   3.1250000000000000E-002        1018  0.22162723298679746                0
          89          90  0.20842321107894346       0.10223825271363279       -1.3435582502014560E-003  0.98702482580270168        297769.38109927031        59.104743533761280        7.8044665082750262       0.77247089719110451                0           0   15798.519109916271        3.6005640583131949E-004  0.50000000000000000              792  0.42846025935829718                0
         155         156  0.50373356431637750       0.18870347651975347       -4.6345267489272665E-003  0.98128177235206437        293320.33962033020        76.435433608783669        11.131702736106757       0.68789419400297147                0           0   16038.148816184937        4.6428632181207922E-004  0.50000000000000000              858  0.41928034035235029                0
         187         188  0.16652052450678573        4.4390738220572948E-002  -5.1200105471243477E-004  0.98740860044556455        313872.49940009229        53.803263366689940        7.4309841345699077       0.67894132462155132                0           0   14987.981637882163        1.5401396217716847E-004  0.50000000000000000              890  0.31096187186572044                0
         255         256   8.3811449474318997E-002   3.0344259974373743E-002  -1.9498774621546684E-004  0.99476358635673934        366335.73421504453        48.606227887337262        11.467601210069398       0.46497196569228444                0           0   12841.540746017587        1.7373772739312873E-004  0.50000000000000000              958  0.28260482425074690                0
          93          94   8.5361728603296438E-002   7.1347741082274679E-002  -4.1080252103106030E-004  0.97812880800934654        378910.90214675880        55.249666982163497        13.068168832452091       0.39849585243187075                0           0   12415.359998859836        1.7179347800011020E-004  0.50000000000000000              796  0.39426770203248102                0
          51          52  0.11606384615255892        9.5064690585184505E-002  -1.2277047817380282E-004  0.98216546894862911        4872245.1796842050        334.92038820457867        1.9441414790390716       0.44137143635425258                0           0   965.53335970454452        1.9588536546835959E-004   3.1250000000000000E-002         754   4.7726951175749072E-002           0
          67          68  0.52597586808430075       0.46375414949012228       -9.5351984985231255E-003  0.98266064699714351        341740.68956755206        95.332992401100725        16.841374574934719       0.41137069290392497                0           0   13765.745201713413        5.7947742737167690E-004  0.50000000000000000              770  0.11794143402667373                0
         213         214   8.6717284611907239E-002   1.7710005955573944E-002  -1.1427078035879827E-004  0.98213695314694749        400632.33674856107        50.085097135765906        8.0693957303490986       0.35345373175365835                0           0   11742.225542311169        1.5552041722878169E-004  0.50000000000000000              916  0.17853892225596099                0
         313         314  0.11479116130453372        5.7685466757393881E-002  -3.9453446450446250E-004  0.99253727403468150        435049.79924732697        62.547398305763593        4.7914912858216798       0.39680145969769737                0           0   10813.279918261374        1.7042172232509015E-004  0.50000000000000000             1016   9.1173701087693043E-002           0
         365         366  0.29906545429998188       0.27572229150032296       -3.4223050706489746E-003  0.97703614846779008        409915.73603235272        89.792227251814452        13.607124967309572       0.29593842050761709                0           0   11476.298283102440        5.4424978456707430E-004  0.50000000000000000             1068 -0.23179158312160947                0
         201         202  0.41909726131645580       0.36316033186407948       -5.4401348907038797E-003  0.97784193266974673        439642.50440806977        104.26124217537117        13.057588040390147       0.39120985624369348                0           0   10700.319487940789        6.3220712582260643E-004  0.50000000000000000              904   4.8630746898816780E-002           0
         171         172  0.11855449161888632       0.10910379859810015       -6.3808363105355751E-004  0.99690688946593098        502629.43037454027        75.543937317710842        3.0921296927338853       0.22947786831237635                0           0   9359.4106778413025        1.6222029374787257E-004  0.25000000000000000              874  -8.2980076000733691E-002           0
         347         348  0.19457293008789711        9.8264029982305379E-002  -8.4213227326918961E-004  0.97623178622328566        525292.62380639045        84.608893442837001        5.9336832381957310       0.42158786398862469                0           0   8955.6088253366652        5.1262384884362530E-004   6.2500000000000000E-002        1050  0.17588128606103667                0
         343         344   9.9716206803828866E-002   3.9838043689421537E-002  -1.9541286924161294E-004  0.98547806040898511        644708.77578794607        75.758248904357316        17.524003456303856       0.62148618470432360                0           0   7296.8066114739531        4.6110969753691106E-004  0.50000000000000000             1046   1.8243575369402778                0
          55          56   8.3915877860446200E-002   1.7498204653530233E-002  -7.7740196882517218E-005  0.96898154446861051        677342.13462491788        70.390059717499767        13.547613316276999       0.15393030924855799                0           0   6945.2570823012566        1.8325936041652929E-004  0.50000000000000000              758 -0.19781031011184450                0
          99         100  0.11123848720615616        3.9011678252708890E-002  -1.9764343022701515E-004  0.98119635498491209        697449.45099556562        81.825121918085514        10.390075695958217       0.54310069909747694                0           0   6745.0268272914218        1.9609050585244134E-004  0.50000000000000000              802  0.14115863331585468                0
         391         392  0.13558686976987694        5.7578981684498085E-002  -2.5446740011902898E-004  0.98428057182237338        1015963.8259505472        114.33226250480101        12.891216283190852       0.35477902585566579                0           0   4630.3964151906221        1.9855493643177781E-004  0.50000000000000000             1094  0.14426198406642315                0
         385         386  0.12648191059682606        5.9749107023494945E-002  -2.5030111744847215E-004  0.99192399726360403        1010156.8010307509        112.51654391747591        14.236070353007023       0.28173510785502559                0           0   4657.0148840700185        1.9971473045980897E-004  0.50000000000000000             1088  -1.0982272104875904E-002           0
          41          42  0.11122608390456809        8.6847116325004775E-002  -3.0034655602715249E-004  0.97689552612968544        1076875.4069236529        119.85571002551679        3.3632192698999268       0.81633105672782691                0           0   4368.4861102769009        1.9934720720389158E-004  0.50000000000000000              744  0.51148441155937174                0
         345         346  0.55774375829353751       0.47607345656862060       -4.7923803546830179E-003  0.97923176074338625        1065819.0059203701        206.47940675782556        2.2037907727813275       0.24228038736994228                0           0   4413.8031237137029        1.2529054742208931E-003  0.50000000000000000             1048  -3.1591253633286590E-002           0
          73          74  0.94128231410560004       0.69908498357263338       -1.0547991353088345E-002  0.98595090542721642        1010924.7705775029        232.48741209934116        13.273575151984838       0.48554607162734192                0           0   4653.4770880699325        1.4155097427745917E-003  0.50000000000000000              776  0.32405662924972561                0
         285         286   8.9462339041284894E-002   4.2834040765278178E-002  -1.2838168338598593E-004  0.97556116315563901        1178106.6063545495        111.23605151706303        8.5386292483805697       0.65444049977083529                0           0   3993.1150816660524        1.4410236536712358E-004  0.25000000000000000              988  0.21673936754391215                0
         293         294  0.55382231722128972       0.12326253909399966       -1.3046202120956597E-003  0.97555013427591697        1208714.8768618368        195.00098063437505        13.191207138870409       0.47245552263677032                0           0   3891.9974823661364        1.1809822740092247E-003  0.50000000000000000              996  0.99417518402221317                0
         123         124  0.67985937278035102       0.12376754478802159       -1.4259437356367586E-003  0.97763450747397851        1328700.8239903566        219.90890269502705        10.154720384642269       0.53836714822708476                0           0   3540.5376234484115        1.3330674591925293E-003  0.12500000000000000              826  0.35001149010102367                0
           7           8  0.10772050310063933        1.1526931384030817E-002  -3.7943697728780554E-005  0.99082248886431246        1424470.1409572540        121.95279694780302        9.3065350468376700       0.43679480146091437                0           0   3302.5018372680170        1.6260639909577266E-004  0.25000000000000000              710  -2.5132731272432429E-002           0
         355         356  0.32294731613854971       0.22153041596011064       -1.4146791448691402E-003  0.98835597978780254        1280677.5733209376        188.46314208734015        6.6206165238008694       0.41657703717102290                0           0   3673.3018174480535        1.1488556879049804E-003  0.50000000000000000             1058   6.7320110896043506E-002           0
         117         118  0.40216802461087314       0.11268199431891886       -9.3948131643061938E-004  0.97690707695788359        1226845.1060164988        179.76007936485891        15.276156421580778       0.51272694232979443                0           0   3834.4818221751120        1.0894929361876689E-003  0.50000000000000000              820  0.95842577122228578                0
          85          86   8.0567479673496034E-002   7.0359839832317903E-002  -1.6540594186675728E-004  0.98642166572395873        1357017.8794508749        127.71821781941760        6.8862367552975190       0.30373863040235977                0           0   3466.6567986181526        1.9401392259058692E-004  0.25000000000000000              788  -7.2549936892863390E-002           0
          47          48   9.8900608463481726E-002   3.1153535981132970E-002  -9.0443949087021743E-005  0.96929450295796848        1448762.9164048610        126.95392421516813        15.637246983639709       0.80863102254393426                0           0   3247.1256714098058        1.9207619232510233E-004  0.50000000000000000              750  0.40658170515913372                0
         387         388  0.11696728908539532        8.3148869844046139E-002  -2.2937083857651195E-004  0.98785344030447020        1621817.5988538957        158.01630744258460        7.6830627035793873       0.39049335203635571                0           0   2900.6438584519019        4.9175195565994638E-004   1.3996610191049992E-005        1090   6.0659439257816833E-002           0
         103         104   9.4240900685283069E-002   8.1646476448274677E-002  -1.9581474411928143E-004  0.97430932578693863        1543295.6101144454        146.43699954217337        6.5425213503528905       0.15698733422332470                0           0   3048.2269416265021        8.8618227905427590E-004  0.25000000000000000              806  -4.3667697889370097E-002           0
         215         216   9.9764396033006283E-002   5.7531129034738331E-002  -1.3467170227244636E-004  0.99202500142069505        1843377.2888768672        158.82594977762659        17.686792440992793       0.29009074422346914                0           0   2552.0089056272404        1.9606910170443681E-004  0.50000000000000000              918 -0.28042640304484684                0
          65          66   8.1196656538748205E-002   3.2700733033609646E-002  -6.2627861262289943E-005  0.98184767372588766        2149336.5504112290        157.99647215383459        10.541192229210948       0.55746777904392331                0           0   2188.7290088398181        1.9363885980735446E-004  0.50000000000000000              768  0.14575099617251958                0
          15          16  0.12041882448822794        4.7134796559794988E-002  -1.1370748620294229E-004  0.97825164521118502        2263928.7909641471        186.02285177799217        12.437494924595420       0.58073998969437324                0           0   2077.9431210119114        1.1281688166013199E-003  0.25000000000000000              718  0.22023970294216674                0
         243         244  0.10897784068549871        6.2870305948584129E-002  -1.2688985103554134E-004  0.99345305026723485        2514966.0648626112        201.22235189126619        11.859434239620176       0.35140326095207985                0           0   1870.5283237695505        1.2297376519750148E-003  0.50000000000000000              946   8.9465769733159409E-002           0
          37          38  0.10983277472157330        9.0349772612143470E-002  -1.6313461273031012E-004  0.98167519740275366        2786284.6185355540        226.68993556755197        16.107149488520989       0.58563573463405416                0           0   1688.3828831949368        1.3772225981147541E-003  0.50000000000000000              740  -8.2773674041687839E-002           0
         403         404  0.17519688796893346        3.8994197612049461E-002  -1.0593104163369433E-004  0.98389484903510738        2940513.8694312372        240.33801450421439        13.509593955078063       0.45965018265074059                0           0   1599.8276037904509        4.0641211972459388E-004   4.1194895895849403E-004        1106  0.12921649247505762                0
         127         128  0.41687934908818136       0.27898104023835063       -1.0601324713850049E-003  0.99434194081511351        3619474.9262651657        408.83142482301037        11.702926261351147       0.25155991007346989                0           0   1299.7231237899509        2.4997052625840904E-003  0.50000000000000000              830   2.8431075649237511E-002           0
         217         218   8.1228311512873880E-002   6.5270211912634449E-002  -8.4864059256294254E-005  0.97696892315676265        3390006.8490829859        232.81876606981328        14.950698522325713       0.76970471484003600                0           0   1387.7008121435813        1.4110585494170628E-003  0.50000000000000000              920  0.28189855808826592                0
         175         176   8.2952047495663137E-002   3.6571247402372269E-002  -5.1727484057635739E-005  0.99014127836778087        3413589.0990617746        218.55707235743074        15.745583968977851       0.58978718106129002                0           0   1378.1140966666856        7.7895264619741314E-004   1.4670105187612121E-003         878   4.0370257859505820E-002           0
         143         144  0.25022565110097550       0.15769561095085233       -3.9893226177458845E-004  0.97378367469115990        4047244.7606835263        368.61381757316616        8.3019582207227689       0.62818768970559946                0           0   1162.3500766111972        2.2305190603367172E-003  0.50000000000000000              846  0.20615706447300092                0
          61          62  0.16574606629006447        5.1105325148539382E-002  -1.0680914848388477E-004  0.98146224652464376        3985102.7316611102        295.54272204541036        9.2357618151244321       0.42620812903922561                0           0   1180.4752786595950        1.7952874583487142E-003  0.50000000000000000              764  0.31661547521814026                0
          29          30   9.2064989403419284E-002   3.8673592252436655E-002  -4.8326417632826574E-005  0.98790084533106615        4595724.3541263249        274.56410217347485        5.6719180833241438       0.79758061761427279                0           0   1023.6286807368981        1.6733196375634911E-003  0.25000000000000000              732  0.46475344852066081                0
         237         238  0.17519413512811899        4.8620481183886892E-002  -9.6133046925272949E-005  0.99516489023133436        4632593.2409340926        330.20636827131904        17.301421245640569       0.56861101926165936                0           0   1015.4820449326151        1.9984115928462558E-004  0.50000000000000000              940  0.71360522168714779                0
         147         148  0.31456825641218544       0.25964081492902225       -6.6243600918377415E-004  0.98456015427272825        4747337.3481747657        459.47645601886813        15.509894590214390       0.46118068715226507                0           0   990.93763780099937        1.9668248657376449E-004  0.50000000000000000              850  0.11986773958873514                0
         399         400  0.17014458503807270        6.6018282057290864E-002  -2.6982640177284935E-005  0.99086011325939793        45926175.981909566        1551.3766298997969        10.315094665345098       0.22689320226120610                0           0   102.43211321355832        8.6893627376798902E-003   1.0731826891132962E-004        1102 -0.15316584780702630                0
         281         282   8.0478030877779258E-002   1.6466831233086777E-002  -1.7957673622041439E-005  0.98263052892675828        5350110.8839045102        275.01516217962848        14.121482503885204       0.54557289917024954                0           0   879.29303891577558        3.0249994816948213E-004   1.0413167868577222E-003         984  0.45220877683361749                0
          45          46   8.6894120985331738E-002   8.6164685909330241E-002  -8.2040856412477007E-005  0.98387083180607882        5506893.1944410549        340.10174038637848        9.4078876195728576       0.61267002530995651                0           0   854.25939664011355        2.0685513436049150E-003  0.50000000000000000              748  0.51224575554104335                0
         161         162   9.3309048906446132E-002   9.2827486138433946E-002  -9.1370412160690195E-005  0.98810872690381657        5621413.9676452326        353.27597550397161        7.9223954602361975       0.49901294154850800                0           0   836.85622242394027        1.6612899468676549E-003   4.3009592151225720E-004         864  0.15920927427653389                0
         309         310  0.10545420084030525        5.3264404142991120E-002  -5.7855495593977865E-005  0.98363597107776712        6309425.5400360068        361.80592593708820        13.904702421304796       0.53515432834556931                0           0   745.60120058377254        2.2003001492994592E-003  0.50000000000000000             1012  -2.5077241663087141E-002           0
         189         190  0.11107991559331475        5.1209466390144058E-002  -5.9401457297079668E-005  0.98671314114777653        6112335.9088638304        356.86834591407722        18.268983584618507       0.15815483878872952                0           0   769.64278923590894        2.1736268209196817E-003  0.50000000000000000              892 -0.14532797458494021                0
         289         290  0.10428359770713377        2.3242149003040714E-002  -2.7029358302443696E-005  0.98098694905335693        6248202.8139524320        334.17648558572523        14.744290478881537       0.16207559569268723                0           0   752.90693943863027        1.0827810980844745E-003   8.3350571706665183E-004         992  -6.0415727510485039E-002           0
         115         116   9.5073144526220191E-002   4.6025486525321645E-002  -4.6726263478262970E-005  0.98361077625756288        6339435.9430684811        348.99124241529205        10.994853195971682       0.45520925477404056                0           0   742.07158174513086        2.1223306805025111E-003  0.50000000000000000              818  0.19411217266649022                0
         223         224  0.13901763968801717        6.0776114313866474E-002  -7.7058859688027573E-005  0.98944800902347629        6749143.6103989147        408.60116336922312        8.1634069045953535       0.37940648911864061                0           0   697.02402692935289        1.2321924662184033E-003   7.1208766246277228E-004         926  0.15154686082364421                0
         299         300   9.2079428251349071E-002   8.2023039557947389E-002  -6.9096308523163062E-005  0.98687476242380012        7196680.2289451174        407.34553784632794        17.392540371813368       0.10772285879625577                0           0   653.67851675887471        2.0431306377799176E-003   9.8342295614184481E-004        1002 -0.35610804354737008                0
         199         200  0.11230093762090229        4.7925291740752780E-002  -4.9845320530023470E-005  0.98557578802919299        7365259.5215128316        402.38621163417127        12.768550054338531       0.28807517927315318                0           0   638.71683596540686        2.4494184751019071E-003  0.50000000000000000              902  0.84862473688923545                0
         373         374  0.15845034820673778       0.15233439132851201       -1.7085674680180778E-004  0.97951367903574293        7914580.9590654224        526.47573878168657        7.2488027629211160       0.43861727381059706                0           0   594.38589130311493        2.7686421127220040E-003   2.1364784359280720E-004        1076  0.13656341460803234                0
          69          70  0.10464422723177559       0.10349050793134676       -8.6377732787562200E-005  0.98042651398566583        8085705.8082159301        467.23280664956275        12.294356891604195       0.17683834409347451                0           0   581.80638391081243        2.8368343572848856E-003  0.50000000000000000              772 -0.15182960220253311                0
         267         268  0.11152016154947933        1.9237634443879208E-002  -2.0549695828460202E-005  0.97571352929103161        7751485.2096251622        389.06216212189781        4.4827106794148444       0.52560153833894874                0           0   606.89211556558587        2.1486909003419442E-003   5.7515619235460680E-004         970  0.14500528591826672                0
         183         184  0.10185732075756881        5.4219839429199369E-002  -4.3501496819350744E-005  0.97500281837598757        9514127.4243727867        473.11379451528779        16.716157816112087       0.34628476584546397                0           0   494.45577590158172        1.6785339587002278E-003   5.8936051455697877E-005         886   1.2748932287630372                0
         265         266   8.4095384718170976E-002   3.6296916915751078E-002  -2.5177761446875685E-005  0.98207872073487479        10108973.243323181        451.79780925693939        6.3678760178884870       0.46659687479859280                0           0   465.36034317351567        1.5135164143998141E-003   1.0166799930517449E-003         968  0.24172078122630955                0
         367         368  0.20322917187314732       0.17631903439505672       -1.9839332600293726E-004  0.98270311168045787        10353162.699547848        673.09679714651463        16.785353931287712       0.53090879011509773                0           0   454.38436487144293        2.2161545558612534E-003   3.4930026026333831E-004        1070   1.6199752181221170                0
         305         306   8.5255713978393793E-002   1.6586699482616780E-002  -1.1931200371230782E-005  0.97557216214542408        10624387.113807641        441.69112072417624        14.282853105507941       0.29330389440431370                0           0   442.78462439785847        2.6751951435917505E-003  0.50000000000000000             1008  0.11366778219047005                0
         325         326  0.14296285691723640        1.8018411898666035E-002  -1.7591034512000332E-005  0.98525910189351285        11605238.715074902        545.71725305743564        6.0665151633183170       0.35010109956036339                0           0   405.36135215676182        1.9976652747874619E-004  0.25000000000000000             1028   2.7649450319111271E-002           0
         119         120  0.12744757891135747        8.2887871857059842E-002  -6.3848789170769046E-005  0.98269985033698937        12193204.574003790        616.57973866081329        6.2579239036532481       0.27264431627537417                0           0   385.81451078697370        3.7479255214838184E-003  0.50000000000000000              822   2.7051282888629152E-002           0
         133         134  0.13034205300579016        4.8697333779162973E-002  -3.8327041507339674E-005  0.98105633069084142        13234928.638115777        617.16854032263689        9.4637659844163533       0.43051960180008342                0           0   355.44696811561380        1.1103476266488132E-003   3.5745504102783566E-004         836  0.24112349548725079                0
          17          18   8.8310858010865509E-002   3.6165089814597706E-002  -2.2321003472730643E-005  0.98140412768925933        12747100.610456508        533.22349031307033        9.8125195510569352       0.36516184993277562                0           0   369.04982563531280        3.2391129273980847E-003  0.50000000000000000              720  -4.7167936426073240E-002           0
         275         276  0.13196141201412448        6.9014568623332620E-002  -4.7734097905007039E-005  0.97883636276715569        15446698.463714512        711.01432100107945        12.509000510060105       0.40359258549788130                0           0   304.55150456232201        4.1906241621633361E-003   6.5418037575009670E-004         978  0.41754594645633514                0
         221         222  0.10685030920939192        6.9974509155263417E-002  -3.1625045227744133E-005  0.98414651576733891        22715607.266214792        881.05663238314787        11.468479471467823       0.17160833407287651                0           0   207.09616971770549        5.2245257570620839E-003   4.7509889337585287E-005         924 -0.22614755362737077                0
         157         158  0.17882018552997023        8.7937108552675433E-002  -4.2075704885492836E-005  0.98508502295573519        36757592.642334104        1392.7611962317192        7.2600454898037752       0.37216676043116192                0           0   127.98213700825320        7.3452539877074657E-003   3.7672550229615650E-004         860   2.3304133331478447E-002           0
         145         146  0.11284151051838727        7.1741434973604884E-002  -2.4259719098649692E-005  0.99377600829854773        37282344.595059231        1243.5765340383714        13.316891772096527       0.40180314879703227                0           0   126.18077829440463        6.3144609236864425E-003   4.2312068359990322E-004         848  0.16443168385759732                0
         405         406   8.7236661288412828E-002   5.5735761705262711E-002  -1.4072219982536795E-005  0.99445045527554632        44632234.652881853        1287.6258805654079        14.756365735819401       0.61140735374322408                0           0   105.40174145954420        7.8733128566099032E-003  0.50000000000000000             1108   1.3788861437040125                0
          95         546  0.62290701776509083       0.52092362269304604       -4.1543548589064823E-003  0.93269704979751544        1696011.8939439962        291.08043906915509        10.610962355510660       0.52074237559063929                0           0   2773.7513365576101        1.2823061466881809E-003   3.4086888349156804E-003         798  0.38515806162572935                0
