 122 404   1   452 102   0      0.4   0.46   4.88  5.718     0.0  -0.2385   0.0000
  -1.209543   0.000000   0.287903   0.062472  -0.571267   0.053723   0.000000   0.000000   0.000000   0.000000
   0.00000   0.00000   0.15065   0.03385   0.00000  -1.20954   0.00000   0.00000  -0.92164   0.77512   0.21060   0.00000   0.00000
 NAME(I1)    NAME(I2)    M1[M*]                    M2[M*]                    EB[NB]                    ECC                       P[Days]                   SEMI[AU]                  RI[PC]                    VI[km/s]                  K*(I1)      K*(I2)      ZN[NB]                    RP[NB]                    STEP(I1)[NB]              NAME(ICM)                 ECM[NB]                   K*(ICM)      
           3           4   8.7970317491499028E-002   4.9196061553816367E-002  -9.2897646351125171E-004  0.98018963898304645        71340.815372945974        17.361255191394889        7.5839714829489004       0.17703841331498715                0           0   65941.428242054317        1.0539810829294615E-004  0.25000000000000000              706  0.11186021276983238                0
          57          58   8.8793517676333700E-002   7.4789808565780366E-002  -1.3944536633748324E-003  0.99288618157622466        67519.482439442989        17.747571380570307        13.838354060059720       0.59976125492701915                0           0   69673.449613065080        1.0843421479498632E-004  0.50000000000000000              760   1.1537187100963828                0
          59          60  0.52934127945164156       0.11516011942956719       -3.1001072744619322E-002  0.99635260950274573        9025.0375450904266        7.3279160146024838        17.408488403766981       0.80693982335645231                0           0   521251.59969045070        4.4850020571511419E-005  0.50000000000000000              762   1.4517688643503130                0
          63          64  0.11284127030153632        5.3401276685359052E-002  -1.4468849236327175E-003  0.97984293960292113        54774.265105649982        15.520472950299069        12.019758167032172       0.39276031541346818                0           0   85885.502043175962        9.4206442072616631E-005  0.25000000000000000              766  0.23326042207894770                0
          83          84  0.10272953417562042        4.1373672231505683E-002  -1.2819188696754095E-003  0.97370419826673227        41789.837138321200        12.356008093958177        13.976557175635957       0.35372877124253094                0           0   112570.79662870750        7.4766174595093939E-005  0.50000000000000000              786  0.23222738606939891                0
          87          88  0.10306885414503236        3.0345968261083246E-002  -4.1821248241819420E-003  0.98428134930470224        4652.7998571211401        2.7870887101701558        15.216742141641344       0.30224763714421893                0           0   1011071.9141389197        1.6955045282497800E-005  0.25000000000000000              790   8.8252842349353836E-002           0
         105         106  0.12790761581087476        8.1406408734692293E-002  -3.3640542461646258E-002  0.96974758674909145        989.02684361157492        1.1534833915785283        18.474785982817004       0.33158642203971211                0           0   4756509.1767037120        6.9657331703446991E-006  0.50000000000000000              808  0.11608524554025323                0
         131         132   8.4797441590329786E-002   6.4637458177469395E-002  -7.7121942017657882E-004  0.98912831439601701        128788.41655396212        26.485513546867381        7.8964294866665217       0.45661165698145761                0           0   36527.471829531067        1.6151620773559698E-004  0.25000000000000000              834  0.12298275088997665                0
         137         138  0.13717930409073115       0.13193897190263901       -4.0334545728335997E-003  0.97817964388784162        48147.574536657077        16.722602131164937        11.778286627600837       0.17273328547622835                0           0   97706.173216745112        1.0141787278782275E-004  0.50000000000000000              840  0.66850747705560309                0
         167         168  0.11739175763496201        6.6852661947444644E-002  -1.3371095085191684E-003  0.97921691183512483        87047.450602289726        21.873015901955345        12.755032833048443       0.67379131569498185                0           0   54043.113555826756        1.3272323952673876E-004  0.50000000000000000              870  0.41894759338360532                0
         177         178  0.17518944591650459       0.15841447355487015       -4.8844045916293037E-002  0.97081544669269548        1948.4551180766894        2.1174370246531056        3.7329933626014964       0.80596161680140999                0           0   2414382.1502485364        1.2793853451865820E-005  0.50000000000000000              880  0.50998447930166735                0
         181         182  0.16494482085752635        4.8117280213717237E-002  -2.2342341753636167E-003  0.98308070947828008        38113.841390388654        13.238244572811659        5.2454170479936275       0.30716896115105774                0           0   123428.00111539195        8.0485139620415977E-005  0.25000000000000000              884   5.1813704509978825E-002           0
         193         194  0.13607741833753259        1.4509867592654014E-002  -3.3139095177587647E-004  0.98026160729439438        98477.807758994706        22.203845682541278        15.668066951515897       0.70469970035433460                0           0   47770.308506030713        1.3480179630591914E-004  0.50000000000000000              896   1.1954188446002152                0
         195         196  0.23980714281985319       0.16746154432118399       -1.7866781603804005E-002  0.96643523058497638        13874.745800257982        8.3762612435180923        11.031591454757905       0.98286759849859151                0           0   339055.96004197007        5.0498069052990366E-005  0.50000000000000000              898  0.74819787732994492                0
         207         208   9.9440827635248155E-002   5.0100703362626467E-002  -8.7683211256005204E-003  0.98112175417415370        2910.2243960466299        2.1174416066239212        3.9415310194511530       0.74296684667479984                0           0   1616478.5313583727        1.2860786271453537E-005  0.50000000000000000              910  0.45604682199000268                0
         225         226  0.11258739991983015        4.7810171057872303E-002  -9.4939383745014589E-004  0.98185672257896206        88575.957032427817        21.129198100363176        15.885092694275681       0.61648881679169532                0           0   53110.521356517827        1.2838083044770557E-004  0.50000000000000000              928   1.1140842025878164                0
         235         236   9.9158490776633662E-002   3.5661683213779022E-002  -5.1301121046354124E-003  0.96614283730650707        4095.4263718306088        2.5687641194955386        6.9653176395188012       0.29491466858879722                0           0   1148675.3345151674        1.5484037106406675E-005  0.25000000000000000              938  0.12641696564562838                0
         239         240   8.3253089810449737E-002   5.9845060969569666E-002  -7.4110620056441019E-004  0.97866503909393976        121080.59857328323        25.053451414275163        15.759853966348517       0.47120111642498053                0           0   38852.758518512826        1.5197941044801133E-004  0.50000000000000000              942  0.14841645622580418                0
         247         248  0.12867704596478571        5.6124925773135610E-002  -4.8755267774440045E-002  0.97148621675522984        348.47281385192167       0.55201979559906922        18.928451466263837       0.61742212111056127                0           0   13499805.639483234        3.3365167437779866E-006  0.25000000000000000              950  0.54682796594949767                0
         249         250   8.3325272192247987E-002   6.4931060179189190E-002  -5.9417119074347373E-003  0.97581540753508467        5929.7866670524481        3.3934150410168407        16.386932959569734       0.51253192704423289                0           0   793336.34104971308        2.0555510157367267E-005  0.50000000000000000              952   1.3355670130530246                0
         271         272  0.13618545113931463       0.10282415591629936       -1.7643068358636144E-003  0.98806680624688603        120181.93023047518        29.578155387187675        6.6386551432127874       0.50258553848122489                0           0   39143.282593508091        1.8027976026539725E-004  0.50000000000000000              974   8.5791671179744816E-002           0
         287         288   8.8414603939471620E-002   4.2704642040310346E-002  -5.8515194294090581E-004  0.98093659039144399        118941.02246670357        24.046383900145148        3.0021936095876951       0.61540439734516306                0           0   39551.663169548527        1.4603779329379048E-004  0.50000000000000000              990  0.21412818639819103                0
         291         292  0.10251315781699964        2.9651563345757474E-002  -1.1831110334550475E-003  0.98075559013170377        29765.556837160901        9.5746088155111213        9.2260008177333557       0.59185231406582595                0           0   158045.59892431262        5.8142920318824777E-005   6.2500000000000000E-002         994  0.24134979036906695                0
         303         304  0.77980953382043972       0.33783563817501155       -5.2382472905160467E-002  0.97671789874474535        28033.625192942258        18.742492285908785        5.9241810877174998       0.63515335933386430                0           0   167809.73653129677        1.1358394461059082E-004  0.50000000000000000             1006  0.23044359966560968                0
         311         312  0.16827131513595273       0.11782564957455051       -9.1314488263872420E-003  0.97485864189666582        15717.300866973132        8.0915100549741776        14.440890370532289       0.17833462870250866                0           0   299308.08714936365        4.8990345746074786E-005  0.50000000000000000             1014 -0.14224481935027272                0
         321         322  0.12252965187021556        4.0765808550071510E-002  -1.0952504619379879E-003  0.97557453106160041        63331.226025514967        16.995860241612995        16.632728684309797       0.45424965459068817                0           0   74281.133539866772        1.0293936416602254E-004  0.50000000000000000             1024  0.78510176050155045                0
         323         324  0.13577855073708561        2.1714876777924844E-002  -1.0672784058174505E-003  0.97737634574565457        30402.145619620234        10.295090097572151        12.017479141754523       0.60088016859474269                0           0   154736.29119810546        6.2411468000077191E-005  0.50000000000000000             1026  0.38851971256498541                0
         337         338  0.14234346256931027        4.8688670540606271E-002  -2.7220309402593351E-003  0.98436219341894415        24424.438780536861        9.4883723855236379        16.289116924697581       0.46865668036963826                0           0   192606.89262565569        5.7724153992768256E-005  0.50000000000000000             1040   1.5594170072963043                0
         357         358   7.9717634398698847E-002   3.5168480550120958E-002  -1.1543449013877967E-003  0.99034897964864510        29342.295402160125        9.0508997532508531        13.606802011205156       0.50996730684516334                0           0   160325.40035359471        5.5228836842580753E-005  0.50000000000000000             1060  0.89629462487268308                0
         363         364   8.0030474895858961E-002   2.5241398542184282E-002  -3.2505135387658957E-004  0.96900162088983910        125469.53716214608        23.159872534501439        9.9239287572745543       0.68400121758527221                0           0   37493.684634903126        1.3980643129274424E-004  0.50000000000000000             1066  0.47862108931834768                0
         371         372   9.0756420354949963E-002   8.9399293653254358E-002  -1.4941626717007766E-003  0.97790038526241019        78336.750524128642        20.236383406048532        7.9057352389854678       0.39730695935353161                0           0   60052.468683849453        1.2271064128272370E-004  0.50000000000000000             1074  0.20529846898657719                0
         383         384   9.3433970454860987E-002   6.5975786712685114E-002  -2.9999592269293533E-003  0.97176827062077331        19385.313257799193        7.6576121486429507        12.485144171320867       0.52347888966226053                0           0   242674.19334851863        4.6290742961604388E-005  0.50000000000000000             1086  0.51630559135257537                0
         395         396  0.10118924464727580        7.2387835402996439E-002  -4.0679476328368365E-003  0.98184110250843104        15239.121285685993        6.7103307468978812        7.3899097043364970       0.47347046803289944                0           0   308699.90266850201        4.0771591993552411E-005  0.50000000000000000             1098   5.8024455198766145E-002           0
         401         402  0.11008182267075275        8.1520559788653676E-002  -2.1754919003101718E-003  0.98946501741247106        50292.904508829961        15.372504553420699        9.4477379558152865       0.47296145973894971                0           0   93538.349069078395        9.3761781152373525E-005  0.50000000000000000             1104  0.16328331638887134                0
         219         220   5.9461379470541447        2.5291364086335988      -0.75299076982192070       0.98221912150944157        80559.862777643633        74.428097414589246        9.4212024370912673       0.25223595507251428                0           0   58395.273967004177        4.5230718866207646E-004  0.25000000000000000              922  0.17447252117379808                0
         159         160  0.52009082554844766       0.13749382338007102       -6.8562166579241961E-003  0.98252657550525302        109146.58921206869        38.868446659729038        4.8481468149041760       0.56813588265990933                0           0   43100.891119047374        2.3624417772278330E-004  0.25000000000000000              862  0.22776721661663007                0
           1           2   2.0244841138268650       0.61000484406818434       -7.0741485713423660E-002  0.98738152934187551        118081.33591071346        65.056817812538299        14.028420259625426       0.46179689979256894                0           0   39839.617509086311        3.9638661146352313E-004  0.25000000000000000              704  0.10268708672486415                0
         283         284  0.18094602805437388        8.1870494517192083E-002  -1.6064068193646895E-003  0.97697797871714775        143540.44546752289        34.366892541613126        5.2182813677186699       0.30408647224578350                0           0   32773.447527785116        2.0829891525217590E-004  0.25000000000000000              986  -4.4148863814594333E-002           0
         185         186  0.24628085064239766        6.9358336926096664E-002  -1.8551080494142963E-003  0.99057546901522908        130681.44545928008        34.314639623851313        10.202372722144586       0.56673482452032298                0           0   35998.341165507023        2.0941269287605858E-004  0.25000000000000000              888  0.25153982666561231                0
         191         192  0.17819880543248182        5.0730547014061628E-002  -8.9966543292994278E-004  0.98450778698896024        174927.64032278312        37.446621017460309        15.809847014148259       0.61885923418720901                0           0   26892.921261409472        2.2782970840593575E-004  0.25000000000000000              894  0.50378310817793248                0
          71          72  0.16939743337267674        2.6319217633798585E-002  -4.7647967898261517E-004  0.96976219828091648        170003.73667627125        34.870225322542275        10.036479063083407       0.26544086848683485                0           0   27671.834452691655        1.5082883319385277E-004  0.25000000000000000              774 -0.14210428781482870                0
          53          54  0.10539273585624893        8.3691576402142989E-002  -9.4861616487088496E-004  0.98840746126056767        171334.30925667207        34.651436372167325        12.286425469413230       0.30592785573757447                0           0   27456.936547351612        2.1096666920612941E-004  0.25000000000000000              756 -0.17067029546102200                0
         245         246  0.10614450888457336        7.9534736728126665E-002  -8.8338078697462622E-004  0.97533507163214717        180155.36208468804        35.614411017835778        12.346536108091527       0.23099947751406921                0           0   26112.546433302068        2.1568078356416255E-004  0.25000000000000000              948  0.14735085742367321                0
         331         332  0.12214104311112879        9.8521910482032543E-002  -1.1537755047203683E-003  0.97154055198387024        188414.45473505274        38.868024797675822        13.601950991485106       0.29897399993793156                0           0   24967.910579153504        2.3493249830021899E-004  0.25000000000000000             1034   2.9027793054319011E-002           0
         203         204  0.10958957416913398        5.6611292613942377E-002  -6.2817234305771752E-004  0.98494187057407623        200051.97130642890        36.805509599966030        13.045155083229538       0.17065998086175010                0           0   23515.465640870621        1.6988547057778460E-004  0.25000000000000000              906 -0.19227930052523701                0
          21          22  0.17137201111473407        1.8580527211685235E-002  -2.8964617018065918E-004  0.97725619083110171        219756.57682243298        40.968444197440832        7.7706877252520190       0.25126847405601721                0           0   21406.937283364805        1.8343950172520064E-004  0.25000000000000000              724   9.7981047844061669E-002           0
         369         370  0.35577330781196675       0.28758888866695975       -6.5923629871082615E-003  0.96841922705639494        200307.85819162280        57.839387851881206        17.368800634265998       0.47640476842881407                0           0   23485.425385280789        3.4904883910831302E-004  0.25000000000000000             1072   1.6869609715598504                0
          77          78   9.3430964505624117E-002   2.0354482771848002E-002  -1.6334883162896549E-004  0.97425183352183942        309441.22681298596        43.386459025179242        13.692410999798076       0.51535026239776538                0           0   15202.613129787858        1.8457846561722538E-004  0.25000000000000000              780  0.92502378612055858                0
         315         316  0.30834333591613694       0.21242803698149326       -3.5544000840579989E-003  0.96932722246065328        288048.63087816222        68.675120176768687        10.078160365151927       0.37474993264878836                0           0   16331.670257563481        4.1463143421502049E-004  0.25000000000000000             1018  0.22704860264484100                0
          89          90  0.20842321107894346       0.10223825271363279       -1.3435582502014560E-003  0.98702482580270168        297769.38109927031        59.104743533761280        7.4025597378311456       0.77588105789921269                0           0   15798.519109916271        3.6005640583131949E-004  0.25000000000000000              792  0.42974164309364038                0
         155         156  0.50373356431637750       0.18870347651975347       -4.6345267489272665E-003  0.98128177235206437        293320.33962033020        76.435433608783669        11.454279451575013       0.67308792842741205                0           0   16038.148816184937        4.6428632181207922E-004  0.25000000000000000              858  0.41859677657112671                0
         187         188  0.16652052450678573        4.4390738220572948E-002  -5.1200105471243477E-004  0.98740860044556455        313872.49940009229        53.803263366689940        7.0687617690817781       0.68033684158856811                0           0   14987.981637882163        1.5401396217716847E-004  0.25000000000000000              890  0.30826050834559243                0
         255         256   8.3811449474318997E-002   3.0344259974373743E-002  -1.9498774621546684E-004  0.99476358635673934        366335.73421504453        48.606227887337262        11.276322298975225       0.47180614750441996                0           0   12841.540746017587        1.7373772739312873E-004  0.25000000000000000              958  0.28402688315263058                0
          93          94   8.5361728603296438E-002   7.1347741082274679E-002  -4.1080252103106030E-004  0.97812880800934654        378910.90214675880        55.249666982163497        13.022326689439252       0.37892295470862103                0           0   12415.359998859836        1.7179347800011020E-004  0.25000000000000000              796  0.39377351450662568                0
          51          52  0.11606384615255892        9.5064690585184505E-002  -1.2279458052567017E-004  0.98216358355984212        4870810.7498680586        334.85464939909150        2.1534865681425477       0.44165265275263249                0           0   965.81770453146726        1.9632429654540943E-004   6.2500000000000000E-002         754   4.7934622446549925E-002           0
          67          68  0.52597586808430075       0.46375414949012228       -9.5351984985231255E-003  0.98266064699714351        341740.68956755206        95.332992401100725        16.811352673223130       0.39474790011297051                0           0   13765.745201713413        5.7947742737167690E-004  0.25000000000000000              770  0.11796876870433554                0
         213         214   8.6717284611907239E-002   1.7710005955573944E-002  -1.1427078035879827E-004  0.98213695314694749        400632.33674856107        50.085097135765906        8.0801404447435399       0.36430304328983193                0           0   11742.225542311169        1.5552041722878169E-004  0.25000000000000000              916  0.17893572978584044                0
         313         314  0.11479116130453372        5.7685466757393881E-002  -3.9453446450446250E-004  0.99253727403468150        435049.79924732697        62.547398305763593        4.7779028015011029       0.38705888706773822                0           0   10813.279918261374        1.7042172232509015E-004  0.25000000000000000             1016   9.1936329157802144E-002           0
         365         366  0.29906545429998188       0.27572229150032296       -3.4223050706489746E-003  0.97703614846779008        409915.73603235272        89.792227251814452        13.525249676980113       0.29041443306355369                0           0   11476.298283102440        5.4424978456707430E-004  0.25000000000000000             1068 -0.23223023219690464                0
         201         202  0.41909726131645580       0.36316033186407948       -5.4401348907038797E-003  0.97784193266974673        439642.50440806977        104.26124217537117        13.291396416699353       0.39175665803108456                0           0   10700.319487940789        6.3220712582260643E-004  0.25000000000000000              904   4.8250513477621111E-002           0
         171         172  0.11855449161888632       0.10910379859810015       -6.3808363105355751E-004  0.99690688946593098        502629.43037454027        75.543937317710842        2.9251165483353212       0.23038479018412419                0           0   9359.4106778413025        1.6222029374787257E-004  0.25000000000000000              874  -8.2118869792944860E-002           0
         347         348  0.19457293008789711        9.8264029982305379E-002  -8.4213227326918961E-004  0.97623178622328566        525292.62380639045        84.608893442837001        5.8040132594770171       0.43808541118130234                0           0   8955.6088253366652        5.1262384884362530E-004   6.2500000000000000E-002        1050  0.17559649596972518                0
         343         344   9.9716206803828866E-002   3.9838043689421537E-002  -1.9541286924161294E-004  0.98547806040898511        644708.77578794607        75.758248904357316        17.425752576568435       0.65708877808729360                0           0   7296.8066114739531        4.6110969753691106E-004  0.25000000000000000             1046   1.8200699859734533                0
          55          56   8.3915877860446200E-002   1.7498204653530233E-002  -7.7740196882517218E-005  0.96898154446861051        677342.13462491788        70.390059717499767        13.555428818137086       0.14877753601771943                0           0   6945.2570823012566        1.8325936041652929E-004  0.25000000000000000              758 -0.19790516482639051                0
          99         100  0.11123848720615616        3.9011678252708890E-002  -1.9764343022701515E-004  0.98119635498491209        697449.45099556562        81.825121918085514        10.481376290509804       0.54326009315833901                0           0   6745.0268272914218        1.9609050585244134E-004  0.25000000000000000              802  0.14281465962631032                0
         391         392  0.13558686976987694        5.7578981684498085E-002  -2.5446740011902898E-004  0.98428057182237338        1015963.8259505472        114.33226250480101        12.691271512490903       0.36909673386653269                0           0   4630.3964151906221        1.9855493643177781E-004  0.25000000000000000             1094  0.14407589926192452                0
         385         386  0.12648191059682606        5.9749107023494945E-002  -2.5030111744847215E-004  0.99192399726360403        1010156.8010307509        112.51654391747591        14.104971069481033       0.28177341339242967                0           0   4657.0148840700185        1.9971473045980897E-004  0.25000000000000000             1088  -1.0808784624054893E-002           0
          41          42  0.11122608390456809        8.6847116325004775E-002  -3.0034655602715249E-004  0.97689552612968544        1076875.4069236529        119.85571002551679        3.5322860634246078       0.81620160058605473                0           0   4368.4861102769009        1.9934720720389158E-004  0.25000000000000000              744  0.51188647200777848                0
         345         346  0.55774375829353751       0.47607345656862060       -4.7923803546830179E-003  0.97923176074338625        1065819.0059203701        206.47940675782556        2.2754690616065458       0.23686723378390048                0           0   4413.8031237137029        1.2529054742208931E-003  0.50000000000000000             1048  -3.1191444359488542E-002           0
          73          74  0.94128231410560004       0.69908498357263338       -1.0547991353088345E-002  0.98595090542721642        1010924.7705775029        232.48741209934116        13.561348581426200       0.47106312819618468                0           0   4653.4770880699325        1.4155097427745917E-003  0.25000000000000000              776  0.32391335587240044                0
         285         286   8.9462339041284894E-002   4.2834040765278178E-002  -1.2838168338598593E-004  0.97556116315563901        1178106.6063545495        111.23605151706303        8.6262009836571654       0.65027201111904342                0           0   3993.1150816660524        1.4410236536712358E-004  0.25000000000000000              988  0.21712473700698856                0
         293         294  0.55382231722128972       0.12326253909399966       -1.3046202120956597E-003  0.97555013427591697        1208714.8768618368        195.00098063437505        13.165570545467844       0.46081222856997911                0           0   3891.9974823661364        1.1809822740092247E-003  0.25000000000000000              996  0.99367426831920080                0
         123         124  0.67985937278035102       0.12376754478802159       -1.4259437356367586E-003  0.97763450747397851        1328700.8239903566        219.90890269502705        10.117455747885067       0.52795740372925726                0           0   3540.5376234484115        1.3330674591925293E-003  0.25000000000000000              826  0.34865351242277398                0
           7           8  0.10772050310063933        1.1526931384030817E-002  -3.7943697728780554E-005  0.99082248886431246        1424470.1409572540        121.95279694780302        9.1278226148456358       0.43192515301692985                0           0   3302.5018372680170        1.6260639909577266E-004  0.25000000000000000              710  -2.5258064917686188E-002           0
         355         356  0.32294731613854971       0.22153041596011064       -1.4146791448691402E-003  0.98835597978780254        1280677.5733209376        188.46314208734015        6.8706877729015998       0.41333345136525207                0           0   3673.3018174480535        1.1488556879049804E-003  0.25000000000000000             1058   6.7175288711894057E-002           0
         117         118  0.40216802461087314       0.11268199431891886       -9.3948131643061938E-004  0.97690707695788359        1226845.1060164988        179.76007936485891        14.954886494141881       0.55450640513353811                0           0   3834.4818221751120        1.0894929361876689E-003  0.25000000000000000              820  0.95922775591491294                0
          85          86   8.0567479673496034E-002   7.0359839832317903E-002  -1.6540594186675728E-004  0.98642166572395873        1357017.8794508749        127.71821781941760        6.7437925058397541       0.29683266171920969                0           0   3466.6567986181526        1.9401392259058692E-004  0.25000000000000000              788  -7.2690069918591699E-002           0
          47          48   9.8900608463481726E-002   3.1153535981132970E-002  -9.0443949087021743E-005  0.96929450295796848        1448762.9164048610        126.95392421516813        15.931916862742669       0.82065416720287443                0           0   3247.1256714098058        1.9207619232510233E-004  0.25000000000000000              750  0.40678104564059642                0
         387         388  0.11696728908539532        8.3148869844046139E-002  -2.2937115301222252E-004  0.98799038925186122        1621814.2639280281        158.01609082436883        7.8308813331406562       0.43983955547077247                0           0   2900.6498230265465        8.8307270093420959E-004   1.5260129894007935E-004        1090  0.18972334668746166                0
         103         104   9.4240900685283069E-002   8.1646476448274677E-002  -1.9581474411928143E-004  0.97430932578693863        1543295.6101144454        146.43699954217337        6.4587178441955082       0.16353206004126020                0           0   3048.2269416265021        8.8618227905427590E-004  0.25000000000000000              806  -4.4000042016204471E-002           0
         215         216   9.9764396033006283E-002   5.7531129034738331E-002  -1.3467170227244636E-004  0.99202500142069505        1843377.2888768672        158.82594977762659        17.552177812203201       0.27794995521292515                0           0   2552.0089056272404        1.9606910170443681E-004  0.25000000000000000              918 -0.28025478313016816                0
          65          66   8.1196656538748205E-002   3.2700733033609646E-002  -6.2627861262289943E-005  0.98184767372588766        2149336.5504112290        157.99647215383459        10.375566639973565       0.55396558168203058                0           0   2188.7290088398181        1.9363885980735446E-004  0.25000000000000000              768  0.14605360271113615                0
          15          16  0.12041882448822794        4.7134796559794988E-002  -1.1370748620294229E-004  0.97825164521118502        2263928.7909641471        186.02285177799217        12.140423049430121       0.57109973110690804                0           0   2077.9431210119114        1.1281688166013199E-003  0.25000000000000000              718  0.22036472598927823                0
         243         244  0.10897784068549871        6.2870305948584129E-002  -1.2688985103554134E-004  0.99345305026723485        2514966.0648626112        201.22235189126619        11.709496699182610       0.34491923210391673                0           0   1870.5283237695505        1.2297376519750148E-003  0.25000000000000000              946   8.9729905513081659E-002           0
          37          38  0.10983277472157330        9.0349772612143470E-002  -1.6313461273031012E-004  0.98167519740275366        2786284.6185355540        226.68993556755197        15.967574895834350       0.58292690155059079                0           0   1688.3828831949368        1.3772225981147541E-003  0.25000000000000000              740  -8.2964961873370602E-002           0
         403         404  0.17519688796893346        3.8994197612049461E-002  -1.0593116629890828E-004  0.98389809000337658        2940508.6786121102        240.33773166214777        13.342937467905200       0.46628462024498946                0           0   1599.8304279330168        1.3164969615088111E-003   7.1807770146058690E-004        1106  0.13032957722569202                0
         127         128  0.41687934908818136       0.27898104023835063       -1.0601324713850049E-003  0.99434194081511351        3619474.9262651657        408.83142482301037        11.670724494928725       0.23589870212738798                0           0   1299.7231237899509        2.4997052625840904E-003  0.25000000000000000              830   2.8452140430239053E-002           0
         217         218   8.1228311512873880E-002   6.5270211912634449E-002  -8.4864059256294254E-005  0.97696892315676265        3390006.8490829859        232.81876606981328        15.163856578488186       0.78006816156707226                0           0   1387.7008121435813        1.4110585494170628E-003  0.25000000000000000              920  0.28214530495534085                0
         175         176   8.2952047495663137E-002   3.6571247402372269E-002  -5.1727516675693929E-005  0.99014098146943919        3413585.8702784083        218.55693454089206        15.422371298834658       0.57702139385341333                0           0   1378.1154001733328        8.1314736320342443E-004   1.5001207380603528E-003         878   3.9812557274543858E-002           0
         143         144  0.25022565110097550       0.15769561095085233       -3.9893226177458845E-004  0.97378367469115990        4047244.7606835263        368.61381757316616        8.2211418158109186       0.62619485893959892                0           0   1162.3500766111972        2.2305190603367172E-003  0.25000000000000000              846  0.20733283791394316                0
          61          62  0.16574606629006447        5.1105325148539382E-002  -1.0680914848388477E-004  0.98146224652464376        3985102.7316611102        295.54272204541036        9.2155615295944795       0.42604140738378049                0           0   1180.4752786595950        1.7952874583487142E-003  0.25000000000000000              764  0.31621159172963531                0
          29          30   9.2064989403419284E-002   3.8673592252436655E-002  -4.8326417632826574E-005  0.98790084533106615        4595724.3541263249        274.56410217347485        5.9278584845910958       0.78961981872063602                0           0   1023.6286807368981        1.6733196375634911E-003  0.25000000000000000              732  0.46455500276724598                0
         237         238  0.17519413512811899        4.8620481183886892E-002  -9.6133046925272949E-005  0.99516489023133436        4632593.2409340926        330.20636827131904        17.614947722890150       0.55830789170608641                0           0   1015.4820449326151        1.9984115928462558E-004  0.25000000000000000              940  0.71365876297469821                0
         147         148  0.31456825641218544       0.25964081492902225       -6.6243600918377415E-004  0.98456015427272825        4747337.3481747657        459.47645601886813        15.600987845504152       0.45789454120090911                0           0   990.93763780099937        1.9668248657376449E-004  0.25000000000000000              850  0.11994962736546708                0
         399         400  0.17014458503807270        6.6018282057290864E-002  -2.6982452229063760E-005  0.99085448459144765        45926655.835892402        1551.3874361258393        10.453758177847931       0.23619963206958636                0           0   102.43104297544495        3.7205520072457698E-003   3.5416794480559467E-005        1102 -0.15292842694942094                0
         281         282   8.0478030877779258E-002   1.6466831233086777E-002  -1.7957727385901417E-005  0.98262734513608718        5350086.8572787344        275.01433880836595        14.439848478498147       0.52723101326198318                0           0   879.29698771985227        1.6716345595951983E-003   1.4417564178413970E-002         984  0.45073626178444870                0
          45          46   8.6894120985331738E-002   8.6164685909330241E-002  -8.2040856412477007E-005  0.98387083180607882        5506893.1944410549        340.10174038637848        9.4580420613008087       0.60568451653794575                0           0   854.25939664011355        2.0685513436049150E-003  0.25000000000000000              748  0.51237165643837201                0
         161         162   9.3309048906446132E-002   9.2827486138433946E-002  -9.1369884230932735E-005  0.98808901084892620        5621462.6880090218        353.27801671154936        7.7190516499546664       0.50768151871992051                0           0   836.84896951809367        2.0241080137674223E-003   4.7740775225176837E-004         864  0.15877963870080020                0
         309         310  0.10545420084030525        5.3264404142991120E-002  -5.7855495593977865E-005  0.98363597107776712        6309425.5400360068        361.80592593708820        13.716464653891713       0.52490721102669691                0           0   745.60120058377254        2.2003001492994592E-003  0.25000000000000000             1012  -2.5316971346769523E-002           0
         189         190  0.11107991559331475        5.1209466390144058E-002  -5.9401457297079668E-005  0.98671314114777653        6112335.9088638304        356.86834591407722        18.294861218277280       0.14470680457904900                0           0   769.64278923590894        2.1736268209196817E-003  0.25000000000000000              892 -0.14506792672942459                0
         289         290  0.10428359770713377        2.3242149003040714E-002  -2.7029329660340558E-005  0.98098602220135267        6248212.7454815749        334.17683970169799        14.718766597666800       0.16444330459835835                0           0   752.90574269365447        6.8655118246173499E-005   1.3659502301664224E-004         992  -5.9678744558123532E-002           0
         115         116   9.5073144526220191E-002   4.6025486525321645E-002  -4.6726263478262970E-005  0.98361077625756288        6339435.9430684811        348.99124241529205        10.842558921209775       0.44586030252079961                0           0   742.07158174513086        2.1223306805025111E-003  0.25000000000000000              818  0.19402119090349598                0
         223         224  0.13901763968801717        6.0776114313866474E-002  -7.7058739498548815E-005  0.98944472622880530        6749159.4004904898        408.60180066956264        8.1040633476764885       0.39374255070120084                0           0   697.02239619690727        1.3453233031830900E-003   7.4480319801183191E-004         926  0.15411220735191103                0
         299         300   9.2079428251349071E-002   8.2023039557947389E-002  -6.9096252098647937E-005  0.98687514968393175        7196689.0442410922        407.34587048773420        17.370202944611997       0.12025630792234998                0           0   653.67771606155918        1.8463999594939336E-003   9.3403279513802715E-004        1002 -0.35656177334688111                0
         199         200  0.11230093762090229        4.7925291740752780E-002  -4.9845320530023470E-005  0.98557578802919299        7365259.5215128316        402.38621163417127        12.874197958119947       0.25394505074767743                0           0   638.71683596540686        2.4494184751019071E-003  0.25000000000000000              902  0.84841196148131282                0
         373         374  0.15845034820673778       0.15233439132851201       -1.7085724272202792E-004  0.97952711488255639        7914546.5004921043        526.47421066405968        7.0611351191242449       0.45148513386195405                0           0   594.38847915698796        3.1928300090869680E-003   1.1487629951953996E-004        1076  0.13869335902631436                0
          69          70  0.10464422723177559       0.10349050793134676       -8.6377732787562200E-005  0.98042651398566583        8085705.8082159301        467.23280664956275        12.313768831375246       0.18087067771587234                0           0   581.80638391081243        2.8368343572848856E-003  0.25000000000000000              772 -0.15167115646315862                0
         267         268  0.11152016154947933        1.9237634443879208E-002  -2.0549674387644475E-005  0.97571160354614161        7751497.3410735391        389.06256805582973        4.6970337498377726       0.52442282286170538                0           0   606.89116575162768        2.0885452545757557E-003   1.1337585271862757E-003         970  0.14426632642142354                0
         183         184  0.10185732075756881        5.4219839429199369E-002  -4.3501458570974781E-005  0.97496181967945261        9514139.9722280055        473.11421049753017        16.723569784507454       0.32744407460697744                0           0   494.45512378173629        2.6570583756449135E-003   7.4408321326378953E-005         886   1.2678521102814915                0
         265         266   8.4095384718170976E-002   3.6296916915751078E-002  -2.5177897089320444E-005  0.98208160145852330        10108891.552386500        451.79537525861275        6.3917985569991060       0.45416798440924938                0           0   465.36410379574909        2.6095225048536281E-003   6.6412880212846168E-004         968  0.24327655590397398                0
         367         368  0.20322917187314732       0.17631903439505672       -1.9839504709368610E-004  0.98271187139434268        10353027.978236813        673.09095798526744        16.782367089721522       0.55012808363958965                0           0   454.39027765922623        2.4392011716436999E-003   1.8465444435748887E-004        1070   1.6149031399144211                0
         305         306   8.5255713978393793E-002   1.6586699482616780E-002  -1.1931200371230782E-005  0.97557216214542408        10624387.113807641        441.69112072417624        14.214732310004429       0.30702194700482566                0           0   442.78462439785847        2.6751951435917505E-003  0.25000000000000000             1008  0.11443587336730354                0
         325         326  0.14296285691723640        1.8018411898666035E-002  -1.7591034512000332E-005  0.98525910189351285        11605238.715074902        545.71725305743564        6.1196665172489393       0.34102610691641999                0           0   405.36135215676182        1.9976652747874619E-004  0.12500000000000000             1028   2.7373159701806236E-002           0
         119         120  0.12744757891135747        8.2887871857059842E-002  -6.3848789170769046E-005  0.98269985033698937        12193204.574003790        616.57973866081329        6.3150119783770915       0.27807473648544251                0           0   385.81451078697370        3.7479255214838184E-003  0.25000000000000000              822   2.6194785479959487E-002           0
         133         134  0.13034205300579016        4.8697333779162973E-002  -3.8327064266166344E-005  0.98105831831398826        13234916.849654756        617.16817384448086        9.5482587738969666       0.40716135436743273                0           0   355.44728471546682        1.6948473804132766E-003   4.4353478477935195E-004         836  0.23966241665432861                0
          17          18   8.8310858010865509E-002   3.6165089814597706E-002  -2.2321003472730643E-005  0.98140412768925933        12747100.610456508        533.22349031307033        9.9516671904690632       0.37398878514391176                0           0   369.04982563531280        3.2391129273980847E-003  0.25000000000000000              720  -4.7310763350732338E-002           0
         275         276  0.13196141201412448        6.9014568623332620E-002  -4.7733990061936201E-005  0.97882823849685330        15446750.810700446        711.01592736098542        12.330122765598992       0.40784363277492475                0           0   304.55047247774189        3.7811932035533746E-003   6.2109497429423512E-004         978  0.41851880712940626                0
         221         222  0.10685030920939192        6.9974509155263417E-002  -3.1625490925374371E-005  0.98402853076032182        22715127.071772210        881.04421566354381        11.483115066726453       0.17203329174124418                0           0   207.10054770024834        4.6361666171094214E-003   4.5177280899766519E-005         924 -0.22858215129914727                0
         157         158  0.17882018552997023        8.7937108552675433E-002  -4.2075754338498268E-005  0.98508752232835106        36757527.838758148        1392.7595592740913        7.3334996008811562       0.37326627545176200                0           0   127.98236264095006        8.4761906995406769E-003   1.2384432650723493E-002         860   2.4717329033053733E-002           0
         145         146  0.11284151051838727        7.1741434973604884E-002  -2.4259742093470308E-005  0.99377222030584522        37282291.587449767        1243.5753553028676        13.180823124239744       0.40428468415421970                0           0   126.18095769704144        7.6013820136430783E-003   1.2614225932243492E-002         848  0.16493433436089711                0
         405         406   8.7236661288412828E-002   5.5735761705262711E-002  -1.4072224663934427E-005  0.99445107976378933        44632212.381219923        1287.6254522117615        14.944257146388360       0.59838592129356227                0           0   105.40179405545706        7.8048980866682596E-003   2.6807691396596325E-004        1108   1.3786220400177989                0
          95         546  0.62290701776509083       0.52092362269304604       -3.3408447025235640E-003  0.94080035614848290        2351797.0823391676        361.95978683658893        10.461172105071578       0.48462507038103908                0           0   2000.3066135985298        1.9190612808846178E-003   3.5143949429057754E-004         798  0.35100834023694849                0
