 1031330   1   373 105   0      1.3   7.73   4.63  5.562     0.0  -0.2148   0.0000
  -1.117645   0.000000   0.245611   0.096985  -0.663599   0.060150   0.000000   0.000000   0.000000   0.000000
   0.00000   0.00000   0.13435   0.02875   0.00000  -1.11764   0.00000   0.00000  -0.87203   0.66276   0.19282   0.00000   0.00000
 NAME(I1)    NAME(I2)    M1[M*]                    M2[M*]                    EB[NB]                    ECC                       P[Days]                   SEMI[AU]                  RI[PC]                    VI[km/s]                  K*(I1)      K*(I2)      ZN[NB]                    RP[NB]                    STEP(I1)[NB]              NAME(ICM)                 ECM[NB]                   K*(ICM)      
           3           4   8.7970317491499028E-002   4.9196061553816367E-002  -9.2897646351125171E-004  0.98018963898304645        71340.815372945974        17.361255191394889        3.9475227168087592       0.19336405638479626                0           0   65941.428242054317        1.0539810829294615E-004  0.50000000000000000              706   6.6963027928398616E-002           0
          59          60  0.52934127945164156       0.11516011942956719       -3.1001072744619322E-002  0.99635260950274573        9025.0375450904266        7.3279160146024838        14.203385781550026       0.88991810348833278                0           0   521251.59969045070        4.4850020571511419E-005  0.50000000000000000              762   1.3849830366722946                0
          63          64  0.11284127030153632        5.3401276685359052E-002  -1.4468849236327175E-003  0.97984293960292113        54774.265105649982        15.520472950299069        13.119192964240488       0.36677324078172546                0           0   85885.502043175962        9.4206442072616631E-005  0.25000000000000000              766  0.19068188253486507                0
          83          84  0.10272953417562042        4.1373672231505683E-002  -1.2819188696754095E-003  0.97370419826673227        41789.837138321200        12.356008093958177        16.478077961129699       0.39993697453903920                0           0   112570.79662870750        7.4766174595093939E-005  0.25000000000000000              786  0.30845979096328968                0
         131         132   8.4797441590329786E-002   6.4637458177469395E-002  -7.7121942017657882E-004  0.98912831439601701        128788.41655396212        26.485513546867381        7.0415074107495821       0.43930677068689478                0           0   36527.471829531067        1.6151620773559698E-004   1.5625000000000000E-002         834  0.10119219904863518                0
         137         138  0.13717930409073115       0.13193897190263901       -4.0334545728335997E-003  0.97817964388784162        48147.574536657077        16.722602131164937        7.5563618709321920       0.27906184481190449                0           0   97706.173216745112        1.0141787278782275E-004  0.50000000000000000              840  0.59663389981941295                0
         167         168  0.11739175763496201        6.6852661947444644E-002  -1.3371095085191684E-003  0.97921691183512483        87047.450602289726        21.873015901955345        14.269474087179983       0.69621716696447744                0           0   54043.113555826756        1.3272323952673876E-004  0.50000000000000000              870  0.41166220585737412                0
         177         178  0.17518944591650459       0.15841447355487015       -4.8844045916293037E-002  0.97081544669269548        1948.4551180766894        2.1174370246531056       0.92086026477005756       0.79691407673804515                0           0   2414382.1502485364        1.2793853451865820E-005  0.25000000000000000              880  0.48084027083893000                0
         181         182  0.16494482085752635        4.8117280213717237E-002  -2.2342341753636167E-003  0.98308070947828008        38113.841390388654        13.238244572811659        3.4062789226617034       0.33192527737712751                0           0   123428.00111539195        8.0485139620415977E-005  0.50000000000000000              884   3.1497649280493492E-002           0
         193         194  0.13607741833753259        1.4509867592654014E-002  -3.3139095177587647E-004  0.98026160729439438        98477.807758994706        22.203845682541278        14.907156814153641       0.76141652569933083                0           0   47770.308506030713        1.3480179630591914E-004  0.50000000000000000              896   1.0858808783838945                0
         195         196  0.23980714281985319       0.16746154432118399       -1.7866781603804005E-002  0.96643523058497638        13874.745800257982        8.3762612435180923        11.664572815574655        1.0159553061346802                0           0   339055.96004197007        5.0498069052990366E-005  0.50000000000000000              898  0.78983660688244606                0
         207         208   9.9440827635248155E-002   5.0100703362626467E-002  -8.7683211256005204E-003  0.98112175417415370        2910.2243960466299        2.1174416066239212        2.4562421688393656       0.73165668164660758                0           0   1616478.5313583727        1.2860786271453537E-005  0.25000000000000000              910  0.45348037151253423                0
         225         226  0.11258739991983015        4.7810171057872303E-002  -9.4939383745014589E-004  0.98185672257896206        88575.957032427817        21.129198100363176        14.957752381258873       0.70238731159205725                0           0   53110.521356517827        1.2838083044770557E-004  0.50000000000000000              928   1.0223994757987018                0
         235         236   9.9158490776633662E-002   3.5661683213779022E-002  -5.1301121046354124E-003  0.96614283730650707        4095.4263718306088        2.5687641194955386        2.9058636957544182       0.31538854286601475                0           0   1148675.3345151674        1.5484037106406675E-005  0.50000000000000000              938   8.2150999158402169E-002           0
         249         250   8.3325272192247987E-002   6.4931060179189190E-002  -5.9417119074347373E-003  0.97581540753508467        5929.7866670524481        3.3934150410168407        15.060747322200729       0.43547356797881509                0           0   793336.34104971308        2.0555510157367267E-005  0.25000000000000000              952   1.2423959217130043                0
         271         272  0.13618545113931463       0.10282415591629936       -1.7643068358636144E-003  0.98806680624688603        120181.93023047518        29.578155387187675        7.0654014180654610       0.48897782238277759                0           0   39143.282593508091        1.8027976026539725E-004  0.50000000000000000              974   9.2831862277026875E-002           0
         287         288   8.8414603939471620E-002   4.2704642040310346E-002  -5.8515194294090581E-004  0.98093659039144399        118941.02246670357        24.046383900145148        3.0339198966260819       0.60010255338544694                0           0   39551.663169548527        1.4603779329379048E-004  0.50000000000000000              990  0.19710944797109581                0
         291         292  0.10251315781699964        2.9651563345757474E-002  -1.1831110334550475E-003  0.98075559013170377        29765.556837160901        9.5746088155111213        11.927647184008418       0.58836812925792159                0           0   158045.59892431262        5.8142920318824777E-005   3.1250000000000000E-002         994  0.23393430821292130                0
         303         304  0.77980953382043972       0.33783563817501155       -5.2382472905160467E-002  0.97671789874474535        28033.625192942258        18.742492285908785        5.6691105778559008       0.63549392456030795                0           0   167809.73653129677        1.1358394461059082E-004  0.50000000000000000             1006  0.23348128366959484                0
         311         312  0.16827131513595273       0.11782564957455051       -9.1314488263872420E-003  0.97485864189666582        15717.300866973132        8.0915100549741776        16.143016976967353       0.16131766056091310                0           0   299308.08714936365        4.8990345746074786E-005  0.50000000000000000             1014 -0.12880008157941569                0
         321         322  0.12252965187021556        4.0765808550071510E-002  -1.0952504619379879E-003  0.97557453106160041        63331.226025514967        16.995860241612995        16.663660879396872       0.42008115943774760                0           0   74281.133539866772        1.0293936416602254E-004  0.25000000000000000             1024  0.71942347372929127                0
         323         324  0.13577855073708561        2.1714876777924844E-002  -1.0672784058174505E-003  0.97737634574565457        30402.145619620234        10.295090097572151        13.576299316284224       0.65243072281179249                0           0   154736.29119810546        6.2411468000077191E-005  0.25000000000000000             1026  0.36424252259864642                0
         337         338  0.14234346256931027        4.8688670540606271E-002  -2.7220309402593351E-003  0.98436219341894415        24424.438780536861        9.4883723855236379        12.429541869496054       0.40920624213148232                0           0   192606.89262565569        5.7724153992768256E-005  0.50000000000000000             1040   1.4565393690307626                0
         363         364   8.0030474895858961E-002   2.5241398542184282E-002  -3.2505135387658957E-004  0.96900162088983910        125469.53716214608        23.159872534501439        12.864132374610625       0.70589397850949576                0           0   37493.684634903126        1.3980643129274424E-004  0.50000000000000000             1066  0.54644966430379349                0
         371         372   9.0756420354949963E-002   8.9399293653254358E-002  -1.4941626717007766E-003  0.97790038526241019        78336.750524128642        20.236383406048532        10.816273890799827       0.45662925948340033                0           0   60052.468683849453        1.2271064128272370E-004  0.25000000000000000             1074  0.26804811936638639                0
         383         384   9.3433970454860987E-002   6.5975786712685114E-002  -2.9999592269293533E-003  0.97176827062077331        19385.313257799193        7.6576121486429507        10.153072734643766       0.47962111157605325                0           0   242674.19334851863        4.6290742961604388E-005  0.50000000000000000             1086  0.46707743256545708                0
         395         396  0.10118924464727580        7.2387835402996439E-002  -4.0679476328368365E-003  0.98184110250843104        15239.121285685993        6.7103307468978812        8.7210226965771191       0.49232984970980948                0           0   308699.90266850201        4.0771591993552411E-005  0.50000000000000000             1098   6.2513599624899954E-002           0
         401         402  0.11008182267075275        8.1520559788653676E-002  -2.1754919003101718E-003  0.98946501741247106        50292.904508829961        15.372504553420699        7.8863431109682036       0.43219390497756099                0           0   93538.349069078395        9.3761781152373525E-005  0.50000000000000000             1104  0.13729000014767154                0
         219         220   5.9461379470541447        2.5291364086335988      -0.75299076982192070       0.98221912150944157        80559.862777643633        74.428097414589246        6.5810681000257594       0.19670165947458815                0           0   58395.273967004177        4.5230718866207646E-004  0.50000000000000000              922  0.12513166466419062                0
         159         160  0.52009082554844766       0.13749382338007102       -6.8562166579241961E-003  0.98252657550525302        109146.58921206869        38.868446659729038        2.7756173544485723       0.57801436945580786                0           0   43100.891119047374        2.3624417772278330E-004  0.50000000000000000              862  0.18936907094286146                0
           1           2   2.0244841138268650       0.61000484406818434       -7.0741485713423660E-002  0.98738152934187551        118081.33591071346        65.056817812538299        16.051388401923653       0.48514609788683033                0           0   39839.617509086311        3.9638661146352313E-004  0.50000000000000000              704  0.12684992774287387                0
         283         284  0.18094602805437388        8.1870494517192083E-002  -1.6064068193646895E-003  0.97697797871714775        143540.44546752289        34.366892541613126        5.6973795288491198       0.28887775144400490                0           0   32773.447527785116        2.0829891525217590E-004  0.50000000000000000              986  -5.0542197683897568E-002           0
         185         186  0.24628085064239766        6.9358336926096664E-002  -1.8551080494142963E-003  0.99057546901522908        130681.44545928008        34.314639623851313        8.0561245684257408       0.53363455913976532                0           0   35998.341165507023        2.0941269287605858E-004  0.50000000000000000              888  0.21766151880001855                0
         191         192  0.17819880543248182        5.0730547014061628E-002  -8.9966543292994278E-004  0.98450778698896024        174927.64032278312        37.446621017460309        17.371990726617742       0.62566169994134646                0           0   26892.921261409472        2.2782970840593575E-004  0.25000000000000000              894  0.46985734286234282                0
          71          72  0.16939743337267674        2.6319217633798585E-002  -4.7647967898261517E-004  0.96976219828091648        170003.73667627125        34.870225322542275        11.017641542266423       0.27223733788394361                0           0   27671.834452691655        1.5082883319385277E-004  0.25000000000000000              774 -0.11816600246780055                0
          53          54  0.10539273585624893        8.3691576402142989E-002  -9.4861616487088496E-004  0.98840746126056767        171334.30925667207        34.651436372167325        13.585747839212379       0.25925166800545035                0           0   27456.936547351612        2.1096666920612941E-004  0.25000000000000000              756 -0.16959540788740957                0
         245         246  0.10614450888457336        7.9534736728126665E-002  -8.8338078697462622E-004  0.97533507163214717        180155.36208468804        35.614411017835778        8.9971632027904764       0.17122823149828650                0           0   26112.546433302068        2.1568078356416255E-004  0.50000000000000000              948  0.11103643222705631                0
         331         332  0.12214104311112879        9.8521910482032543E-002  -1.1537755047203683E-003  0.97154055198387024        188414.45473505274        38.868024797675822        16.563711697696331       0.29171321468788602                0           0   24967.910579153504        2.3493249830021899E-004  0.50000000000000000             1034   6.9063475494307594E-002           0
         203         204  0.10958957416913398        5.6611292613942377E-002  -6.2817234305771752E-004  0.98494187057407623        200051.97130642890        36.805509599966030        14.615872022396934       0.13799607740852204                0           0   23515.465640870621        1.6988547057778460E-004  0.50000000000000000              906 -0.16852584884067295                0
          21          22  0.17137201111473407        1.8580527211685235E-002  -2.8964617018065918E-004  0.97725619083110171        219756.57682243298        40.968444197440832        3.3779601279469960       0.24274146900899954                0           0   21406.937283364805        1.8343950172520064E-004  0.50000000000000000              724   6.6835161247306499E-002           0
         369         370  0.35577330781196675       0.28758888866695975       -6.5923629871082615E-003  0.96841922705639494        200307.85819162280        57.839387851881206        13.719729392257721       0.41364790847910105                0           0   23485.425385280789        3.4904883910831302E-004  0.50000000000000000             1072   1.5690959414923169                0
          77          78   9.3430964505624117E-002   2.0354482771848002E-002  -1.6334883162896549E-004  0.97425183352183942        309441.22681298596        43.386459025179242        10.292973768545094       0.55297159972161192                0           0   15202.613129787858        1.8457846561722538E-004  0.50000000000000000              780  0.84649615866376182                0
         315         316  0.30834333591613694       0.21242803698149326       -3.5544000840579989E-003  0.96932722246065328        288048.63087816222        68.675120176768687        7.3423928105843537       0.38824689780794175                0           0   16331.670257563481        4.1463143421502049E-004   1.5625000000000000E-002        1018  0.19621842161842418                0
          89          90  0.20842321107894346       0.10223825271363279       -1.3435582502014560E-003  0.98702482580270168        297769.38109927031        59.104743533761280        6.0147208064822912       0.75811001832330538                0           0   15798.519109916271        3.6005640583131949E-004  0.50000000000000000              792  0.40008883826147540                0
         155         156  0.50373356431637750       0.18870347651975347       -4.6345267489272665E-003  0.98128177235206437        293320.33962033020        76.435433608783669        11.466412946219243       0.72069794073999571                0           0   16038.148816184937        4.6428632181207922E-004  0.50000000000000000              858  0.45936043896352474                0
         187         188  0.16652052450678573        4.4390738220572948E-002  -5.1200105471243477E-004  0.98740860044556455        313872.49940009229        53.803263366689940        5.4769932146788971       0.66791085318338528                0           0   14987.981637882163        1.5401396217716847E-004  0.50000000000000000              890  0.29193614946005769                0
         255         256   8.3811449474318997E-002   3.0344259974373743E-002  -1.9498774621546684E-004  0.99476358635673934        366335.73421504453        48.606227887337262        9.0771799651566081       0.45709331356301236                0           0   12841.540746017587        1.7373772739312873E-004  0.50000000000000000              958  0.24051531786899716                0
          93          94   8.5361728603296438E-002   7.1347741082274679E-002  -4.1080252103106030E-004  0.97812880800934654        378910.90214675880        55.249666982163497        9.5889301968194633       0.44817533813982757                0           0   12415.359998859836        1.7179347800011020E-004  0.50000000000000000              796  0.35068015241863870                0
          95         546  0.62290701776509083       0.52092362269304604       -3.7742749383850825E-003  0.93637991970752465        1958546.9167999192        320.39304399402999        7.6619914378547795       0.51902536798844490                0           0   2401.9415707085386        1.3579194797128699E-003   3.7954285593384362E-003         798  0.32508863869128835                0
          67          68  0.52597586808430075       0.46375414949012228       -9.5351984985231255E-003  0.98266064699714351        341740.68956755206        95.332992401100725        15.572841678643144       0.43689033051473619                0           0   13765.745201713413        5.7947742737167690E-004  0.50000000000000000              770   7.0921667602842436E-002           0
         213         214   8.6717284611907239E-002   1.7710005955573944E-002  -1.1427078035879827E-004  0.98213695314694749        400632.33674856107        50.085097135765906        3.7293352264174038       0.35040349780968144                0           0   11742.225542311169        1.5552041722878169E-004  0.50000000000000000              916  0.15173595118406685                0
         313         314  0.11479116130453372        5.7685466757393881E-002  -3.9453446450446250E-004  0.99253727403468150        435049.79924732697        62.547398305763593        2.8694003619297122       0.42594516279813355                0           0   10813.279918261374        1.7042172232509015E-004  0.50000000000000000             1016   7.7417838694626123E-002           0
         365         366  0.29906545429998188       0.27572229150032296       -3.4223050706489746E-003  0.97703614846779008        409915.73603235272        89.792227251814452        13.158565197312553       0.29267197191813832                0           0   11476.298283102440        5.4424978456707430E-004  0.50000000000000000             1068 -0.23639257866298896                0
         201         202  0.41909726131645580       0.36316033186407948       -5.4401348907038797E-003  0.97784193266974673        439642.50440806977        104.26124217537117        15.572928600032903       0.38979565872611860                0           0   10700.319487940789        6.3220712582260643E-004  0.50000000000000000              904   7.1797388313985896E-002           0
         171         172  0.11855449161888632       0.10910379859810015       -6.3808363105355751E-004  0.99690688946593098        502629.43037454027        75.543937317710842        4.4027820943402691       0.23580861599321062                0           0   9359.4106778413025        1.6222029374787257E-004  0.25000000000000000              874  -7.3365620722675870E-002           0
         347         348  0.19457293008789711        9.8264029982305379E-002  -8.4213227326918961E-004  0.97623178622328566        525292.62380639045        84.608893442837001        5.5066992348645867       0.39550344728259706                0           0   8955.6088253366652        5.1262384884362530E-004  0.12500000000000000             1050  0.15702854925310344                0
         343         344   9.9716206803828866E-002   3.9838043689421537E-002  -1.9541286924161294E-004  0.98547806040898511        644708.77578794607        75.758248904357316        13.898767662674908       0.57968252461507697                0           0   7296.8066114739531        4.6110969753691106E-004  0.50000000000000000             1046   1.7342839626424298                0
          99         100  0.11123848720615616        3.9011678252708890E-002  -1.9764343022701515E-004  0.98119635498491209        697449.45099556562        81.825121918085514        9.5498981480144227       0.54699480060712047                0           0   6745.0268272914218        1.9609050585244134E-004  0.25000000000000000              802  0.13534194380899750                0
         391         392  0.13558686976987694        5.7578981684498085E-002  -2.5446740011902898E-004  0.98428057182237338        1015963.8259505472        114.33226250480101        12.167114600091773       0.31884760818197189                0           0   4630.3964151906221        1.9855493643177781E-004  0.50000000000000000             1094  0.10355947585642590                0
         385         386  0.12648191059682606        5.9749107023494945E-002  -2.5030111744847215E-004  0.99192399726360403        1010156.8010307509        112.51654391747591        17.242743310805796       0.27515527472366552                0           0   4657.0148840700185        1.9971473045980897E-004  0.50000000000000000             1088   7.4472274654933703E-003           0
          41          42  0.11122608390456809        8.6847116325004775E-002  -3.0034655602715249E-004  0.97689552612968544        1076875.4069236529        119.85571002551679        1.4746789124878026       0.83428412762374626                0           0   4368.4861102769009        1.9934720720389158E-004  0.44130549828641608              744  0.51969669140156927                0
         345         346  0.55774375829353751       0.47607345656862060       -4.7923803546830179E-003  0.97923176074338625        1065819.0059203701        206.47940675782556        2.6587897370314137       0.24892858183557315                0           0   4413.8031237137029        1.2529054742208931E-003  0.50000000000000000             1048  -4.2394678527095983E-002           0
          73          74  0.94128231410560004       0.69908498357263338       -1.0547991353088345E-002  0.98595090542721642        1010924.7705775029        232.48741209934116        16.740433580234672       0.52066791471825657                0           0   4653.4770880699325        1.4155097427745917E-003  0.50000000000000000              776  0.38527210688060232                0
         285         286   8.9462339041284894E-002   4.2834040765278178E-002  -1.2838168338598593E-004  0.97556116315563901        1178106.6063545495        111.23605151706303        9.7326791470781036       0.66509855360617509                0           0   3993.1150816660524        1.4410236536712358E-004  0.50000000000000000              988  0.22810434485839257                0
         293         294  0.55382231722128972       0.12326253909399966       -1.3046202120956597E-003  0.97555013427591697        1208714.8768618368        195.00098063437505        9.4436131358908781       0.52509794105394791                0           0   3891.9974823661364        1.1809822740092247E-003  0.50000000000000000              996  0.92231379994191454                0
         123         124  0.67985937278035102       0.12376754478802159       -1.4259437356367586E-003  0.97763450747397851        1328700.8239903566        219.90890269502705        7.1551901499780870       0.57111163778251384                0           0   3540.5376234484115        1.3330674591925293E-003  0.25000000000000000              826  0.32063969246052926                0
           7           8  0.10772050310063933        1.1526931384030817E-002  -3.7943697728780554E-005  0.99082248886431246        1424470.1409572540        121.95279694780302        12.125677773395767       0.46110860461941500                0           0   3302.5018372680170        1.6260639909577266E-004   6.2500000000000000E-002         710  -9.6480044182979119E-003           0
         355         356  0.32294731613854971       0.22153041596011064       -1.4146791448691402E-003  0.98835597978780254        1280677.5733209376        188.46314208734015        6.0615685187476753       0.43540485275482038                0           0   3673.3018174480535        1.1488556879049804E-003  0.50000000000000000             1058   6.7193440091963208E-002           0
          85          86   8.0567479673496034E-002   7.0359839832317903E-002  -1.6540594186675728E-004  0.98642166572395873        1357017.8794508749        127.71821781941760        8.6246216514601066       0.30913766416144389                0           0   3466.6567986181526        1.9401392259058692E-004   6.2500000000000000E-002         788  -5.6321016836780965E-002           0
         387         388  0.11696728908539532        8.3148869844046139E-002  -2.2937116654232366E-004  0.96187561874205030        1621814.1204271403        158.01608150334684        3.4116210676130674       0.57056303657772833                0           0   2900.6500796810046        9.3978381036513906E-004   1.9045322682841888E-005        1090  0.18427736257486360                0
         103         104   9.4240900685283069E-002   8.1646476448274677E-002  -1.9581474411928143E-004  0.97430932578693863        1543295.6101144454        146.43699954217337        3.3612752935671062       0.16042978823800971                0           0   3048.2269416265021        8.8618227905427590E-004  0.25000000000000000              806  -5.4035431726252921E-002           0
          65          66   8.1196656538748205E-002   3.2700733033609646E-002  -6.2627861262289943E-005  0.98184767372588766        2149336.5504112290        157.99647215383459        12.884421879639602       0.55462536793213590                0           0   2188.7290088398181        1.9363885980735446E-004  0.50000000000000000              768  0.17610891774851389                0
          15          16  0.12041882448822794        4.7134796559794988E-002  -1.1370748620294229E-004  0.97825164521118502        2263928.7909641471        186.02285177799217        12.240354127570289       0.58827716771693883                0           0   2077.9431210119114        1.1281688166013199E-003  0.50000000000000000              718  0.17996845648458659                0
         243         244  0.10897784068549871        6.2870305948584129E-002  -1.2688985103554134E-004  0.99345305026723485        2514966.0648626112        201.22235189126619        9.5658239832797243       0.37130466289900588                0           0   1870.5283237695505        1.2297376519750148E-003  0.50000000000000000              946   7.3297445294118080E-002           0
         403         404  0.17519688796893346        3.8994197612049461E-002  -1.0593127199978180E-004  0.98389284057039061        2940504.2774435151        240.33749184714605        17.158183438103958       0.42504597966160462                0           0   1599.8328224622451        1.4480545641846452E-003   7.5490517309430392E-004        1106  0.14949238985685953                0
         127         128  0.41687934908818136       0.27898104023835063       -1.0601324713850049E-003  0.99434194081511351        3619474.9262651657        408.83142482301037        12.873869181002366       0.28442960792282856                0           0   1299.7231237899509        2.4997052625840904E-003  0.25000000000000000              830  -2.2767665439494961E-003           0
         217         218   8.1228311512873880E-002   6.5270211912634449E-002  -8.4864059256294254E-005  0.97696892315676265        3390006.8490829859        232.81876606981328        16.283022264654281       0.74758600612878412                0           0   1387.7008121435813        1.4110585494170628E-003  0.50000000000000000              920  0.32169940653793216                0
         143         144  0.25022565110097550       0.15769561095085233       -3.9893226177458845E-004  0.97378367469115990        4047244.7606835263        368.61381757316616        9.0996910742443458       0.64310512118592600                0           0   1162.3500766111972        2.2305190603367172E-003  0.50000000000000000              846  0.21922759455413107                0
          61          62  0.16574606629006447        5.1105325148539382E-002  -1.0680914848388477E-004  0.98146224652464376        3985102.7316611102        295.54272204541036        6.0658709418788854       0.43939481311953499                0           0   1180.4752786595950        1.7952874583487142E-003  0.50000000000000000              764  0.27989561650583022                0
          29          30   9.2064989403419284E-002   3.8673592252436655E-002  -4.8326417632826574E-005  0.98790084533106615        4595724.3541263249        274.56410217347485        6.6782316252354565       0.82626552803642184                0           0   1023.6286807368981        1.6733196375634911E-003  0.25000000000000000              732  0.51033856338860406                0
         405         406   8.7236661288412828E-002   5.5735761705262711E-002  -1.4072219982536795E-005  0.99445045527554632        44632234.652881853        1287.6258805654079        9.9022577655824069       0.66299456972943782                0           0   105.40174145954420        7.8733128566099032E-003  0.50000000000000000             1108   1.2953653220248014                0
          45          46   8.6894120985331738E-002   8.6164685909330241E-002  -8.2040856412477007E-005  0.98387083180607882        5506893.1944410549        340.10174038637848        7.5019059085750417       0.63851275092540483                0           0   854.25939664011355        2.0685513436049150E-003  0.25000000000000000              748  0.47197393573737567                0
         161         162   9.3309048906446132E-002   9.2827486138433946E-002  -9.1369740835049474E-005  0.98825574679378814        5621475.9215190932        353.27857114688845        7.1144526566378978       0.48873754186572110                0           0   836.84699949288665        1.0441870721529295E-003   4.2386236860701507E-005         864  0.14029865546822062                0
         289         290  0.10428359770713377        2.3242149003040714E-002  -2.7029455843358630E-005  0.98098871498663909        6248168.9922466138        334.17527964653272        17.317768191450838       0.16368960577388877                0           0   752.91101496812462        2.0255682319649001E-003   1.1305843294690204E-003         992  -4.5984132072882308E-002           0
         115         116   9.5073144526220191E-002   4.6025486525321645E-002  -4.6726263478262970E-005  0.98361077625756288        6339435.9430684811        348.99124241529205        12.774574567847841       0.47575914521272084                0           0   742.07158174513086        2.1223306805025111E-003  0.12500000000000000              818  0.16990384047438789                0
         223         224  0.13901763968801717        6.0776114313866474E-002  -7.7058402094762319E-005  0.98945806359658384        6749203.7278000657        408.60358975149222        4.2074772157024674       0.33834091036382291                0           0   697.01781830464267        2.2504926878449860E-003   4.8383933247702211E-004         926  0.10446401520782161                0
         199         200  0.11230093762090229        4.7925291740752780E-002  -4.9845320530023470E-005  0.98557578802919299        7365259.5215128316        402.38621163417127        8.9751044116452476       0.36183484906876529                0           0   638.71683596540686        2.4494184751019071E-003  0.50000000000000000              902  0.76388509408312688                0
         373         374  0.15845034820673778       0.15233439132851201       -1.7085702683252826E-004  0.97949715033199292        7914561.5013503274        526.47487590011133        3.7774146533284569       0.40696557124024096                0           0   594.38735258322845        2.2709407183581234E-003   4.8299564815906495E-005        1076  0.10361227853404309                0
          69          70  0.10464422723177559       0.10349050793134676       -8.6377732787562200E-005  0.98042651398566583        8085705.8082159301        467.23280664956275        12.044258603841310       0.16876070996877801                0           0   581.80638391081243        2.8368343572848856E-003  0.50000000000000000              772 -0.16212753082550796                0
          51          52  0.11606384615255892        9.5064690585184505E-002  -1.2276543213329298E-004  0.98205345115529663        4872545.5793825211        334.93415447263214        5.4034838137092365       0.45378837096087543                0           0   965.47383313362923        1.9892380511386115E-004  0.25000000000000000              754   6.4213416711707758E-002           0
         265         266   8.4095384718170976E-002   3.6296916915751078E-002  -2.5177957479461954E-005  0.98207425375478841        10108855.182655610        451.79429161286163        3.1490726226076498       0.50518160356116937                0           0   465.36577808694386        2.5957194167214852E-003   6.6070415298220917E-004         968  0.21606045836041618                0
         367         368  0.20322917187314732       0.17631903439505672       -1.9839487180566866E-004  0.98268924121217682        10353041.699071426        673.09155268198765        13.086499987382721       0.52459386469074643                0           0   454.38967545805377        3.3987181150721669E-003   4.3355805572700028E-004        1070   1.5317683381581275                0
         305         306   8.5255713978393793E-002   1.6586699482616780E-002  -1.1931200371230782E-005  0.97557216214542408        10624387.113807641        441.69112072417624        12.146814354481767       0.26211575866474673                0           0   442.78462439785847        2.6751951435917505E-003  0.50000000000000000             1008   7.8458901378520712E-002           0
         325         326  0.14296285691723640        1.8018411898666035E-002  -1.7591034512000332E-005  0.98525910189351285        11605238.715074902        545.71725305743564        8.1863015549761933       0.37616392657049608                0           0   405.36135215676182        1.9976652747874619E-004  0.25000000000000000             1028   2.6609088689946277E-002           0
         119         120  0.12744757891135747        8.2887871857059842E-002  -6.3848789170769046E-005  0.98269985033698937        12193204.574003790        616.57973866081329        10.343602869392408       0.25590490212050643                0           0   385.81451078697370        3.7479255214838184E-003  0.12500000000000000              822   6.7822816372272610E-002           0
         133         134  0.13034205300579016        4.8697333779162973E-002  -3.8327377510222153E-005  0.98105292238164299        13234754.599424075        617.16312981917963        5.5914390499882289       0.47473746544034584                0           0   355.45164228806152        3.3739139354732276E-003   6.2853692975802097E-004         836  0.20945167168349402                0
          17          18   8.8310858010865509E-002   3.6165089814597706E-002  -2.2321003472730643E-005  0.98140412768925933        12747100.610456508        533.22349031307033        9.1208988247315546       0.36433207720453586                0           0   369.04982563531280        3.2391129273980847E-003  0.50000000000000000              720  -4.3254542289359169E-002           0
         275         276  0.13196141201412448        6.9014568623332620E-002  -4.7734065441659742E-005  0.97885573882655996        15446714.221379951        711.01480455312185        9.8896992543433377       0.42002585725164948                0           0   304.55119388002100        4.3071332307963754E-003   6.6346233273910143E-004         978  0.37091698378038074                0
         221         222  0.10685030920939192        6.9974509155263417E-002  -3.1625346047171911E-005  0.98441914077435755        22715283.161631726        881.04825179652596        12.696388086498922       0.19249965934170254                0           0   207.09912459250336        4.5865176662903320E-003   4.4722313287876425E-005         924 -0.20295903866925613                0
         157         158  0.17882018552997023        8.7937108552675433E-002  -4.2075726698020986E-005  0.98507453352444296        36757564.059016012        1392.7604742087101        6.1525603864530805       0.37193562356135607                0           0   127.98223652937835        8.0956201475745459E-003   3.9478781795572823E-004         860   8.2676382654593254E-003           0
         145         146  0.11284151051838727        7.1741434973604884E-002  -2.4259722189572934E-005  0.99378731844131729        37282337.469862513        1243.5763755946932        10.921066094846278       0.41462954290416004                0           0   126.18080240938583        5.3395694253490561E-003   1.9464715133766386E-004         848  0.14868608040672043                0
         399         400  0.17014458503807270        6.6018282057290864E-002  -2.6984405396741114E-005  0.99072853041601561        45921669.576133870        1551.2751446096565        11.473825457056574       0.22753028255025978                0           0   102.44216512741212        9.4657259466950864E-003   1.1440000274756398E-004        1102 -0.12836871564145233                0
         267         268  0.11152016154947933        1.9237634443879208E-002  -2.0555988610501018E-005  0.97570785970731588        7747926.0516690128        388.94305895284310        2.5933627795414167       0.54391058094207900                0           0   607.17090306139244        2.1523423672033816E-003   5.6827676725795047E-004         970  0.15211350922640204                0
