  34   1   1   452 156   0      0.0   0.46   4.88  6.481     0.0  -0.2385   0.0000
  -0.301728   0.000000  -0.494248   0.062472  -0.571267   0.053723   0.000000   0.000000   0.000000   0.000000
   0.00000   0.00000   0.23655   1.07906   0.00000  -0.87300   0.00000   0.00000  -0.92164   0.77512   0.03618   0.00000   0.00000
 NAME(I1)    NAME(I2)    M1[M*]                    M2[M*]                    EB[NB]                    ECC                       P[Days]                   SEMI[AU]                  RI[PC]                    VI[km/s]                  K*(I1)      K*(I2)      ZN[NB]                    RP[NB]                    STEP(I1)[NB]              NAME(ICM)                 ECM[NB]                   K*(ICM)      
           3           4   8.7970317491499028E-002   4.9196061553816367E-002  -9.2897646351125171E-004  0.98018963898304645        71340.815372945974        17.361255191394889        9.3135126012992355       0.17469306365541398                0           0   65941.428242054317        1.0539810829294615E-004   1.5245494008083902E-003         706  0.16155764948561069                0
          57          58   8.8793517676333700E-002   7.4789808565780366E-002  -1.3944536633748324E-003  0.99288618157622466        67519.482439442989        17.747571380570307        14.487804699804784       0.53059956467200053                0           0   69673.449613065080        1.0843421479498632E-004   1.4428877208345079E-003         760   1.1619904236336778                0
          59          60  0.52934127945164156       0.11516011942956719       -3.1001072744619322E-002  0.99635260950274573        9025.0375450904266        7.3279160146024838        16.113099903219045       0.78203271767571636                0           0   521251.59969045070        4.4850020571511419E-005   1.9286456861633512E-004         762   1.3683653410320720                0
          63          64  0.11284127030153632        5.3401276685359052E-002  -1.4468849236327175E-003  0.97984293960292113        54774.265105649982        15.520472950299069        9.9226491454263765       0.40115229755040505                0           0   85885.502043175962        9.4206442072616631E-005   1.1705231095270881E-003         766  0.18469244519692057                0
          83          84  0.10272953417562042        4.1373672231505683E-002  -1.2819188696754095E-003  0.97370419826673227        41789.837138321200        12.356008093958177        12.970840335138542       0.34476170062613026                0           0   112570.79662870750        7.4766174595093939E-005   8.9304657980217447E-004         786  0.15998557596165311                0
          87          88  0.10306885414503236        3.0345968261083246E-002  -4.1821248241819420E-003  0.98428134930470224        4652.7998571211401        2.7870887101701558        13.006795673945945       0.29185594047696339                0           0   1011071.9141389197        1.6955045282497800E-005   9.9430083566796198E-005         790   7.9861050227127875E-002           0
         105         106  0.12790761581087476        8.1406408734692293E-002  -3.3640542461646258E-002  0.96974758674909145        989.02684361157492        1.1534833915785283        15.825722995249969       0.34732113332193676                0           0   4756509.1767037120        6.9657331703446991E-006   2.1135450638306541E-005         808   5.3261479995252936E-002           0
         131         132   8.4797441590329786E-002   6.4637458177469395E-002  -7.7121942017657882E-004  0.98912831439601701        128788.41655396212        26.485513546867381        9.8144452703856810       0.46989343247095139                0           0   36527.471829531067        1.6151620773559698E-004   2.7522015589810937E-003         834  0.18248373419234762                0
         137         138  0.13717930409073115       0.13193897190263901       -4.0334545728335997E-003  0.97817964388784162        48147.574536657077        16.722602131164937        11.507030442420190       0.14527301687858904                0           0   97706.173216745112        1.0141787278782275E-004   1.0289110872438113E-003         840  0.62039465816244221                0
         167         168  0.11739175763496201        6.6852661947444644E-002  -1.3371095085191684E-003  0.97921691183512483        87047.450602289726        21.873015901955345        10.171501061689339       0.66829060168061638                0           0   54043.113555826756        1.3272323952673876E-004   1.8601993538182157E-003         870  0.42002912019742322                0
         177         178  0.17518944591650459       0.15841447355487015       -4.8844045916293037E-002  0.97081544669269548        1948.4551180766894        2.1174370246531056        5.3708064425037989       0.80646691000280812                0           0   2414382.1502485364        1.2793853451865820E-005   4.1638381440371703E-005         880  0.53809655646079868                0
         181         182  0.16494482085752635        4.8117280213717237E-002  -2.2342341753636167E-003  0.98308070947828008        38113.841390388654        13.238244572811659        6.8387584334568112       0.30632727778844515                0           0   123428.00111539195        8.0485139620415977E-005   8.1449074769417769E-004         884   4.1630736006261590E-002           0
         193         194  0.13607741833753259        1.4509867592654014E-002  -3.3139095177587647E-004  0.98026160729439438        98477.807758994706        22.203845682541278        14.149611816573090       0.68162862315338235                0           0   47770.308506030713        1.3480179630591914E-004   2.1044654736148906E-003         896   1.1824371431052090                0
         195         196  0.23980714281985319       0.16746154432118399       -1.7866781603804005E-002  0.96643523058497638        13874.745800257982        8.3762612435180923        13.816637041922396       0.97339829554424306                0           0   339055.96004197007        5.0498069052990366E-005   2.9650257409552435E-004         898  0.76826821422862701                0
         207         208   9.9440827635248155E-002   5.0100703362626467E-002  -8.7683211256005204E-003  0.98112175417415370        2910.2243960466299        2.1174416066239212        3.8494000287771004       0.75487943972250060                0           0   1616478.5313583727        1.2860786271453537E-005   6.2191339361862330E-005         910  0.50088772723318220                0
         225         226  0.11258739991983015        4.7810171057872303E-002  -9.4939383745014589E-004  0.98185672257896206        88575.957032427817        21.129198100363176        14.462356300379284       0.57961630819594767                0           0   53110.521356517827        1.2838083044770557E-004   1.8928634543056697E-003         928   1.1222330270377125                0
         235         236   9.9158490776633662E-002   3.5661683213779022E-002  -5.1301121046354124E-003  0.96614283730650707        4095.4263718306088        2.5687641194955386        8.8376779676918211       0.28627037680105893                0           0   1148675.3345151674        1.5484037106406675E-005   8.7519042060135716E-005         938  0.14681288085625568                0
         239         240   8.3253089810449737E-002   5.9845060969569666E-002  -7.4110620056441019E-004  0.97866503909393976        121080.59857328323        25.053451414275163        13.589137135218271       0.45797613587478059                0           0   38852.758518512826        1.5197941044801133E-004   2.5874859018561497E-003         942  0.14600945603279697                0
         247         248  0.12867704596478571        5.6124925773135610E-002  -4.8755267774440045E-002  0.97148621675522984        348.47281385192167       0.55201979559906922        16.408330452463648       0.63530603699250510                0           0   13499805.639483234        3.3365167437779866E-006   7.4468453546359104E-006         950  0.42829525693567994                0
         249         250   8.3325272192247987E-002   6.4931060179189190E-002  -5.9417119074347373E-003  0.97581540753508467        5929.7866670524481        3.3934150410168407        15.000002515279434       0.56437149180160473                0           0   793336.34104971308        2.0555510157367267E-005   1.2671922325133191E-004         952   1.3341362202820899                0
         271         272  0.13618545113931463       0.10282415591629936       -1.7643068358636144E-003  0.98806680624688603        120181.93023047518        29.578155387187675        5.3576092828496806       0.51174161182884903                0           0   39143.282593508091        1.8027976026539725E-004   2.5682814075369963E-003         974  0.12793409265437197                0
         287         288   8.8414603939471620E-002   4.2704642040310346E-002  -5.8515194294090581E-004  0.98093659039144399        118941.02246670357        24.046383900145148        5.5526934970776836       0.61882801443120417                0           0   39551.663169548527        1.4603779329379048E-004   2.5417632751351354E-003         990  0.25888170197576482                0
         291         292  0.10251315781699964        2.9651563345757474E-002  -1.1831110334550475E-003  0.98075559013170377        29765.556837160901        9.5746088155111213        6.2416843632024301       0.59091009912813852                0           0   158045.59892431262        5.8142920318824777E-005   6.3608835424146942E-004         994  0.19752837584082281                0
         303         304  0.77980953382043972       0.33783563817501155       -5.2382472905160467E-002  0.97671789874474535        28033.625192942258        18.742492285908785        8.6284884968318032       0.63419251999167148                0           0   167809.73653129677        1.1358394461059082E-004   5.9907706783226015E-004        1006  0.26426898719803882                0
         311         312  0.16827131513595273       0.11782564957455051       -9.1314488263872420E-003  0.97485864189666582        15717.300866973132        8.0915100549741776        12.017312601051037       0.18525293950344157                0           0   299308.08714936365        4.8990345746074786E-005   3.3587787711431076E-004        1014 -0.17603636708504602                0
         321         322  0.12252965187021556        4.0765808550071510E-002  -1.0952504619379879E-003  0.97557453106160041        63331.226025514967        16.995860241612995        14.712851626725362       0.48568118687858675                0           0   74281.133539866772        1.0293936416602254E-004   1.3533849057502374E-003        1024  0.77761585340991524                0
         323         324  0.13577855073708561        2.1714876777924844E-002  -1.0672784058174505E-003  0.97737634574565457        30402.145619620234        10.295090097572151        10.486886606889792       0.58430629400308520                0           0   154736.29119810546        6.2411468000077191E-005   6.4969222240286088E-004        1026  0.35817755380186656                0
         337         338  0.14234346256931027        4.8688670540606271E-002  -2.7220309402593351E-003  0.98436219341894415        24424.438780536861        9.4883723855236379        15.936103544060074       0.52046212349420995                0           0   192606.89262565569        5.7724153992768256E-005   5.2194894764364438E-004        1040   1.5035983220713010                0
         357         358   7.9717634398698847E-002   3.5168480550120958E-002  -1.1543449013877967E-003  0.99034897964864510        29342.295402160125        9.0508997532508531        14.897996025700548       0.51295261438900586                0           0   160325.40035359471        5.5228836842580753E-005   6.2704328006138888E-004        1060  0.82557367547560800                0
         363         364   8.0030474895858961E-002   2.5241398542184282E-002  -3.2505135387658957E-004  0.96900162088983910        125469.53716214608        23.159872534501439        12.061618664535946       0.68279573600916477                0           0   37493.684634903126        1.3980643129274424E-004   2.6812772842626522E-003        1066  0.47762471306138066                0
         371         372   9.0756420354949963E-002   8.9399293653254358E-002  -1.4941626717007766E-003  0.97790038526241019        78336.750524128642        20.236383406048532        9.9470578957133959       0.37913969145530851                0           0   60052.468683849453        1.2271064128272370E-004   1.6740521600223611E-003        1074  0.21801579181366373                0
         383         384   9.3433970454860987E-002   6.5975786712685114E-002  -2.9999592269293533E-003  0.97176827062077331        19385.313257799193        7.6576121486429507        13.916495417346736       0.55406682082103609                0           0   242674.19334851863        4.6290742961604388E-005   4.1426310530883262E-004        1086  0.49163486912745491                0
         395         396  0.10118924464727580        7.2387835402996439E-002  -4.0679476328368365E-003  0.98184110250843104        15239.121285685993        6.7103307468978812        8.8915446107341563       0.47318765730168311                0           0   308699.90266850201        4.0771591993552411E-005   3.2565920509158294E-004        1098   3.4126500141376130E-002           0
         401         402  0.11008182267075275        8.1520559788653676E-002  -2.1754919003101718E-003  0.98946501741247106        50292.904508829961        15.372504553420699        11.504842473909321       0.49050032617851630                0           0   93538.349069078395        9.3761781152373525E-005   1.0747566737641576E-003        1104  0.17264933420055931                0
