 121 917   1   452 116   0      0.9   0.46   4.88  6.232     0.0  -0.2385   0.0000
  -1.209956   0.000000   0.288313   0.062472  -0.571267   0.053723   0.000000   0.000000   0.000000   0.000000
   0.00000   0.00000   0.15259   0.03436   0.00000  -1.20996   0.00000   0.00000  -0.92164   0.77512   0.20997   0.00000   0.00000
 NAME(I1)    NAME(I2)    M1[M*]                    M2[M*]                    EB[NB]                    ECC                       P[Days]                   SEMI[AU]                  RI[PC]                    VI[km/s]                  K*(I1)      K*(I2)      ZN[NB]                    RP[NB]                    STEP(I1)[NB]              NAME(ICM)                 ECM[NB]                   K*(ICM)      
           3           4   8.7970317491499028E-002   4.9196061553816367E-002  -9.2897646351125171E-004  0.98018963898304645        71340.815372945974        17.361255191394889        7.5263092991405571       0.18977832158772365                0           0   65941.428242054317        1.0539810829294615E-004  0.50000000000000000              706  0.10943679548320762                0
          57          58   8.8793517676333700E-002   7.4789808565780366E-002  -1.3944536633748324E-003  0.99288618157622466        67519.482439442989        17.747571380570307        13.108193940863201       0.68545448922806296                0           0   69673.449613065080        1.0843421479498632E-004  0.50000000000000000              760   1.1509561513020254                0
          59          60  0.52934127945164156       0.11516011942956719       -3.1001072744619322E-002  0.99635260950274573        9025.0375450904266        7.3279160146024838        16.588595974211255       0.84588092674462900                0           0   521251.59969045070        4.4850020571511419E-005  0.50000000000000000              762   1.4518660382078297                0
          63          64  0.11284127030153632        5.3401276685359052E-002  -1.4468849236327175E-003  0.97984293960292113        54774.265105649982        15.520472950299069        12.083259560060533       0.38579300066030170                0           0   85885.502043175962        9.4206442072616631E-005  0.50000000000000000              766  0.23324843268811124                0
          83          84  0.10272953417562042        4.1373672231505683E-002  -1.2819188696754095E-003  0.97370419826673227        41789.837138321200        12.356008093958177        13.866241412416253       0.37291749909641037                0           0   112570.79662870750        7.4766174595093939E-005  0.50000000000000000              786  0.23212183589052990                0
          87          88  0.10306885414503236        3.0345968261083246E-002  -4.1821248241819420E-003  0.98428134930470224        4652.7998571211401        2.7870887101701558        15.133585571835523       0.31675218087410334                0           0   1011071.9141389197        1.6955045282497800E-005  0.50000000000000000              790   8.7427819769782533E-002           0
         105         106  0.12790761581087476        8.1406408734692293E-002  -3.3640542461646258E-002  0.96974758674909145        989.02684361157492        1.1534833915785283        18.652558100176105       0.31126084463317544                0           0   4756509.1767037120        6.9657331703446991E-006  0.25000000000000000              808  0.11605477354325366                0
         131         132   8.4797441590329786E-002   6.4637458177469395E-002  -7.7121942017657882E-004  0.98912831439601701        128788.41655396212        26.485513546867381        8.2303690469820232       0.43870033381108403                0           0   36527.471829531067        1.6151620773559698E-004   6.2500000000000000E-002         834  0.12083660667364361                0
         137         138  0.13717930409073115       0.13193897190263901       -4.0334545728335997E-003  0.97817964388784162        48147.574536657077        16.722602131164937        11.720783818567295       0.22822071608866232                0           0   97706.173216745112        1.0141787278782275E-004  0.50000000000000000              840  0.66884317486152378                0
         167         168  0.11739175763496201        6.6852661947444644E-002  -1.3371095085191684E-003  0.97921691183512483        87047.450602289726        21.873015901955345        12.720887050562983       0.68200565850628969                0           0   54043.113555826756        1.3272323952673876E-004  0.50000000000000000              870  0.41890004221941946                0
         177         178  0.17518944591650459       0.15841447355487015       -4.8844045916293037E-002  0.97081544669269548        1948.4551180766894        2.1174370246531056        3.9360913100002350       0.80659037661459854                0           0   2414382.1502485364        1.2793853451865820E-005  0.25000000000000000              880  0.51013001645323086                0
         181         182  0.16494482085752635        4.8117280213717237E-002  -2.2342341753636167E-003  0.98308070947828008        38113.841390388654        13.238244572811659        5.4874686946530682       0.31183811719787480                0           0   123428.00111539195        8.0485139620415977E-005  0.50000000000000000              884   4.8169373153656395E-002           0
         193         194  0.13607741833753259        1.4509867592654014E-002  -3.3139095177587647E-004  0.98026160729439438        98477.807758994706        22.203845682541278        15.689447559170697       0.74112358595736394                0           0   47770.308506030713        1.3480179630591914E-004  0.50000000000000000              896   1.1852829168938337                0
         195         196  0.23980714281985319       0.16746154432118399       -1.7866781603804005E-002  0.96643523058497638        13874.745800257982        8.3762612435180923        10.995034742233910       0.99537643510362539                0           0   339055.96004197007        5.0498069052990366E-005  0.50000000000000000              898  0.75170646874445457                0
         207         208   9.9440827635248155E-002   5.0100703362626467E-002  -8.7683211256005204E-003  0.98112175417415370        2910.2243960466299        2.1174416066239212        4.2109496948567635       0.72778215919956724                0           0   1616478.5313583727        1.2860786271453537E-005  0.25000000000000000              910  0.45678925722463398                0
         225         226  0.11258739991983015        4.7810171057872303E-002  -9.4939383745014589E-004  0.98185672257896206        88575.957032427817        21.129198100363176        15.819120408518373       0.66901552314934232                0           0   53110.521356517827        1.2838083044770557E-004  0.50000000000000000              928   1.1131906713725055                0
         235         236   9.9158490776633662E-002   3.5661683213779022E-002  -5.1301121046354124E-003  0.96614283730650707        4095.4263718306088        2.5687641194955386        6.8004702310735503       0.31135403084082636                0           0   1148675.3345151674        1.5484037106406675E-005  0.50000000000000000              938  0.12289445873525620                0
         239         240   8.3253089810449737E-002   5.9845060969569666E-002  -7.4110620056441019E-004  0.97866503909393976        121080.59857328323        25.053451414275163        15.401791829277059       0.48566825669968477                0           0   38852.758518512826        1.5197941044801133E-004  0.50000000000000000              942  0.14794891234002255                0
         247         248  0.12867704596478571        5.6124925773135610E-002  -4.8755267774440045E-002  0.97148621675522984        348.47281385192167       0.55201979559906922        19.270092385538359       0.59721870213076766                0           0   13499805.639483234        3.3365167437779866E-006  0.50000000000000000              950  0.54688533946711426                0
         249         250   8.3325272192247987E-002   6.4931060179189190E-002  -5.9417119074347373E-003  0.97581540753508467        5929.7866670524481        3.3934150410168407        16.801697021020779       0.45643223716126896                0           0   793336.34104971308        2.0555510157367267E-005  0.50000000000000000              952   1.3359736066005883                0
         271         272  0.13618545113931463       0.10282415591629936       -1.7643068358636144E-003  0.98806680624688603        120181.93023047518        29.578155387187675        6.5104609922463981       0.48980755150466232                0           0   39143.282593508091        1.8027976026539725E-004  0.50000000000000000              974   8.5897048924841235E-002           0
         287         288   8.8414603939471620E-002   4.2704642040310346E-002  -5.8515194294090581E-004  0.98093659039144399        118941.02246670357        24.046383900145148        2.9811328597045859       0.61160257072693403                0           0   39551.663169548527        1.4603779329379048E-004  0.50000000000000000              990  0.21221964746281624                0
         291         292  0.10251315781699964        2.9651563345757474E-002  -1.1831110334550475E-003  0.98075559013170377        29765.556837160901        9.5746088155111213        9.6144980037559247       0.59295505835354190                0           0   158045.59892431262        5.8142920318824777E-005   6.2500000000000000E-002         994  0.24133998824236255                0
         303         304  0.77980953382043972       0.33783563817501155       -5.2382472905160467E-002  0.97671789874474535        28033.625192942258        18.742492285908785        5.9830702787989445       0.63279389882654302                0           0   167809.73653129677        1.1358394461059082E-004  0.50000000000000000             1006  0.22929025420544352                0
         311         312  0.16827131513595273       0.11782564957455051       -9.1314488263872420E-003  0.97485864189666582        15717.300866973132        8.0915100549741776        14.431328071962499       0.16930392065696989                0           0   299308.08714936365        4.8990345746074786E-005  0.50000000000000000             1014 -0.14290998967918173                0
         321         322  0.12252965187021556        4.0765808550071510E-002  -1.0952504619379879E-003  0.97557453106160041        63331.226025514967        16.995860241612995        16.886580950619603       0.42275815501721292                0           0   74281.133539866772        1.0293936416602254E-004  0.50000000000000000             1024  0.78438221297958521                0
         323         324  0.13577855073708561        2.1714876777924844E-002  -1.0672784058174505E-003  0.97737634574565457        30402.145619620234        10.295090097572151        12.249246042883486       0.62447497929512452                0           0   154736.29119810546        6.2411468000077191E-005  0.50000000000000000             1026  0.38846434612476344                0
         337         338  0.14234346256931027        4.8688670540606271E-002  -2.7220309402593351E-003  0.98436219341894415        24424.438780536861        9.4883723855236379        16.501363812933477       0.41901569280815781                0           0   192606.89262565569        5.7724153992768256E-005  0.50000000000000000             1040   1.5592516738160429                0
         357         358   7.9717634398698847E-002   3.5168480550120958E-002  -1.1543449013877967E-003  0.99034897964864510        29342.295402160125        9.0508997532508531        13.485193494801088       0.51800279159162654                0           0   160325.40035359471        5.5228836842580753E-005  0.50000000000000000             1060  0.89308351901768313                0
         363         364   8.0030474895858961E-002   2.5241398542184282E-002  -3.2505135387658957E-004  0.96900162088983910        125469.53716214608        23.159872534501439        10.147260370261332       0.68810490141673475                0           0   37493.684634903126        1.3980643129274424E-004  0.50000000000000000             1066  0.47978103828479884                0
         371         372   9.0756420354949963E-002   8.9399293653254358E-002  -1.4941626717007766E-003  0.97790038526241019        78336.750524128642        20.236383406048532        7.7852497117551200       0.42158860322087421                0           0   60052.468683849453        1.2271064128272370E-004  0.50000000000000000             1074  0.20658374868185958                0
         383         384   9.3433970454860987E-002   6.5975786712685114E-002  -2.9999592269293533E-003  0.97176827062077331        19385.313257799193        7.6576121486429507        13.131652543160872       0.48817093406135614                0           0   242674.19334851863        4.6290742961604388E-005  0.50000000000000000             1086  0.51390547203770121                0
         395         396  0.10118924464727580        7.2387835402996439E-002  -4.0679476328368365E-003  0.98184110250843104        15239.121285685993        6.7103307468978812        7.8698908789264532       0.47416307985540906                0           0   308699.90266850201        4.0771591993552411E-005  0.50000000000000000             1098   5.7360918000274749E-002           0
         401         402  0.11008182267075275        8.1520559788653676E-002  -2.1754919003101718E-003  0.98946501741247106        50292.904508829961        15.372504553420699        9.7364105593078900       0.44755027360055627                0           0   93538.349069078395        9.3761781152373525E-005  0.50000000000000000             1104  0.16428667200091346                0
         219         220   5.9461379470541447        2.5291364086335988      -0.75299076982192070       0.98221912150944157        80559.862777643633        74.428097414589246        9.5174794356987142       0.22451630701479555                0           0   58395.273967004177        4.5230718866207646E-004  0.50000000000000000              922  0.17220676159385781                0
         159         160  0.52009082554844766       0.13749382338007102       -6.8562166579241961E-003  0.98252657550525302        109146.58921206869        38.868446659729038        5.0456726268159215       0.57065984268101566                0           0   43100.891119047374        2.3624417772278330E-004  0.50000000000000000              862  0.21105962467325157                0
           1           2   2.0244841138268650       0.61000484406818434       -7.0741485713423660E-002  0.98738152934187551        118081.33591071346        65.056817812538299        13.781623573614208       0.47383570532982150                0           0   39839.617509086311        3.9638661146352313E-004  0.50000000000000000              704  0.10247336751058053                0
         283         284  0.18094602805437388        8.1870494517192083E-002  -1.6064068193646895E-003  0.97697797871714775        143540.44546752289        34.366892541613126        5.2755099346552630       0.29363425438098889                0           0   32773.447527785116        2.0829891525217590E-004  0.50000000000000000              986  -4.5189763893748791E-002           0
         185         186  0.24628085064239766        6.9358336926096664E-002  -1.8551080494142963E-003  0.99057546901522908        130681.44545928008        34.314639623851313        10.931751799540704       0.54964366685403721                0           0   35998.341165507023        2.0941269287605858E-004  0.50000000000000000              888  0.25112283754573517                0
         191         192  0.17819880543248182        5.0730547014061628E-002  -8.9966543292994278E-004  0.98450778698896024        174927.64032278312        37.446621017460309        16.136008469727980       0.62024237485530453                0           0   26892.921261409472        2.2782970840593575E-004  0.50000000000000000              894  0.50373289112674535                0
          71          72  0.16939743337267674        2.6319217633798585E-002  -4.7647967898261517E-004  0.96976219828091648        170003.73667627125        34.870225322542275        10.088614918036241       0.27255832333728930                0           0   27671.834452691655        1.5082883319385277E-004  0.50000000000000000              774 -0.14244363216731015                0
          53          54  0.10539273585624893        8.3691576402142989E-002  -9.4861616487088496E-004  0.98840746126056767        171334.30925667207        34.651436372167325        12.425800160084419       0.28161155583962372                0           0   27456.936547351612        2.1096666920612941E-004  0.50000000000000000              756 -0.17711833230226753                0
         245         246  0.10614450888457336        7.9534736728126665E-002  -8.8338078697462622E-004  0.97533507163214717        180155.36208468804        35.614411017835778        12.684618906108231       0.18955207085991926                0           0   26112.546433302068        2.1568078356416255E-004  0.50000000000000000              948  0.14749958019436368                0
         331         332  0.12214104311112879        9.8521910482032543E-002  -1.1537755047203683E-003  0.97154055198387024        188414.45473505274        38.868024797675822        13.181672889108235       0.29446530610535437                0           0   24967.910579153504        2.3493249830021899E-004  0.50000000000000000             1034   2.9620161953333668E-002           0
         203         204  0.10958957416913398        5.6611292613942377E-002  -6.2817234305771752E-004  0.98494187057407623        200051.97130642890        36.805509599966030        13.020976686409128       0.15385476740645060                0           0   23515.465640870621        1.6988547057778460E-004  0.50000000000000000              906 -0.19285823170760730                0
          21          22  0.17137201111473407        1.8580527211685235E-002  -2.8964617018065918E-004  0.97725619083110171        219756.57682243298        40.968444197440832        7.8395244114904514       0.23744487161991060                0           0   21406.937283364805        1.8343950172520064E-004  0.50000000000000000              724   9.5356487428223224E-002           0
         369         370  0.35577330781196675       0.28758888866695975       -6.5923629871082615E-003  0.96841922705639494        200307.85819162280        57.839387851881206        17.506258653954568       0.41827442562226258                0           0   23485.425385280789        3.4904883910831302E-004  0.50000000000000000             1072   1.6770310950497520                0
          77          78   9.3430964505624117E-002   2.0354482771848002E-002  -1.6334883162896549E-004  0.97425183352183942        309441.22681298596        43.386459025179242        13.814001559640058       0.52725469501818290                0           0   15202.613129787858        1.8457846561722538E-004  0.50000000000000000              780  0.92213822942759516                0
         315         316  0.30834333591613694       0.21242803698149326       -3.5544000840579989E-003  0.96932722246065328        288048.63087816222        68.675120176768687        10.454198040991971       0.36048363634554065                0           0   16331.670257563481        4.1463143421502049E-004   3.1250000000000000E-002        1018  0.21908089326535102                0
          89          90  0.20842321107894346       0.10223825271363279       -1.3435582502014560E-003  0.98702482580270168        297769.38109927031        59.104743533761280        8.2314265116184355       0.77023810458664177                0           0   15798.519109916271        3.6005640583131949E-004  0.50000000000000000              792  0.42766725675610068                0
         155         156  0.50373356431637750       0.18870347651975347       -4.6345267489272665E-003  0.98128177235206437        293320.33962033020        76.435433608783669        10.910280749295364       0.69853526901362040                0           0   16038.148816184937        4.6428632181207922E-004  0.50000000000000000              858  0.41976824882646036                0
         187         188  0.16652052450678573        4.4390738220572948E-002  -5.1200105471243477E-004  0.98740860044556455        313872.49940009229        53.803263366689940        7.8295516708619761       0.67765571879926123                0           0   14987.981637882163        1.5401396217716847E-004  0.50000000000000000              890  0.31262358308674165                0
         255         256   8.3811449474318997E-002   3.0344259974373743E-002  -1.9498774621546684E-004  0.99476358635673934        366335.73421504453        48.606227887337262        11.705982601091476       0.46074226628280834                0           0   12841.540746017587        1.7373772739312873E-004  0.50000000000000000              958  0.28139709580554645                0
          93          94   8.5361728603296438E-002   7.1347741082274679E-002  -4.1080252103106030E-004  0.97812880800934654        378910.90214675880        55.249666982163497        13.224578702710552       0.41414341661002185                0           0   12415.359998859836        1.7179347800011020E-004  0.50000000000000000              796  0.39472234832469449                0
          95         546  0.62290701776509083       0.52092362269304604       -3.7742866983591257E-003  0.93636392650852018        1958537.7631062001        320.39204570900768        10.809295948188364       0.50470973333386515                0           0   2401.9527967557879        1.6857652383708123E-003   4.4890489208741233E-003         798  0.36600287029690937                0
          67          68  0.52597586808430075       0.46375414949012228       -9.5351984985231255E-003  0.98266064699714351        341740.68956755206        95.332992401100725        16.925022158627250       0.42457364697176414                0           0   13765.745201713413        5.7947742737167690E-004  0.50000000000000000              770  0.11789122797032270                0
         213         214   8.6717284611907239E-002   1.7710005955573944E-002  -1.1427078035879827E-004  0.98213695314694749        400632.33674856107        50.085097135765906        8.1980355018950686       0.34621698094260528                0           0   11742.225542311169        1.5552041722878169E-004  0.50000000000000000              916  0.17833140309998388                0
         313         314  0.11479116130453372        5.7685466757393881E-002  -3.9453446450446250E-004  0.99253727403468150        435049.79924732697        62.547398305763593        4.9176527937394852       0.40422056701101688                0           0   10813.279918261374        1.7042172232509015E-004  0.50000000000000000             1016   9.0876193011153239E-002           0
         365         366  0.29906545429998188       0.27572229150032296       -3.4223050706489746E-003  0.97703614846779008        409915.73603235272        89.792227251814452        13.732104756965507       0.30020135913768908                0           0   11476.298283102440        5.4424978456707430E-004  0.50000000000000000             1068 -0.23152721123994505                0
         201         202  0.41909726131645580       0.36316033186407948       -5.4401348907038797E-003  0.97784193266974673        439642.50440806977        104.26124217537117        12.788030720347512       0.39066165085942939                0           0   10700.319487940789        6.3220712582260643E-004  0.50000000000000000              904   4.8878014168112306E-002           0
         171         172  0.11855449161888632       0.10910379859810015       -6.3808363105355751E-004  0.99690688946593098        502629.43037454027        75.543937317710842        3.3018208314218960       0.22880762479944194                0           0   9359.4106778413025        1.6222029374787257E-004  0.25000000000000000              874  -8.3563137746278257E-002           0
         347         348  0.19457293008789711        9.8264029982305379E-002  -8.4213227326918961E-004  0.97623178622328566        525292.62380639045        84.608893442837001        6.0785971322630035       0.40897582833316037                0           0   8955.6088253366652        5.1262384884362530E-004  0.12500000000000000             1050  0.17608179154158746                0
         343         344   9.9716206803828866E-002   3.9838043689421537E-002  -1.9541286924161294E-004  0.98547806040898511        644708.77578794607        75.758248904357316        17.679619162003799       0.59776212394703787                0           0   7296.8066114739531        4.6110969753691106E-004  0.50000000000000000             1046   1.8273873578834481                0
          55          56   8.3915877860446200E-002   1.7498204653530233E-002  -7.7740196882517218E-005  0.96898154446861051        677342.13462491788        70.390059717499767        13.507437284475257       0.15861957394888276                0           0   6945.2570823012566        1.8325936041652929E-004  0.50000000000000000              758 -0.19779060422315198                0
          99         100  0.11123848720615616        3.9011678252708890E-002  -1.9764343022701515E-004  0.98119635498491209        697449.45099556562        81.825121918085514        10.391170481855013       0.54286543511001240                0           0   6745.0268272914218        1.9609050585244134E-004  0.50000000000000000              802  0.13962425615035995                0
         391         392  0.13558686976987694        5.7578981684498085E-002  -2.5446740011902898E-004  0.98428057182237338        1015963.8259505472        114.33226250480101        13.091544984713547       0.34475995988224534                0           0   4630.3964151906221        1.9855493643177781E-004  0.50000000000000000             1094  0.14441152391072715                0
         385         386  0.12648191059682606        5.9749107023494945E-002  -2.5030111744847215E-004  0.99192399726360403        1010156.8010307509        112.51654391747591        14.247134885335782       0.28176061285976384                0           0   4657.0148840700185        1.9971473045980897E-004  0.50000000000000000             1088  -1.1100674522223890E-002           0
          41          42  0.11122608390456809        8.6847116325004775E-002  -3.0034655602715249E-004  0.97689552612968544        1076875.4069236529        119.85571002551679        3.4176462968552426       0.81696085308586397                0           0   4368.4861102769009        1.9934720720389158E-004  0.50000000000000000              744  0.51104023607504545                0
         345         346  0.55774375829353751       0.47607345656862060       -4.7923803546830179E-003  0.97923176074338625        1065819.0059203701        206.47940675782556        2.2663629438875486       0.24658212864733148                0           0   4413.8031237137029        1.2529054742208931E-003  0.50000000000000000             1048  -3.1853101024560702E-002           0
          73          74  0.94128231410560004       0.69908498357263338       -1.0547991353088345E-002  0.98595090542721642        1010924.7705775029        232.48741209934116        12.922201097720787       0.49667546300866655                0           0   4653.4770880699325        1.4155097427745917E-003  0.50000000000000000              776  0.32413790237240458                0
         285         286   8.9462339041284894E-002   4.2834040765278178E-002  -1.2838168338598593E-004  0.97556116315563901        1178106.6063545495        111.23605151706303        8.4782398012873550       0.65697605849383278                0           0   3993.1150816660524        1.4410236536712358E-004  0.25000000000000000              988  0.21639455117711678                0
         293         294  0.55382231722128972       0.12326253909399966       -1.3046202120956597E-003  0.97555013427591697        1208714.8768618368        195.00098063437505        13.301705352084415       0.48444064216148430                0           0   3891.9974823661364        1.1809822740092247E-003  0.50000000000000000              996  0.99464165448577657                0
         123         124  0.67985937278035102       0.12376754478802159       -1.4259437356367586E-003  0.97763450747397851        1328700.8239903566        219.90890269502705        10.303790498810498       0.54608490175371260                0           0   3540.5376234484115        1.3330674591925293E-003  0.25000000000000000              826  0.34999861198104698                0
           7           8  0.10772050310063933        1.1526931384030817E-002  -3.7943697728780554E-005  0.99082248886431246        1424470.1409572540        121.95279694780302        9.3668744476202317       0.44038941497142187                0           0   3302.5018372680170        1.6260639909577266E-004  0.25000000000000000              710  -2.5080036852539442E-002           0
         355         356  0.32294731613854971       0.22153041596011064       -1.4146791448691402E-003  0.98835597978780254        1280677.5733209376        188.46314208734015        6.4879597644068641       0.41928665169446067                0           0   3673.3018174480535        1.1488556879049804E-003  0.50000000000000000             1058   6.7385354093126307E-002           0
         117         118  0.40216802461087314       0.11268199431891886       -9.3948131643061938E-004  0.97690707695788359        1226845.1060164988        179.76007936485891        15.376270052080422       0.48140347512003534                0           0   3834.4818221751120        1.0894929361876689E-003  0.50000000000000000              820  0.95773084519290319                0
          85          86   8.0567479673496034E-002   7.0359839832317903E-002  -1.6540594186675728E-004  0.98642166572395873        1357017.8794508749        127.71821781941760        7.0111449126227265       0.30885919790632810                0           0   3466.6567986181526        1.9401392259058692E-004  0.25000000000000000              788  -7.2472957574912109E-002           0
          47          48   9.8900608463481726E-002   3.1153535981132970E-002  -9.0443949087021743E-005  0.96929450295796848        1448762.9164048610        126.95392421516813        15.381529925503218       0.79928323595682260                0           0   3247.1256714098058        1.9207619232510233E-004  0.50000000000000000              750  0.40641879473258374                0
         387         388  0.11696728908539532        8.3148869844046139E-002  -2.2937216011852067E-004  0.96254236379567593        1621803.5825691880        158.01539702177223        7.6492384109937950       0.58097790079332623                0           0   2900.6689269932422        6.4121534752986133E-004   1.6134945444520146E-005        1090  0.25021579124226656                0
         103         104   9.4240900685283069E-002   8.1646476448274677E-002  -1.9581474411928143E-004  0.97430932578693863        1543295.6101144454        146.43699954217337        6.7423378667068050       0.15350422021565693                0           0   3048.2269416265021        8.8618227905427590E-004  0.25000000000000000              806  -4.2077842631028387E-002           0
         215         216   9.9764396033006283E-002   5.7531129034738331E-002  -1.3467170227244636E-004  0.99202500142069505        1843377.2888768672        158.82594977762659        17.702962420036645       0.29940002709830643                0           0   2552.0089056272404        1.9606910170443681E-004  0.50000000000000000              918 -0.28056410588831271                0
          65          66   8.1196656538748205E-002   3.2700733033609646E-002  -6.2627861262289943E-005  0.98184767372588766        2149336.5504112290        157.99647215383459        10.648352860424511       0.56021703006275880                0           0   2188.7290088398181        1.9363885980735446E-004  0.50000000000000000              768  0.14551669852886356                0
          15          16  0.12041882448822794        4.7134796559794988E-002  -1.1370748620294229E-004  0.97825164521118502        2263928.7909641471        186.02285177799217        12.717104258062793       0.58855173822053763                0           0   2077.9431210119114        1.1281688166013199E-003  0.25000000000000000              718  0.22009059569840206                0
         243         244  0.10897784068549871        6.2870305948584129E-002  -1.2688985103554134E-004  0.99345305026723485        2514966.0648626112        201.22235189126619        12.090676490557344       0.35664209527942642                0           0   1870.5283237695505        1.2297376519750148E-003  0.50000000000000000              946   8.9319613527204703E-002           0
          37          38  0.10983277472157330        9.0349772612143470E-002  -1.6313461273031012E-004  0.98167519740275366        2786284.6185355540        226.68993556755197        16.144631303064109       0.58767085145400444                0           0   1688.3828831949368        1.3772225981147541E-003  0.50000000000000000              740  -8.2675011689990141E-002           0
         403         404  0.17519688796893346        3.8994197612049461E-002  -1.0593126618634426E-004  0.98389323495912806        2940504.5195029019        240.33750503670802        13.535892456357798       0.45427939902771308                0           0   1599.8326907656096        1.2887714543458326E-003   7.1552049112954597E-004        1106  0.12809280291150071                0
         127         128  0.41687934908818136       0.27898104023835063       -1.0601324713850049E-003  0.99434194081511351        3619474.9262651657        408.83142482301037        11.689100194559110       0.26390587978043578                0           0   1299.7231237899509        2.4997052625840904E-003  0.50000000000000000              830   2.8404544186595430E-002           0
         217         218   8.1228311512873880E-002   6.5270211912634449E-002  -8.4864059256294254E-005  0.97696892315676265        3390006.8490829859        232.81876606981328        14.777291861460988       0.76125105162514461                0           0   1387.7008121435813        1.4110585494170628E-003  0.50000000000000000              920  0.28169740428624768                0
         175         176   8.2952047495663137E-002   3.6571247402372269E-002  -5.1727663030496684E-005  0.99014138029879395        3413571.3830300746        218.55631617046566        15.891854662178520       0.60008164750540138                0           0   1378.1212489158356        1.2770655227785175E-003   1.8959186869387753E-003         878   4.0934984606814717E-002           0
         143         144  0.25022565110097550       0.15769561095085233       -3.9893226177458845E-004  0.97378367469115990        4047244.7606835263        368.61381757316616        8.4079197632930072       0.62976898199895770                0           0   1162.3500766111972        2.2305190603367172E-003  0.50000000000000000              846  0.20522600021933360                0
          61          62  0.16574606629006447        5.1105325148539382E-002  -1.0680914848388477E-004  0.98146224652464376        3985102.7316611102        295.54272204541036        9.3645563930478914       0.42774251430216215                0           0   1180.4752786595950        1.7952874583487142E-003  0.50000000000000000              764  0.31688810216735569                0
          29          30   9.2064989403419284E-002   3.8673592252436655E-002  -4.8326417632826574E-005  0.98790084533106615        4595724.3541263249        274.56410217347485        5.5362235125280401       0.80286133447587760                0           0   1023.6286807368981        1.6733196375634911E-003  0.25000000000000000              732  0.46486449402504887                0
         237         238  0.17519413512811899        4.8620481183886892E-002  -9.6133046925272949E-005  0.99516489023133436        4632593.2409340926        330.20636827131904        16.960285973254887       0.57793848645369172                0           0   1015.4820449326151        1.9984115928462558E-004  0.50000000000000000              940  0.71356026001136497                0
         147         148  0.31456825641218544       0.25964081492902225       -6.6243600918377415E-004  0.98456015427272825        4747337.3481747657        459.47645601886813        15.399727335501199       0.46456997760238816                0           0   990.93763780099937        1.9668248657376449E-004  0.50000000000000000              850  0.11979244048660978                0
         399         400  0.17014458503807270        6.6018282057290864E-002  -2.6982707015071438E-005  0.99086149497904497        45926005.339169241        1551.3727870466721        10.206440275327644       0.22054511545698000                0           0   102.43249381048518        9.4527112819151136E-003   1.1186804979047476E-004        1102 -0.15322478257081174                0
         281         282   8.0478030877779258E-002   1.6466831233086777E-002  -1.7957733133128290E-005  0.98263354740638520        5350084.2889010655        275.01425079225680        13.745276736435592       0.55972869890114130                0           0   879.29740983782767        1.6102623819939539E-003   2.3056976687699771E-003         984  0.45329980458750357                0
          45          46   8.6894120985331738E-002   8.6164685909330241E-002  -8.2040856412477007E-005  0.98387083180607882        5506893.1944410549        340.10174038637848        9.4257039400187885       0.61881727213810256                0           0   854.25939664011355        2.0685513436049150E-003  0.50000000000000000              748  0.51215546688723368                0
         161         162   9.3309048906446132E-002   9.2827486138433946E-002  -9.1369739554014476E-005  0.98813145483468701        5621476.0397416148        353.27857609997483        8.1431724072382305       0.49193067845742833                0           0   836.84698189356550        1.7490647206234698E-003   2.2221517262898982E-004         864  0.15924506253314447                0
         309         310  0.10545420084030525        5.3264404142991120E-002  -5.7855495593977865E-005  0.98363597107776712        6309425.5400360068        361.80592593708820        13.975543794153911       0.54319123605767583                0           0   745.60120058377254        2.2003001492994592E-003  0.50000000000000000             1012  -2.4939794094058804E-002           0
         189         190  0.11107991559331475        5.1209466390144058E-002  -5.9401457297079668E-005  0.98671314114777653        6112335.9088638304        356.86834591407722        18.169808912274039       0.16819870183947055                0           0   769.64278923590894        2.1736268209196817E-003  0.50000000000000000              892 -0.14554468466247722                0
         289         290  0.10428359770713377        2.3242149003040714E-002  -2.7029346436079427E-005  0.98098775771585134        6248206.9285612842        334.17663229515142        14.679712613225552       0.16008339511583294                0           0   752.90644362957755        8.8030176123502283E-004   7.3661403203542457E-004         992  -6.1035919410209138E-002           0
         115         116   9.5073144526220191E-002   4.6025486525321645E-002  -4.6726263478262970E-005  0.98361077625756288        6339435.9430684811        348.99124241529205        11.060580351601359       0.46266088860501547                0           0   742.07158174513086        2.1223306805025111E-003  0.50000000000000000              818  0.19415361342549964                0
         223         224  0.13901763968801717        6.0776114313866474E-002  -7.7058970468967916E-005  0.98945095303212227        6749129.0564241642        408.60057595907693        8.3397455273284962       0.36894110392545337                0           0   697.02553000775060        1.6899082223021350E-003   4.1833463627468699E-004         926  0.14946746576065667                0
         299         300   9.2079428251349071E-002   8.2023039557947389E-002  -6.9096457412754419E-005  0.98687455591121009        7196656.9677626779        407.34466009495048        17.483306854464274        9.9384206185833934E-002           0           0   653.68062959200029        2.4776491916298602E-003   1.0861501726797101E-003        1002 -0.35585368821076258                0
         199         200  0.11230093762090229        4.7925291740752780E-002  -4.9845320530023470E-005  0.98557578802919299        7365259.5215128316        402.38621163417127        12.772074482409858       0.31607426721128951                0           0   638.71683596540686        2.4494184751019071E-003  0.50000000000000000              902  0.84878271426058705                0
         373         374  0.15845034820673778       0.15233439132851201       -1.7085629995632821E-004  0.97950403616301973        7914612.0079383990        526.47711568908778        7.5265836184623005       0.42917584788103236                0           0   594.38355953852306        2.2547165249817286E-003   1.9256921233932556E-004        1076  0.13569651843616315                0
          69          70  0.10464422723177559       0.10349050793134676       -8.6377732787562200E-005  0.98042651398566583        8085705.8082159301        467.23280664956275        12.318201075473176       0.17453970058790713                0           0   581.80638391081243        2.8368343572848856E-003  0.50000000000000000              772 -0.15197012073134741                0
          51          52  0.11606384615255892        9.5064690585184505E-002  -1.2276543213329298E-004  0.98205345115529663        4872545.5793825211        334.93415447263214        1.7062099857779953       0.44149115844935932                0           0   965.47383313362923        1.9892380511386115E-004   3.1250000000000000E-002         754   4.7803003847791181E-002           0
         183         184  0.10185732075756881        5.4219839429199369E-002  -4.3501632176953143E-005  0.97504633144331376        9514083.0188501365        473.11232239698597        16.560921500935240       0.37043069992617172                0           0   494.45808369804638        2.8308005818199864E-003   3.8152723371088117E-005         886   1.2820905996181011                0
         265         266   8.4095384718170976E-002   3.6296916915751078E-002  -2.5177868840097463E-005  0.98207581602670824        10108908.565447463        451.79588216681765        6.4688597764882250       0.47657987409203850                0           0   465.36332059864964        2.6514495237686671E-003   1.3360898615451355E-003         968  0.24069980354855583                0
         367         368  0.20322917187314732       0.17631903439505672       -1.9839353045517476E-004  0.98269781537063527        10353146.695547651        673.09610349412628        16.868398572907260       0.51990652080618438                0           0   454.38506726344787        2.2808086439412164E-003   3.5442790468772847E-004        1070   1.6229947098442603                0
         305         306   8.5255713978393793E-002   1.6586699482616780E-002  -1.1931200371230782E-005  0.97557216214542408        10624387.113807641        441.69112072417624        14.420461648446320       0.28339928171566070                0           0   442.78462439785847        2.6751951435917505E-003  0.50000000000000000             1008  0.11305813258235435                0
         325         326  0.14296285691723640        1.8018411898666035E-002  -1.7591034512000332E-005  0.98525910189351285        11605238.715074902        545.71725305743564        5.9724359940648277       0.35678000425981865                0           0   405.36135215676182        1.9976652747874619E-004  0.25000000000000000             1028   2.7824883015773589E-002           0
         119         120  0.12744757891135747        8.2887871857059842E-002  -6.3848789170769046E-005  0.98269985033698937        12193204.574003790        616.57973866081329        6.0964730861937690       0.26900550400501272                0           0   385.81451078697370        3.7479255214838184E-003  0.50000000000000000              822   2.7576923655131438E-002           0
         133         134  0.13034205300579016        4.8697333779162973E-002  -3.8327346248663334E-005  0.98105505904308865        13234770.791745648        617.16363320601351        9.5342565731123621       0.44753506636862694                0           0   355.45120740427046        3.1892044394176595E-003   6.1087451646025810E-004         836  0.24219803403630247                0
          17          18   8.8310858010865509E-002   3.6165089814597706E-002  -2.2321003472730643E-005  0.98140412768925933        12747100.610456508        533.22349031307033        9.7655405549600225       0.35874739559557750                0           0   369.04982563531280        3.2391129273980847E-003  0.50000000000000000              720  -4.7066046218371668E-002           0
         275         276  0.13196141201412448        6.9014568623332620E-002  -4.7733808821090485E-005  0.97884105651171127        15446838.785604622        711.01862702252890        12.737027949341300       0.40234262864925396                0           0   304.54873796111974        3.7342125352995206E-003   6.1886560473248318E-004         978  0.41695985809961711                0
         221         222  0.10685030920939192        6.9974509155263417E-002  -3.1625210252962694E-005  0.98423687481271238        22715429.466140091        881.05203489392454        11.464598536283757       0.17514400873680500                0           0   207.09779071784996        5.0486966448125619E-003   4.6734384525693598E-005         924 -0.22450055123397833                0
         157         158  0.17882018552997023        8.7937108552675433E-002  -4.2075520253843850E-005  0.98508105657171907        36757834.586664662        1392.7673078090625        7.2866538370482825       0.37134873966033860                0           0   127.98129461498357        5.8849527376849675E-003   3.3663704346534009E-004         860   2.2041809319895300E-002           0
         145         146  0.11284151051838727        7.1741434973604884E-002  -2.4259761655015543E-005  0.99378080272327973        37282246.494317979        1243.5743525619539        13.537555766985815       0.40052308726154201                0           0   126.18111031377164        5.7692195581461212E-003   4.0352914719323467E-004         848  0.16401520126628766                0
         405         406   8.7236661288412828E-002   5.5735761705262711E-002  -1.4072219982536795E-005  0.99445045527554632        44632234.652881853        1287.6258805654079        14.723687677482811       0.62441151574561993                0           0   105.40174145954420        7.8733128566099032E-003  0.50000000000000000             1108   1.3790929893222095                0
