 118  23   1   452 113   0      0.0   0.46   4.88  6.148     0.0  -0.2385   0.0000
  -1.208564   0.000000   0.286922   0.062472  -0.571267   0.053723   0.000000   0.000000   0.000000   0.000000
   0.00000   0.00000   0.15081   0.03398   0.00000  -1.20856   0.00000   0.00000  -0.92164   0.77512   0.20457   0.00000   0.00000
 NAME(I1)    NAME(I2)    M1[M*]                    M2[M*]                    EB[NB]                    ECC                       P[Days]                   SEMI[AU]                  RI[PC]                    VI[km/s]                  K*(I1)      K*(I2)      ZN[NB]                    RP[NB]                    STEP(I1)[NB]              NAME(ICM)                 ECM[NB]                   K*(ICM)      
           3           4   8.7970317491499028E-002   4.9196061553816367E-002  -9.2897646351125171E-004  0.98018963898304645        71340.815372945974        17.361255191394889        7.7876567253534628       0.17471597456959662                0           0   65941.428242054317        1.0539810829294615E-004   3.1250000000000000E-002         706  0.11417821857690691                0
          57          58   8.8793517676333700E-002   7.4789808565780366E-002  -1.3944536633748324E-003  0.99288618157622466        67519.482439442989        17.747571380570307        14.187743739119513       0.53440458665321444                0           0   69673.449613065080        1.0843421479498632E-004   3.1250000000000000E-002         760   1.1556330528865000                0
          59          60  0.52934127945164156       0.11516011942956719       -3.1001072744619322E-002  0.99635260950274573        9025.0375450904266        7.3279160146024838        17.965007751052362       0.78313150064521164                0           0   521251.59969045070        4.4850020571511419E-005   6.2500000000000000E-002         762   1.4517021294676078                0
          63          64  0.11284127030153632        5.3401276685359052E-002  -1.4468849236327175E-003  0.97984293960292113        54774.265105649982        15.520472950299069        11.913506071060839       0.40069719631478445                0           0   85885.502043175962        9.4206442072616631E-005   6.2500000000000000E-002         766  0.23322388895219295                0
          83          84  0.10272953417562042        4.1373672231505683E-002  -1.2819188696754095E-003  0.97370419826673227        41789.837138321200        12.356008093958177        13.928485919275385       0.34501705835064500                0           0   112570.79662870750        7.4766174595093939E-005   3.1250000000000000E-002         786  0.23227862873623067                0
          87          88  0.10306885414503236        3.0345968261083246E-002  -4.1821248241819420E-003  0.98428134930470224        4652.7998571211401        2.7870887101701558        15.108290270894818       0.29245173592304141                0           0   1011071.9141389197        1.6955045282497800E-005   6.2500000000000000E-002         790   8.8690081939129722E-002           0
         105         106  0.12790761581087476        8.1406408734692293E-002  -3.3640542461646258E-002  0.96974758674909145        989.02684361157492        1.1534833915785283        18.220059355184080       0.34668821060698451                0           0   4756509.1767037120        6.9657331703446991E-006  0.12500000000000000              808  0.11607211125056956                0
         131         132   8.4797441590329786E-002   6.4637458177469395E-002  -7.7121942017657882E-004  0.98912831439601701        128788.41655396212        26.485513546867381        7.8224603580468672       0.46935782424022049                0           0   36527.471829531067        1.6151620773559698E-004  0.12500000000000000              834  0.12437054472741867                0
         137         138  0.13717930409073115       0.13193897190263901       -4.0334545728335997E-003  0.97817964388784162        48147.574536657077        16.722602131164937        11.877031793688554       0.14617654502054231                0           0   97706.173216745112        1.0141787278782275E-004   6.2500000000000000E-002         840  0.66823818523487555                0
         167         168  0.11739175763496201        6.6852661947444644E-002  -1.3371095085191684E-003  0.97921691183512483        87047.450602289726        21.873015901955345        12.663011353580087       0.66864499164197722                0           0   54043.113555826756        1.3272323952673876E-004  0.12500000000000000              870  0.41883471451262944                0
         177         178  0.17518944591650459       0.15841447355487015       -4.8844045916293037E-002  0.97081544669269548        1948.4551180766894        2.1174370246531056        3.8829891247125476       0.80630300868582994                0           0   2414382.1502485364        1.2793853451865820E-005  0.12500000000000000              880  0.51099359279077039                0
         181         182  0.16494482085752635        4.8117280213717237E-002  -2.2342341753636167E-003  0.98308070947828008        38113.841390388654        13.238244572811659        5.2417729597261911       0.30624897403657136                0           0   123428.00111539195        8.0485139620415977E-005   6.2500000000000000E-002         884   5.5459876123459456E-002           0
         193         194  0.13607741833753259        1.4509867592654014E-002  -3.3139095177587647E-004  0.98026160729439438        98477.807758994706        22.203845682541278        15.641464181799822       0.68285855544582241                0           0   47770.308506030713        1.3480179630591914E-004   6.2500000000000000E-002         896   1.2042188243103462                0
         195         196  0.23980714281985319       0.16746154432118399       -1.7866781603804005E-002  0.96643523058497638        13874.745800257982        8.3762612435180923        11.260622478361830       0.97407172113515750                0           0   339055.96004197007        5.0498069052990366E-005  0.12500000000000000              898  0.74584256974676399                0
         207         208   9.9440827635248155E-002   5.0100703362626467E-002  -8.7683211256005204E-003  0.98112175417415370        2910.2243960466299        2.1174416066239212        3.8895293256180450       0.75430361587817507                0           0   1616478.5313583727        1.2860786271453537E-005  0.12500000000000000              910  0.45576442765216640                0
         225         226  0.11258739991983015        4.7810171057872303E-002  -9.4939383745014589E-004  0.98185672257896206        88575.957032427817        21.129198100363176        15.914868195794920       0.58162746732636672                0           0   53110.521356517827        1.2838083044770557E-004   6.2500000000000000E-002         928   1.1149829579958772                0
         235         236   9.9158490776633662E-002   3.5661683213779022E-002  -5.1301121046354124E-003  0.96614283730650707        4095.4263718306088        2.5687641194955386        7.2538988652178604       0.28679809855975974                0           0   1148675.3345151674        1.5484037106406675E-005   6.2500000000000000E-002         938  0.12904045347110085                0
         239         240   8.3253089810449737E-002   5.9845060969569666E-002  -7.4110620056441019E-004  0.97866503909393976        121080.59857328323        25.053451414275163        15.867617725518953       0.45873815860615658                0           0   38852.758518512826        1.5197941044801133E-004  0.12500000000000000              942  0.14874177958063978                0
         247         248  0.12867704596478571        5.6124925773135610E-002  -4.8755267774440045E-002  0.97148621675522984        348.47281385192167       0.55201979559906922        18.467158014077853       0.63444013597970006                0           0   13499805.639483234        3.3365167437779866E-006   6.2500000000000000E-002         950  0.54675403593065552                0
         249         250   8.3325272192247987E-002   6.4931060179189190E-002  -5.9417119074347373E-003  0.97581540753508467        5929.7866670524481        3.3934150410168407        16.061862727343389       0.56144450712169047                0           0   793336.34104971308        2.0555510157367267E-005   3.1250000000000000E-002         952   1.3351549680504160                0
         271         272  0.13618545113931463       0.10282415591629936       -1.7643068358636144E-003  0.98806680624688603        120181.93023047518        29.578155387187675        6.6807073424510843       0.51143274183319809                0           0   39143.282593508091        1.8027976026539725E-004  0.12500000000000000              974   8.5683355983392911E-002           0
         287         288   8.8414603939471620E-002   4.2704642040310346E-002  -5.8515194294090581E-004  0.98093659039144399        118941.02246670357        24.046383900145148        3.2751543980826456       0.61861677248115798                0           0   39551.663169548527        1.4603779329379048E-004  0.12500000000000000              990  0.21535310522567599                0
         291         292  0.10251315781699964        2.9651563345757474E-002  -1.1831110334550475E-003  0.98075559013170377        29765.556837160901        9.5746088155111213        8.8082591081886257       0.59116450226615547                0           0   158045.59892431262        5.8142920318824777E-005  0.12500000000000000              994  0.24113752226793339                0
         303         304  0.77980953382043972       0.33783563817501155       -5.2382472905160467E-002  0.97671789874474535        28033.625192942258        18.742492285908785        6.0771583950582153       0.63443058077034631                0           0   167809.73653129677        1.1358394461059082E-004  0.12500000000000000             1006  0.23103222237308157                0
         311         312  0.16827131513595273       0.11782564957455051       -9.1314488263872420E-003  0.97485864189666582        15717.300866973132        8.0915100549741776        14.313053667987727       0.18504150483371185                0           0   299308.08714936365        4.8990345746074786E-005  0.12500000000000000             1014 -0.14188978313838407                0
         321         322  0.12252965187021556        4.0765808550071510E-002  -1.0952504619379879E-003  0.97557453106160041        63331.226025514967        16.995860241612995        16.384399686437472       0.48386756708650031                0           0   74281.133539866772        1.0293936416602254E-004   3.1250000000000000E-002        1024  0.78563525582007454                0
         323         324  0.13577855073708561        2.1714876777924844E-002  -1.0672784058174505E-003  0.97737634574565457        30402.145619620234        10.295090097572151        11.800776715182922       0.58522201828656351                0           0   154736.29119810546        6.2411468000077191E-005   6.2500000000000000E-002        1026  0.38849800222616160                0
         337         338  0.14234346256931027        4.8688670540606271E-002  -2.7220309402593351E-003  0.98436219341894415        24424.438780536861        9.4883723855236379        16.178318104524401       0.51744531798473414                0           0   192606.89262565569        5.7724153992768256E-005   3.1250000000000000E-002        1040   1.5595055214844571                0
         357         358   7.9717634398698847E-002   3.5168480550120958E-002  -1.1543449013877967E-003  0.99034897964864510        29342.295402160125        9.0508997532508531        13.594824523170676       0.51268626174540810                0           0   160325.40035359471        5.5228836842580753E-005   6.2500000000000000E-002        1060  0.89912211561058530                0
         363         364   8.0030474895858961E-002   2.5241398542184282E-002  -3.2505135387658957E-004  0.96900162088983910        125469.53716214608        23.159872534501439        9.8188893414239544       0.68287352355203301                0           0   37493.684634903126        1.3980643129274424E-004   6.2500000000000000E-002        1066  0.47771216692746649                0
         371         372   9.0756420354949963E-002   8.9399293653254358E-002  -1.4941626717007766E-003  0.97790038526241019        78336.750524128642        20.236383406048532        7.9830159588873038       0.38013745225791257                0           0   60052.468683849453        1.2271064128272370E-004   6.2500000000000000E-002        1074  0.20438925998400403                0
         383         384   9.3433970454860987E-002   6.5975786712685114E-002  -2.9999592269293533E-003  0.97176827062077331        19385.313257799193        7.6576121486429507        12.162440768853296       0.55224232694649245                0           0   242674.19334851863        4.6290742961604388E-005   6.2500000000000000E-002        1086  0.51886442297272173                0
         395         396  0.10118924464727580        7.2387835402996439E-002  -4.0679476328368365E-003  0.98184110250843104        15239.121285685993        6.7103307468978812        7.1392833035925536       0.47310542342226020                0           0   308699.90266850201        4.0771591993552411E-005  0.12500000000000000             1098   5.8323731734856013E-002           0
         401         402  0.11008182267075275        8.1520559788653676E-002  -2.1754919003101718E-003  0.98946501741247106        50292.904508829961        15.372504553420699        9.4134095294048343       0.48973844932148286                0           0   93538.349069078395        9.3761781152373525E-005  0.12500000000000000             1104  0.16245429494773761                0
         219         220   5.9461379470541447        2.5291364086335988      -0.75299076982192070       0.98221912150944157        80559.862777643633        74.428097414589246        9.5112680647125778       0.27565626566695678                0           0   58395.273967004177        4.5230718866207646E-004   1.5625000000000000E-002         922  0.17634683514724392                0
         159         160  0.52009082554844766       0.13749382338007102       -6.8562166579241961E-003  0.98252657550525302        109146.58921206869        38.868446659729038        4.9331047451328800       0.56474084148835335                0           0   43100.891119047374        2.3624417772278330E-004   1.5625000000000000E-002         862  0.23952468857186623                0
           1           2   2.0244841138268650       0.61000484406818434       -7.0741485713423660E-002  0.98738152934187551        118081.33591071346        65.056817812538299        14.073080865405689       0.45184542373376807                0           0   39839.617509086311        3.9638661146352313E-004   1.5625000000000000E-002         704  0.10283048891627017                0
         283         284  0.18094602805437388        8.1870494517192083E-002  -1.6064068193646895E-003  0.97697797871714775        143540.44546752289        34.366892541613126        5.3146228862760312       0.31096307612221330                0           0   32773.447527785116        2.0829891525217590E-004   1.5625000000000000E-002         986  -4.3673173615942487E-002           0
         185         186  0.24628085064239766        6.9358336926096664E-002  -1.8551080494142963E-003  0.99057546901522908        130681.44545928008        34.314639623851313        9.7730075179328555       0.57987176372319738                0           0   35998.341165507023        2.0941269287605858E-004   1.5625000000000000E-002         888  0.25184788918474971                0
         191         192  0.17819880543248182        5.0730547014061628E-002  -8.9966543292994278E-004  0.98450778698896024        174927.64032278312        37.446621017460309        15.454303693286658       0.62023865572968373                0           0   26892.921261409472        2.2782970840593575E-004   1.5625000000000000E-002         894  0.50379195969128354                0
          71          72  0.16939743337267674        2.6319217633798585E-002  -4.7647967898261517E-004  0.96976219828091648        170003.73667627125        34.870225322542275        9.9496862891657614       0.26090602083834075                0           0   27671.834452691655        1.5082883319385277E-004   1.5625000000000000E-002         774 -0.14196579225836098                0
          53          54  0.10539273585624893        8.3691576402142989E-002  -9.4861616487088496E-004  0.98840746126056767        171334.30925667207        34.651436372167325        12.072107047408592       0.32822615378904013                0           0   27456.936547351612        2.1096666920612941E-004   1.5625000000000000E-002         756 -0.16456922123878812                0
         245         246  0.10614450888457336        7.9534736728126665E-002  -8.8338078697462622E-004  0.97533507163214717        180155.36208468804        35.614411017835778        12.240573693296113       0.26241457356760384                0           0   26112.546433302068        2.1568078356416255E-004   1.5625000000000000E-002         948  0.14731198022708797                0
         331         332  0.12214104311112879        9.8521910482032543E-002  -1.1537755047203683E-003  0.97154055198387024        188414.45473505274        38.868024797675822        13.748444988535141       0.30224502038990447                0           0   24967.910579153504        2.3493249830021899E-004   1.5625000000000000E-002        1034   2.8313201027109991E-002           0
         203         204  0.10958957416913398        5.6611292613942377E-002  -6.2817234305771752E-004  0.98494187057407623        200051.97130642890        36.805509599966030        12.944667280090830       0.18284580914417034                0           0   23515.465640870621        1.6988547057778460E-004   1.5625000000000000E-002         906 -0.19185571895597689                0
          21          22  0.17137201111473407        1.8580527211685235E-002  -2.8964617018065918E-004  0.97725619083110171        219756.57682243298        40.968444197440832        7.8617137594898656       0.26485954416855689                0           0   21406.937283364805        1.8343950172520064E-004   1.5625000000000000E-002         724  0.10028887101941411                0
         369         370  0.35577330781196675       0.28758888866695975       -6.5923629871082615E-003  0.96841922705639494        200307.85819162280        57.839387851881206        17.280066613664321       0.53482488081992463                0           0   23485.425385280789        3.4904883910831302E-004   1.5625000000000000E-002        1072   1.6965647530525367                0
          77          78   9.3430964505624117E-002   2.0354482771848002E-002  -1.6334883162896549E-004  0.97425183352183942        309441.22681298596        43.386459025179242        13.742610954365478       0.51507826187148176                0           0   15202.613129787858        1.8457846561722538E-004   1.5625000000000000E-002         780  0.92686303746827980                0
         315         316  0.30834333591613694       0.21242803698149326       -3.5544000840579989E-003  0.96932722246065328        288048.63087816222        68.675120176768687        9.9906326115618818       0.39046639228638064                0           0   16331.670257563481        4.1463143421502049E-004   1.5625000000000000E-002        1018  0.24091703322187291                0
          89          90  0.20842321107894346       0.10223825271363279       -1.3435582502014560E-003  0.98702482580270168        297769.38109927031        59.104743533761280        6.9319457853299600       0.78096142810599811                0           0   15798.519109916271        3.6005640583131949E-004   1.5625000000000000E-002         792  0.43186622383067441                0
         155         156  0.50373356431637750       0.18870347651975347       -4.6345267489272665E-003  0.98128177235206437        293320.33962033020        76.435433608783669        11.944960964184039       0.65285489529153673                0           0   16038.148816184937        4.6428632181207922E-004   1.5625000000000000E-002         858  0.41767761677003873                0
         187         188  0.16652052450678573        4.4390738220572948E-002  -5.1200105471243477E-004  0.98740860044556455        313872.49940009229        53.803263366689940        6.6558074721043008       0.68120641725485509                0           0   14987.981637882163        1.5401396217716847E-004   1.5625000000000000E-002         890  0.30354512031344610                0
         255         256   8.3811449474318997E-002   3.0344259974373743E-002  -1.9498774621546684E-004  0.99476358635673934        366335.73421504453        48.606227887337262        11.125363015126613       0.48286320505697111                0           0   12841.540746017587        1.7373772739312873E-004   1.5625000000000000E-002         958  0.28563376703452648                0
          93          94   8.5361728603296438E-002   7.1347741082274679E-002  -4.1080252103106030E-004  0.97812880800934654        378910.90214675880        55.249666982163497        13.044665474237512       0.35644684135599158                0           0   12415.359998859836        1.7179347800011020E-004   1.5625000000000000E-002         796  0.39340545707054819                0
          95          96  0.62290701776509083        9.1312241257938784E-002  -2.4693967613407942E-003  0.98227168367612205        343712.62018718320        85.838217036073146        10.487494709934996       0.46567035041260973                0           0   13686.769066212435        5.6080185541069994E-005   4.3262724240878376E-005         798  0.31995566205027265                0
          67          68  0.52597586808430075       0.46375414949012228       -9.5351984985231255E-003  0.98266064699714351        341740.68956755206        95.332992401100725        16.709822548709116       0.37521706249222669                0           0   13765.745201713413        5.7947742737167690E-004   1.5625000000000000E-002         770  0.11793380115909829                0
         213         214   8.6717284611907239E-002   1.7710005955573944E-002  -1.1427078035879827E-004  0.98213695314694749        400632.33674856107        50.085097135765906        8.1340168368390895       0.38035068973290365                0           0   11742.225542311169        1.5552041722878169E-004   1.5625000000000000E-002         916  0.17951785354220190                0
         313         314  0.11479116130453372        5.7685466757393881E-002  -3.9453446450446250E-004  0.99253727403468150        435049.79924732697        62.547398305763593        4.8636292356911524       0.37452794950840035                0           0   10813.279918261374        1.7042172232509015E-004   1.5625000000000000E-002        1016   9.3816415074078924E-002           0
         365         366  0.29906545429998188       0.27572229150032296       -3.4223050706489746E-003  0.97703614846779008        409915.73603235272        89.792227251814452        13.369300141224940       0.28353005817667648                0           0   11476.298283102440        5.4424978456707430E-004   1.5625000000000000E-002        1068 -0.23297643630564130                0
         201         202  0.41909726131645580       0.36316033186407948       -5.4401348907038797E-003  0.97784193266974673        439642.50440806977        104.26124217537117        13.515572693002619       0.39214471030608633                0           0   10700.319487940789        6.3220712582260643E-004   1.5625000000000000E-002         904   4.7749454549076351E-002           0
         171         172  0.11855449161888632       0.10910379859810015       -6.3808363105355751E-004  0.99690688946593098        502629.43037454027        75.543937317710842        2.7866783481008168       0.23146621916306839                0           0   9359.4106778413025        1.6222029374787257E-004   1.5625000000000000E-002         874  -8.0894317083052558E-002           0
         347         348  0.19457293008789711        9.8264029982305379E-002  -8.4213227326918961E-004  0.97623178622328566        525292.62380639045        84.608893442837001        5.5824643119799271       0.45887232487694607                0           0   8955.6088253366652        5.1262384884362530E-004   1.5625000000000000E-002        1050  0.17520966606247890                0
         343         344   9.9716206803828866E-002   3.9838043689421537E-002  -1.9541286924161294E-004  0.98547806040898511        644708.77578794607        75.758248904357316        17.262841473884102       0.70869835896744449                0           0   7296.8066114739531        4.6110969753691106E-004   1.5625000000000000E-002        1046   1.8140155036933476                0
          55          56   8.3915877860446200E-002   1.7498204653530233E-002  -7.7740196882517218E-005  0.96898154446861051        677342.13462491788        70.390059717499767        13.654989513594526       0.14413348097935685                0           0   6945.2570823012566        1.8325936041652929E-004   1.5625000000000000E-002         758 -0.19814440700525326                0
          99         100  0.11123848720615616        3.9011678252708890E-002  -1.9764343022701515E-004  0.98119635498491209        697449.45099556562        81.825121918085514        10.731211253515093       0.54323845463831477                0           0   6745.0268272914218        1.9609050585244134E-004   1.5625000000000000E-002         802  0.14447944797207454                0
         391         392  0.13558686976987694        5.7578981684498085E-002  -2.5446740011902898E-004  0.98428057182237338        1015963.8259505472        114.33226250480101        12.358550152355983       0.38902075979833611                0           0   4630.3964151906221        1.9855493643177781E-004   1.5625000000000000E-002        1094  0.14390889029848025                0
         385         386  0.12648191059682606        5.9749107023494945E-002  -2.5030111744847215E-004  0.99192399726360403        1010156.8010307509        112.51654391747591        13.838790797084567       0.28195559806484111                0           0   4657.0148840700185        1.9971473045980897E-004   1.5625000000000000E-002        1088  -1.0480973552500531E-002           0
          41          42  0.11122608390456809        8.6847116325004775E-002  -3.0034655602715249E-004  0.97689552612968544        1076875.4069236529        119.85571002551679        3.8561543680595141       0.81718580928090068                0           0   4368.4861102769009        1.9934720720389158E-004   1.5625000000000000E-002         744  0.51223117701087695                0
         345         346  0.55774375829353751       0.47607345656862060       -4.7923803546830179E-003  0.97923176074338625        1065819.0059203701        206.47940675782556        2.4201233405718106       0.23042740649548110                0           0   4413.8031237137029        1.2529054742208931E-003   1.5625000000000000E-002        1048  -3.0631620894419134E-002           0
          73          74  0.94128231410560004       0.69908498357263338       -1.0547991353088345E-002  0.98595090542721642        1010924.7705775029        232.48741209934116        13.854351816644828       0.45310334566893312                0           0   4653.4770880699325        1.4155097427745917E-003   1.5625000000000000E-002         776  0.32367229968032291                0
         285         286   8.9462339041284894E-002   4.2834040765278178E-002  -1.2838168338598593E-004  0.97556116315563901        1178106.6063545495        111.23605151706303        8.8657773277862297       0.64350738313889488                0           0   3993.1150816660524        1.4410236536712358E-004   1.5625000000000000E-002         988  0.21747291915531455                0
         293         294  0.55382231722128972       0.12326253909399966       -1.3046202120956597E-003  0.97555013427591697        1208714.8768618368        195.00098063437505        13.170454314364184       0.45385089570938675                0           0   3891.9974823661364        1.1809822740092247E-003   1.5625000000000000E-002         996  0.99334458928797953                0
         123         124  0.67985937278035102       0.12376754478802159       -1.4259437356367586E-003  0.97763450747397851        1328700.8239903566        219.90890269502705        10.182368899150353       0.51529300408365486                0           0   3540.5376234484115        1.3330674591925293E-003   1.5625000000000000E-002         826  0.35021445517158639                0
           7           8  0.10772050310063933        1.1526931384030817E-002  -3.7943697728780554E-005  0.99082248886431246        1424470.1409572540        121.95279694780302        8.9276788733004686       0.42543678611810393                0           0   3302.5018372680170        1.6260639909577266E-004   1.5625000000000000E-002         710  -2.5523713430322656E-002           0
         355         356  0.32294731613854971       0.22153041596011064       -1.4146791448691402E-003  0.98835597978780254        1280677.5733209376        188.46314208734015        7.1295184360206241       0.40988790964068389                0           0   3673.3018174480535        1.1488556879049804E-003   1.5625000000000000E-002        1058   6.6874333098229280E-002           0
         117         118  0.40216802461087314       0.11268199431891886       -9.3948131643061938E-004  0.97690707695788359        1226845.1060164988        179.76007936485891        14.412248397054753       0.60828574863050733                0           0   3834.4818221751120        1.0894929361876689E-003   1.5625000000000000E-002         820  0.96017372338179963                0
          85          86   8.0567479673496034E-002   7.0359839832317903E-002  -1.6540594186675728E-004  0.98642166572395873        1357017.8794508749        127.71821781941760        6.4810108454390782       0.28772372222563120                0           0   3466.6567986181526        1.9401392259058692E-004   1.5625000000000000E-002         788  -7.2928952669585198E-002           0
          47          48   9.8900608463481726E-002   3.1153535981132970E-002  -9.0443949087021743E-005  0.96929450295796848        1448762.9164048610        126.95392421516813        16.220832071129934       0.83553281519225497                0           0   3247.1256714098058        1.9207619232510233E-004   1.5625000000000000E-002         750  0.40700322215162243                0
         387         388  0.11696728908539532        8.3148869844046139E-002  -2.2937091978615345E-004  0.98805775265113682        1621816.7375379917        158.01625149631343        8.1323337807850145       0.43566632150004125                0           0   2900.6453989284732        2.5326707876913396E-004   4.3045547411703036E-005        1090  0.22441813670702768                0
         103         104   9.4240900685283069E-002   8.1646476448274677E-002  -1.9581474411928143E-004  0.97430932578693863        1543295.6101144454        146.43699954217337        6.3915221166185265       0.17615139512342717                0           0   3048.2269416265021        8.8618227905427590E-004   1.5625000000000000E-002         806  -4.2254902439825118E-002           0
         215         216   9.9764396033006283E-002   5.7531129034738331E-002  -1.3467170227244636E-004  0.99202500142069505        1843377.2888768672        158.82594977762659        17.381501488678214       0.26263735869538690                0           0   2552.0089056272404        1.9606910170443681E-004   1.5625000000000000E-002         918 -0.28006525177071251                0
          65          66   8.1196656538748205E-002   3.2700733033609646E-002  -6.2627861262289943E-005  0.98184767372588766        2149336.5504112290        157.99647215383459        10.068521476082442       0.54973139767647350                0           0   2188.7290088398181        1.9363885980735446E-004   1.5625000000000000E-002         768  0.14640117071849429                0
          15          16  0.12041882448822794        4.7134796559794988E-002  -1.1370748620294229E-004  0.97825164521118502        2263928.7909641471        186.02285177799217        11.695368004091007       0.55988997845803523                0           0   2077.9431210119114        1.1281688166013199E-003   1.5625000000000000E-002         718  0.22037836769335278                0
         243         244  0.10897784068549871        6.2870305948584129E-002  -1.2688985103554134E-004  0.99345305026723485        2514966.0648626112        201.22235189126619        11.598150104408852       0.33742634390435355                0           0   1870.5283237695505        1.2297376519750148E-003   1.5625000000000000E-002         946   9.0094777427371223E-002           0
          37          38  0.10983277472157330        9.0349772612143470E-002  -1.6313461273031012E-004  0.98167519740275366        2786284.6185355540        226.68993556755197        15.852041399956981       0.57938604547604933                0           0   1688.3828831949368        1.3772225981147541E-003   1.5625000000000000E-002         740  -8.3338982191724809E-002           0
         403         404  0.17519688796893346        3.8994197612049461E-002  -1.0593114355894090E-004  0.98390434483698730        2940509.6254593660        240.33778325483331        13.043387785720425       0.47439751457910362                0           0   1599.8299127859020        7.7393019388519158E-004   6.8207151979946768E-005        1106  0.13150697869805789                0
         127         128  0.41687934908818136       0.27898104023835063       -1.0601324713850049E-003  0.99434194081511351        3619474.9262651657        408.83142482301037        11.648555142489704       0.21733764099325983                0           0   1299.7231237899509        2.4997052625840904E-003   1.5625000000000000E-002         830   2.8454273088718188E-002           0
         217         218   8.1228311512873880E-002   6.5270211912634449E-002  -8.4864059256294254E-005  0.97696892315676265        3390006.8490829859        232.81876606981328        15.355861511611312       0.79207833907708158                0           0   1387.7008121435813        1.4110585494170628E-003   1.5625000000000000E-002         920  0.28242007933693114                0
         175         176   8.2952047495663137E-002   3.6571247402372269E-002  -5.1727615643107214E-005  0.99014034323569522        3413576.0737626250        218.55651638872712        15.026115618292629       0.56196211499702875                0           0   1378.1193551838487        1.2126051409160300E-003   1.1532966083082374E-004         878   3.9253086740420273E-002           0
         143         144  0.25022565110097550       0.15769561095085233       -3.9893226177458845E-004  0.97378367469115990        4047244.7606835263        368.61381757316616        8.2620878586755104       0.62373247066273108                0           0   1162.3500766111972        2.2305190603367172E-003   1.5625000000000000E-002         846  0.20871947646182704                0
          61          62  0.16574606629006447        5.1105325148539382E-002  -1.0680914848388477E-004  0.98146224652464376        3985102.7316611102        295.54272204541036        9.1797930135495651       0.42899482760979363                0           0   1180.4752786595950        1.7952874583487142E-003   1.5625000000000000E-002         764  0.31561508517049269                0
          29          30   9.2064989403419284E-002   3.8673592252436655E-002  -4.8326417632826574E-005  0.98790084533106615        4595724.3541263249        274.56410217347485        6.2849045012810425       0.77775505891342434                0           0   1023.6286807368981        1.6733196375634911E-003   1.5625000000000000E-002         732  0.46424269197329499                0
         237         238  0.17519413512811899        4.8620481183886892E-002  -9.6133046925272949E-005  0.99516489023133436        4632593.2409340926        330.20636827131904        17.897332805340486       0.54887952542142571                0           0   1015.4820449326151        1.9984115928462558E-004   1.5625000000000000E-002         940  0.71372975073295231                0
         147         148  0.31456825641218544       0.25964081492902225       -6.6243600918377415E-004  0.98456015427272825        4747337.3481747657        459.47645601886813        15.751178972567679       0.45592027019688497                0           0   990.93763780099937        1.9668248657376449E-004   1.5625000000000000E-002         850  0.12002554902308596                0
          51          52  0.11606384615255892        9.5064690585184505E-002  -1.2272221276620051E-004  0.98225101343908416        4875119.7695525112        335.05210901278974        2.4019939423739407       0.44294143115820234                0           0   964.96403781205447        1.4712461677605108E-003   4.8305979872831711E-005         754   4.9177965404589970E-002           0
         281         282   8.0478030877779258E-002   1.6466831233086777E-002  -1.7957725565880263E-005  0.98262323807747753        5350087.6706282422        275.01436668115593        14.764067775341744       0.50463265868820562                0           0   879.29685404432860        4.9206203547808361E-004   4.0817305110743724E-005         984  0.44879492897502515                0
          45          46   8.6894120985331738E-002   8.6164685909330241E-002  -8.2040856412477007E-005  0.98387083180607882        5506893.1944410549        340.10174038637848        9.5900203346139801       0.59875851417078074                0           0   854.25939664011355        2.0685513436049150E-003   1.5625000000000000E-002         748  0.51253759505601260                0
         161         162   9.3309048906446132E-002   9.2827486138433946E-002  -9.1370008457551135E-005  0.98807786918105989        5621451.2236060752        353.27753639493216        7.5819369007308772       0.51790244786647310                0           0   836.85067619016309        5.1746419567081758E-004   2.9444140577170691E-005         864  0.15798614902814165                0
         309         310  0.10545420084030525        5.3264404142991120E-002  -5.7855495593977865E-005  0.98363597107776712        6309425.5400360068        361.80592593708820        13.538652083362427       0.51238879557990447                0           0   745.60120058377254        2.2003001492994592E-003   3.1250000000000000E-002        1012  -2.5743427453419426E-002           0
         189         190  0.11107991559331475        5.1209466390144058E-002  -5.9401457297079668E-005  0.98671314114777653        6112335.9088638304        356.86834591407722        18.297263538947057       0.12723485638571155                0           0   769.64278923590894        2.1736268209196817E-003   3.1250000000000000E-002         892 -0.14479083771461160                0
         289         290  0.10428359770713377        2.3242149003040714E-002  -2.7029432703277311E-005  0.98098459937935500        6248177.0158983367        334.17556573626428        14.590881529197405       0.16707630119059283                0           0   752.91004811079222        1.4870156925088187E-003   6.0245529156798013E-005         992  -5.8828221326361202E-002           0
         115         116   9.5073144526220191E-002   4.6025486525321645E-002  -4.6726263478262970E-005  0.98361077625756288        6339435.9430684811        348.99124241529205        10.615884080178528       0.43483171276230242                0           0   742.07158174513086        2.1223306805025111E-003   3.1250000000000000E-002         818  0.19383889228473541                0
         223         224  0.13901763968801717        6.0776114313866474E-002  -7.7059140613390257E-005  0.98944224515529389        6749106.7036048574        408.59967378045923        8.0758586765246818       0.41197047719199792                0           0   697.02783853336871        2.1457918137497236E-003   5.9053028030005676E-005         926  0.15744603666824444                0
         299         300   9.2079428251349071E-002   8.2023039557947389E-002  -6.9096448683269945E-005  0.98687582846758226        7196658.3315760549        407.34471155792664        17.295500859151321       0.13818019486331351                0           0   653.68050571528624        2.3260172986871329E-003   6.5667158061785062E-005        1002 -0.35734537050676007                0
         199         200  0.11230093762090229        4.7925291740752780E-002  -4.9845320530023470E-005  0.98557578802919299        7365259.5215128316        402.38621163417127        12.988358254141938       0.21803671931360205                0           0   638.71683596540686        2.4494184751019071E-003   1.5625000000000000E-002         902  0.84814173493676681                0
         373         374  0.15845034820673778       0.15233439132851201       -1.7085715053236805E-004  0.97954052728382057        7914552.9061893132        526.47449473457277        6.8768073619044294       0.46825060935072943                0           0   594.38799808463079        3.1702081168793468E-003   5.7223695464701776E-005        1076  0.14248701961684701                0
          69          70  0.10464422723177559       0.10349050793134676       -8.6377732787562200E-005  0.98042651398566583        8085705.8082159301        467.23280664956275        12.260973117159578       0.18768673329173041                0           0   581.80638391081243        2.8368343572848856E-003   1.5625000000000000E-002         772 -0.15154020732153259                0
         267         268  0.11152016154947933        1.9237634443879208E-002  -2.0549705535432258E-005  0.97570896156500864        7751479.7173244581        389.06197834235263        4.9923747354334251       0.52370565901221888                0           0   606.89254557819174        2.3375361199041715E-003   7.5086684062113519E-005         970  0.14332685836235193                0
         183         184  0.10185732075756881        5.4219839429199369E-002  -4.3501445379615792E-005  0.97493155477194804        9514144.2998237070        473.11435396447342        16.614313655138009       0.32366749035975961                0           0   494.45489887429301        2.3046733855136494E-003   3.4765125858697511E-005         886   1.2608860519958398                0
         265         266   8.4095384718170976E-002   3.6296916915751078E-002  -2.5177899034581081E-005  0.98208373370183832        10108890.380857350        451.79534035261213        6.5086004370239223       0.43965501139217578                0           0   465.36415772724831        1.6025046735364237E-003   3.2674320360595981E-005         968  0.24554178552943939                0
         367         368  0.20322917187314732       0.17631903439505672       -1.9839652510208374E-004  0.98272449942347695        10352912.286942927        673.08594361272344        16.748551830012097       0.58137428447003658                0           0   454.39535536081337        1.9798806760430998E-003   2.0825833915541128E-005        1070   1.6059650932903691                0
         305         306   8.5255713978393793E-002   1.6586699482616780E-002  -1.1931200371230782E-005  0.97557216214542408        10624387.113807641        441.69112072417624        14.228533507283437       0.32549845923891574                0           0   442.78462439785847        2.6751951435917505E-003   3.1250000000000000E-002        1008  0.11535951692737575                0
         325         326  0.14296285691723640        1.8018411898666035E-002  -1.7591034512000332E-005  0.98525910189351285        11605238.715074902        545.71725305743564        6.1726702272824792       0.32900219808773196                0           0   405.36135215676182        1.9976652747874619E-004   1.5500208082860713E-002        1028   2.6945315787215721E-002           0
         119         120  0.12744757891135747        8.2887871857059842E-002  -6.3848789170769046E-005  0.98269985033698937        12193204.574003790        616.57973866081329        6.3855769376341254       0.28596787605764112                0           0   385.81451078697370        3.7479255214838184E-003   1.6285508013587462E-002         822   2.4791447209380688E-002           0
         133         134  0.13034205300579016        4.8697333779162973E-002  -3.8327527165108591E-005  0.98106211501240248        13234677.084231617        617.16072002431576        9.7292110072955591       0.37586600723921326                0           0   355.45372415997173        3.0519367687207024E-003   3.7336789883920962E-005         836  0.23767947855849647                0
          17          18   8.8310858010865509E-002   3.6165089814597706E-002  -2.2321003472730643E-005  0.98140412768925933        12747100.610456508        533.22349031307033        10.070752534578487       0.38587281208766266                0           0   369.04982563531280        3.2391129273980847E-003   1.7025303551798713E-002         720  -4.7508969646065394E-002           0
         275         276  0.13196141201412448        6.9014568623332620E-002  -4.7734156299542394E-005  0.97881976104364199        15446670.119152460        711.01345119727193        12.189274704798827       0.41738650151484757                0           0   304.55206341280262        4.2761002117302563E-003   4.1310138042096026E-005         978  0.42009494297302824                0
         221         222  0.10685030920939192        6.9974509155263417E-002  -3.1625773957933830E-005  0.98384828323571294        22714822.141392749        881.03633082253771        11.424197976650266       0.18224761056487460                0           0   207.10332787823981        3.9759120070069669E-003   4.2141298856347745E-005         924 -0.23254482845856833                0
