 1021792   1   373 186   0      1.8   7.73   4.63  7.813     0.0  -0.2148   0.0000
  -1.117539   0.000000   0.245505   0.096985  -0.663599   0.060150   0.000000   0.000000   0.000000   0.000000
   0.00000   0.00000   0.13861   0.02930   0.00000  -1.11754   0.00000   0.00000  -0.87203   0.66276   0.19180   0.00000   0.00000
 NAME(I1)    NAME(I2)    M1[M*]                    M2[M*]                    EB[NB]                    ECC                       P[Days]                   SEMI[AU]                  RI[PC]                    VI[km/s]                  K*(I1)      K*(I2)      ZN[NB]                    RP[NB]                    STEP(I1)[NB]              NAME(ICM)                 ECM[NB]                   K*(ICM)      
           3           4   8.7970317491499028E-002   4.9196061553816367E-002  -9.2897646351125171E-004  0.98018963898304645        71340.815372945974        17.361255191394889        6.3703414315716911       0.21477936189731464                0           0   65941.428242054317        1.0539810829294615E-004  0.50000000000000000              706   6.7363147652876570E-002           0
          59          60  0.52934127945164156       0.11516011942956719       -3.1001072744619322E-002  0.99635260950274573        9025.0375450904266        7.3279160146024838        12.695411581341309       0.92942606991824683                0           0   521251.59969045070        4.4850020571511419E-005  0.50000000000000000              762   1.3849031850754068                0
          63          64  0.11284127030153632        5.3401276685359052E-002  -1.4468849236327175E-003  0.97984293960292113        54774.265105649982        15.520472950299069        10.803922002333390       0.36634393963450362                0           0   85885.502043175962        9.4206442072616631E-005  0.25000000000000000              766  0.19058496233249583                0
          83          84  0.10272953417562042        4.1373672231505683E-002  -1.2819188696754095E-003  0.97370419826673227        41789.837138321200        12.356008093958177        14.518960384316982       0.42940656227533025                0           0   112570.79662870750        7.4766174595093939E-005  0.50000000000000000              786  0.30820037014677926                0
         131         132   8.4797441590329786E-002   6.4637458177469395E-002  -7.7121942017657882E-004  0.98912831439601701        128788.41655396212        26.485513546867381        8.7171690791080927       0.49163234538674749                0           0   36527.471829531067        1.6151620773559698E-004   1.5625000000000000E-002         834  0.14214878989674562                0
         137         138  0.13717930409073115       0.13193897190263901       -4.0334545728335997E-003  0.97817964388784162        48147.574536657077        16.722602131164937        9.1060240448147667       0.33572115297521676                0           0   97706.173216745112        1.0141787278782275E-004  0.50000000000000000              840  0.59692382155161205                0
         167         168  0.11739175763496201        6.6852661947444644E-002  -1.3371095085191684E-003  0.97921691183512483        87047.450602289726        21.873015901955345        11.554775848603487       0.70366882670040543                0           0   54043.113555826756        1.3272323952673876E-004  0.25000000000000000              870  0.41155373109448323                0
         177         178  0.17518944591650459       0.15841447355487015       -4.8844045916293037E-002  0.97081544669269548        1948.4551180766894        2.1174370246531056        3.6303269271457683       0.79593354854430431                0           0   2414382.1502485364        1.2793853451865820E-005  0.25000000000000000              880  0.48234353434478844                0
         181         182  0.16494482085752635        4.8117280213717237E-002  -2.2342341753636167E-003  0.98308070947828008        38113.841390388654        13.238244572811659        5.5410551535666173       0.34055146961037558                0           0   123428.00111539195        8.0485139620415977E-005  0.50000000000000000              884   3.0137141722373889E-002           0
         193         194  0.13607741833753259        1.4509867592654014E-002  -3.3139095177587647E-004  0.98026160729439438        98477.807758994706        22.203845682541278        13.719002489274748       0.79805451769853886                0           0   47770.308506030713        1.3480179630591914E-004  0.50000000000000000              896   1.0781063195229650                0
         195         196  0.23980714281985319       0.16746154432118399       -1.7866781603804005E-002  0.96643523058497638        13874.745800257982        8.3762612435180923        12.688389162843526        1.0305270784489919                0           0   339055.96004197007        5.0498069052990366E-005  0.50000000000000000              898  0.79482440630564044                0
         207         208   9.9440827635248155E-002   5.0100703362626467E-002  -8.7683211256005204E-003  0.98112175417415370        2910.2243960466299        2.1174416066239212        2.8476642862182571       0.72103521184215225                0           0   1616478.5313583727        1.2860786271453537E-005  0.25000000000000000              910  0.45438648577505897                0
         225         226  0.11258739991983015        4.7810171057872303E-002  -9.4939383745014589E-004  0.98185672257896206        88575.957032427817        21.129198100363176        13.706409207594923       0.75083072030792597                0           0   53110.521356517827        1.2838083044770557E-004  0.50000000000000000              928   1.0217321777794741                0
         235         236   9.9158490776633662E-002   3.5661683213779022E-002  -5.1301121046354124E-003  0.96614283730650707        4095.4263718306088        2.5687641194955386        5.4263922577785717       0.33867911092069886                0           0   1148675.3345151674        1.5484037106406675E-005   6.2500000000000000E-002         938   9.0222033121145906E-002           0
         249         250   8.3325272192247987E-002   6.4931060179189190E-002  -5.9417119074347373E-003  0.97581540753508467        5929.7866670524481        3.3934150410168407        15.198739977501905       0.41587887736650014                0           0   793336.34104971308        2.0555510157367267E-005  0.25000000000000000              952   1.2426308124011876                0
         271         272  0.13618545113931463       0.10282415591629936       -1.7643068358636144E-003  0.98806680624688603        120181.93023047518        29.578155387187675        5.0281226859556769       0.47789638313840671                0           0   39143.282593508091        1.8027976026539725E-004  0.50000000000000000              974   9.3450884817849383E-002           0
         287         288   8.8414603939471620E-002   4.2704642040310346E-002  -5.8515194294090581E-004  0.98093659039144399        118941.02246670357        24.046383900145148        3.4080107452394710       0.59789657105076854                0           0   39551.663169548527        1.4603779329379048E-004  0.25000000000000000              990  0.19499837080279908                0
         291         292  0.10251315781699964        2.9651563345757474E-002  -1.1831110334550475E-003  0.98075559013170377        29765.556837160901        9.5746088155111213        9.3627552813794441       0.58854697466329065                0           0   158045.59892431262        5.8142920318824777E-005   3.1250000000000000E-002         994  0.23384739657418532                0
         303         304  0.77980953382043972       0.33783563817501155       -5.2382472905160467E-002  0.97671789874474535        28033.625192942258        18.742492285908785        6.9107639860922667       0.63180914907424812                0           0   167809.73653129677        1.1358394461059082E-004  0.25000000000000000             1006  0.23064985475047367                0
         311         312  0.16827131513595273       0.11782564957455051       -9.1314488263872420E-003  0.97485864189666582        15717.300866973132        8.0915100549741776        13.698256850621156       0.15189619652906444                0           0   299308.08714936365        4.8990345746074786E-005  0.50000000000000000             1014 -0.12978364951812366                0
         321         322  0.12252965187021556        4.0765808550071510E-002  -1.0952504619379879E-003  0.97557453106160041        63331.226025514967        16.995860241612995        15.472061446718111       0.41334622221919004                0           0   74281.133539866772        1.0293936416602254E-004  0.50000000000000000             1024  0.71931225011595457                0
         323         324  0.13577855073708561        2.1714876777924844E-002  -1.0672784058174505E-003  0.97737634574565457        30402.145619620234        10.295090097572151        11.861417456917563       0.67484845478934674                0           0   154736.29119810546        6.2411468000077191E-005  0.25000000000000000             1026  0.36415018860220694                0
         337         338  0.14234346256931027        4.8688670540606271E-002  -2.7220309402593351E-003  0.98436219341894415        24424.438780536861        9.4883723855236379        14.277442437788437       0.40651766281628959                0           0   192606.89262565569        5.7724153992768256E-005  0.50000000000000000             1040   1.4560982716665711                0
         363         364   8.0030474895858961E-002   2.5241398542184282E-002  -3.2505135387658957E-004  0.96900162088983910        125469.53716214608        23.159872534501439        12.802483737599736       0.71525250660819162                0           0   37493.684634903126        1.3980643129274424E-004  0.50000000000000000             1066  0.54689380418599076                0
         371         372   9.0756420354949963E-002   8.9399293653254358E-002  -1.4941626717007766E-003  0.97790038526241019        78336.750524128642        20.236383406048532        9.9401200555157150       0.48210163878970225                0           0   60052.468683849453        1.2271064128272370E-004  0.50000000000000000             1074  0.26890750710987721                0
         383         384   9.3433970454860987E-002   6.5975786712685114E-002  -2.9999592269293533E-003  0.97176827062077331        19385.313257799193        7.6576121486429507        13.539313818904990       0.45986701820524511                0           0   242674.19334851863        4.6290742961604388E-005  0.50000000000000000             1086  0.46643262322134932                0
         395         396  0.10118924464727580        7.2387835402996439E-002  -4.0679476328368365E-003  0.98184110250843104        15239.121285685993        6.7103307468978812        9.4039559826808450       0.49444842396162852                0           0   308699.90266850201        4.0771591993552411E-005  0.50000000000000000             1098   6.1200886521294857E-002           0
         401         402  0.11008182267075275        8.1520559788653676E-002  -2.1754919003101718E-003  0.98946501741247106        50292.904508829961        15.372504553420699        10.036211371795568       0.40661677987234474                0           0   93538.349069078395        9.3761781152373525E-005  0.50000000000000000             1104  0.13801636808908282                0
         219         220   5.9461379470541447        2.5291364086335988      -0.75299076982192070       0.98221912150944157        80559.862777643633        74.428097414589246        8.9631551281050008       0.18201509117273290                0           0   58395.273967004177        4.5230718866207646E-004  0.50000000000000000              922  0.12489568432521980                0
         159         160  0.52009082554844766       0.13749382338007102       -6.8562166579241961E-003  0.98252657550525302        109146.58921206869        38.868446659729038        5.5513955866647615       0.57750697948934626                0           0   43100.891119047374        2.3624417772278330E-004  0.25000000000000000              862  0.17741003889303181                0
           1           2   2.0244841138268650       0.61000484406818434       -7.0741485713423660E-002  0.98738152934187551        118081.33591071346        65.056817812538299        12.938730211893668       0.49646680352523198                0           0   39839.617509086311        3.9638661146352313E-004  0.50000000000000000              704  0.12665272184266996                0
         283         284  0.18094602805437388        8.1870494517192083E-002  -1.6064068193646895E-003  0.97697797871714775        143540.44546752289        34.366892541613126        5.9994542672819104       0.28125578076915081                0           0   32773.447527785116        2.0829891525217590E-004   6.2500000000000000E-002         986  -5.1799193808900759E-002           0
         185         186  0.24628085064239766        6.9358336926096664E-002  -1.8551080494142963E-003  0.99057546901522908        130681.44545928008        34.314639623851313        11.068974182915394       0.52229661738659583                0           0   35998.341165507023        2.0941269287605858E-004  0.50000000000000000              888  0.21735385609832719                0
         191         192  0.17819880543248182        5.0730547014061628E-002  -8.9966543292994278E-004  0.98450778698896024        174927.64032278312        37.446621017460309        15.259908513227282       0.63153408723460369                0           0   26892.921261409472        2.2782970840593575E-004  0.25000000000000000              894  0.46974963776758882                0
          71          72  0.16939743337267674        2.6319217633798585E-002  -4.7647967898261517E-004  0.96976219828091648        170003.73667627125        34.870225322542275        10.182267945980318       0.27828037726663124                0           0   27671.834452691655        1.5082883319385277E-004  0.25000000000000000              774 -0.11741250923808072                0
          53          54  0.10539273585624893        8.3691576402142989E-002  -9.4861616487088496E-004  0.98840746126056767        171334.30925667207        34.651436372167325        11.910826861618782       0.24383532748813974                0           0   27456.936547351612        2.1096666920612941E-004  0.50000000000000000              756 -0.17287307382816877                0
         245         246  0.10614450888457336        7.9534736728126665E-002  -8.8338078697462622E-004  0.97533507163214717        180155.36208468804        35.614411017835778        12.353904656446726       0.14379267074128041                0           0   26112.546433302068        2.1568078356416255E-004  0.50000000000000000              948  0.11131949076190191                0
         331         332  0.12214104311112879        9.8521910482032543E-002  -1.1537755047203683E-003  0.97154055198387024        188414.45473505274        38.868024797675822        12.857239932486182       0.28921188486179555                0           0   24967.910579153504        2.3493249830021899E-004  0.50000000000000000             1034   6.9189325409947933E-002           0
         203         204  0.10958957416913398        5.6611292613942377E-002  -6.2817234305771752E-004  0.98494187057407623        200051.97130642890        36.805509599966030        12.554249534321109       0.11963831638504856                0           0   23515.465640870621        1.6988547057778460E-004  0.50000000000000000              906 -0.16879788786171102                0
          21          22  0.17137201111473407        1.8580527211685235E-002  -2.8964617018065918E-004  0.97725619083110171        219756.57682243298        40.968444197440832        6.6029589184340587       0.24021346204270697                0           0   21406.937283364805        1.8343950172520064E-004  0.50000000000000000              724   6.9199648090748217E-002           0
         369         370  0.35577330781196675       0.28758888866695975       -6.5923629871082615E-003  0.96841922705639494        200307.85819162280        57.839387851881206        15.025246081919944       0.42148946469285425                0           0   23485.425385280789        3.4904883910831302E-004  0.50000000000000000             1072   1.5697347127371768                0
          77          78   9.3430964505624117E-002   2.0354482771848002E-002  -1.6334883162896549E-004  0.97425183352183942        309441.22681298596        43.386459025179242        12.689944794377647       0.57902533125593991                0           0   15202.613129787858        1.8457846561722538E-004  0.50000000000000000              780  0.84371622085275266                0
         315         316  0.30834333591613694       0.21242803698149326       -3.5544000840579989E-003  0.96932722246065328        288048.63087816222        68.675120176768687        10.583118783137179       0.41665393824417740                0           0   16331.670257563481        4.1463143421502049E-004   3.1250000000000000E-002        1018  0.22555946161571130                0
          89          90  0.20842321107894346       0.10223825271363279       -1.3435582502014560E-003  0.98702482580270168        297769.38109927031        59.104743533761280        9.0165327527917309       0.75662944510713093                0           0   15798.519109916271        3.6005640583131949E-004  0.50000000000000000              792  0.39909392935529514                0
         155         156  0.50373356431637750       0.18870347651975347       -4.6345267489272665E-003  0.98128177235206437        293320.33962033020        76.435433608783669        11.746004292717943       0.74301127016194135                0           0   16038.148816184937        4.6428632181207922E-004  0.50000000000000000              858  0.46004777394004825                0
         187         188  0.16652052450678573        4.4390738220572948E-002  -5.1200105471243477E-004  0.98740860044556455        313872.49940009229        53.803263366689940        8.5537749036948458       0.66622418241986303                0           0   14987.981637882163        1.5401396217716847E-004  0.50000000000000000              890  0.29407632625720037                0
         255         256   8.3811449474318997E-002   3.0344259974373743E-002  -1.9498774621546684E-004  0.99476358635673934        366335.73421504453        48.606227887337262        12.165234814069006       0.45225594508999523                0           0   12841.540746017587        1.7373772739312873E-004  0.50000000000000000              958  0.23786767025816094                0
          93          94   8.5361728603296438E-002   7.1347741082274679E-002  -4.1080252103106030E-004  0.97812880800934654        378910.90214675880        55.249666982163497        13.062991686230868       0.47973896013070971                0           0   12415.359998859836        1.7179347800011020E-004  0.50000000000000000              796  0.35185560528288323                0
          95         546  0.62290701776509083       0.52092362269304604       -3.7742840501678531E-003  0.93636591378625700        1958539.8243912493        320.39227050910438        10.851031450533506       0.51658900822188480                0           0   2401.9502687962708        8.6386447936753535E-004   2.2202407592111385E-003         798  0.31416340043880836                0
          67          68  0.52597586808430075       0.46375414949012228       -9.5351984985231255E-003  0.98266064699714351        341740.68956755206        95.332992401100725        15.476701344956000       0.46408519848272106                0           0   13765.745201713413        5.7947742737167690E-004  0.50000000000000000              770   7.0779379550641980E-002           0
         213         214   8.6717284611907239E-002   1.7710005955573944E-002  -1.1427078035879827E-004  0.98213695314694749        400632.33674856107        50.085097135765906        6.9770264471467840       0.34159984959626161                0           0   11742.225542311169        1.5552041722878169E-004  0.50000000000000000              916  0.15384197260051971                0
         313         314  0.11479116130453372        5.7685466757393881E-002  -3.9453446450446250E-004  0.99253727403468150        435049.79924732697        62.547398305763593        4.9813531701208618       0.43935519429743686                0           0   10813.279918261374        1.7042172232509015E-004  0.50000000000000000             1016   7.7345719439596144E-002           0
         365         366  0.29906545429998188       0.27572229150032296       -3.4223050706489746E-003  0.97703614846779008        409915.73603235272        89.792227251814452        13.330641491013926       0.30041307700138786                0           0   11476.298283102440        5.4424978456707430E-004  0.50000000000000000             1068 -0.23617330941607170                0
         201         202  0.41909726131645580       0.36316033186407948       -5.4401348907038797E-003  0.97784193266974673        439642.50440806977        104.26124217537117        11.882207592516917       0.38713586452018006                0           0   10700.319487940789        6.3220712582260643E-004  0.50000000000000000              904   7.2070096359337643E-002           0
         171         172  0.11855449161888632       0.10910379859810015       -6.3808363105355751E-004  0.99690688946593098        502629.43037454027        75.543937317710842        5.0341067241826876       0.23553847036184314                0           0   9359.4106778413025        1.6222029374787257E-004  0.50000000000000000              874  -7.4292948363938197E-002           0
         347         348  0.19457293008789711        9.8264029982305379E-002  -8.4213227326918961E-004  0.97623178622328566        525292.62380639045        84.608893442837001        4.1332694126704181       0.37165704993915938                0           0   8955.6088253366652        5.1262384884362530E-004  0.25000000000000000             1050  0.15735638059200321                0
         343         344   9.9716206803828866E-002   3.9838043689421537E-002  -1.9541286924161294E-004  0.98547806040898511        644708.77578794607        75.758248904357316        15.456934334860584       0.55618106937430489                0           0   7296.8066114739531        4.6110969753691106E-004  0.50000000000000000             1046   1.7394851572107604                0
          99         100  0.11123848720615616        3.9011678252708890E-002  -1.9764343022701515E-004  0.98119635498491209        697449.45099556562        81.825121918085514        11.132660013848479       0.54605734932622985                0           0   6745.0268272914218        1.9609050585244134E-004  0.25000000000000000              802  0.13294594337279125                0
         391         392  0.13558686976987694        5.7578981684498085E-002  -2.5446740011902898E-004  0.98428057182237338        1015963.8259505472        114.33226250480101        11.871523283059554       0.30409487752836473                0           0   4630.3964151906221        1.9855493643177781E-004  0.50000000000000000             1094  0.10388241127031612                0
         385         386  0.12648191059682606        5.9749107023494945E-002  -2.5030111744847215E-004  0.99192399726360403        1010156.8010307509        112.51654391747591        14.151526594226953       0.27665764380720553                0           0   4657.0148840700185        1.9971473045980897E-004  0.50000000000000000             1088   7.7895576058808844E-003           0
          41          42  0.11122608390456809        8.6847116325004775E-002  -3.0034655602715249E-004  0.97689552612968544        1076875.4069236529        119.85571002551679        3.1205512600171197       0.83541803713405860                0           0   4368.4861102769009        1.9934720720389158E-004  0.25000000000000000              744  0.52079828704612185                0
         345         346  0.55774375829353751       0.47607345656862060       -4.7923803546830179E-003  0.97923176074338625        1065819.0059203701        206.47940675782556        1.4271376490569028       0.25677701557195870                0           0   4413.8031237137029        1.2529054742208931E-003  0.50000000000000000             1048  -4.2165114682808716E-002           0
          73          74  0.94128231410560004       0.69908498357263338       -1.0547991353088345E-002  0.98595090542721642        1010924.7705775029        232.48741209934116        12.815777968550984       0.54769617453640795                0           0   4653.4770880699325        1.4155097427745917E-003  0.50000000000000000              776  0.38504916744653073                0
         285         286   8.9462339041284894E-002   4.2834040765278178E-002  -1.2838168338598593E-004  0.97556116315563901        1178106.6063545495        111.23605151706303        9.5778389610091761       0.67016789639305874                0           0   3993.1150816660524        1.4410236536712358E-004  0.50000000000000000              988  0.22722245086785253                0
         293         294  0.55382231722128972       0.12326253909399966       -1.3046202120956597E-003  0.97555013427591697        1208714.8768618368        195.00098063437505        11.819996998790144       0.56225514826250100                0           0   3891.9974823661364        1.1809822740092247E-003  0.50000000000000000              996  0.92327195736536760                0
         123         124  0.67985937278035102       0.12376754478802159       -1.4259437356367586E-003  0.97763450747397851        1328700.8239903566        219.90890269502705        10.320047161533987       0.58531105982895393                0           0   3540.5376234484115        1.3330674591925293E-003  0.50000000000000000              826  0.32049836125727199                0
           7           8  0.10772050310063933        1.1526931384030817E-002  -3.7943697728780554E-005  0.99082248886431246        1424470.1409572540        121.95279694780302        10.480050520703486       0.47090030916361769                0           0   3302.5018372680170        1.6260639909577266E-004   6.2500000000000000E-002         710  -9.7520688747985695E-003           0
         355         356  0.32294731613854971       0.22153041596011064       -1.4146791448691402E-003  0.98835597978780254        1280677.5733209376        188.46314208734015        4.4808216688733351       0.43960862792956368                0           0   3673.3018174480535        1.1488556879049804E-003  0.50000000000000000             1058   6.7436990547470085E-002           0
          85          86   8.0567479673496034E-002   7.0359839832317903E-002  -1.6540594186675728E-004  0.98642166572395873        1357017.8794508749        127.71821781941760        7.4971005091821104       0.32157740017514419                0           0   3466.6567986181526        1.9401392259058692E-004   6.2500000000000000E-002         788  -5.6280798390459123E-002           0
         387         388  0.11696728908539532        8.3148869844046139E-002  -2.2937642905733772E-004  0.96190473890596595        1621758.3075506345        158.01245618750778        6.6686004542938102       0.38057930596080997                0           0   2900.7499056685956        7.8394960474609840E-004   1.7366058948962681E-005        1090  -8.0721929464381004E-002           0
         103         104   9.4240900685283069E-002   8.1646476448274677E-002  -1.9581474411928143E-004  0.97430932578693863        1543295.6101144454        146.43699954217337        6.2939597112472629       0.15357208484482163                0           0   3048.2269416265021        8.8618227905427590E-004  0.25000000000000000              806  -4.8339112692597705E-002           0
          65          66   8.1196656538748205E-002   3.2700733033609646E-002  -6.2627861262289943E-005  0.98184767372588766        2149336.5504112290        157.99647215383459        11.333155311566561       0.56214945591658994                0           0   2188.7290088398181        1.9363885980735446E-004  0.50000000000000000              768  0.17589487921814051                0
          15          16  0.12041882448822794        4.7134796559794988E-002  -1.1370748620294229E-004  0.97825164521118502        2263928.7909641471        186.02285177799217        12.222560721601921       0.60676968642208806                0           0   2077.9431210119114        1.1281688166013199E-003  0.50000000000000000              718  0.17929906059643752                0
         243         244  0.10897784068549871        6.2870305948584129E-002  -1.2688985103554134E-004  0.99345305026723485        2514966.0648626112        201.22235189126619        12.823684529982833       0.38003795376211402                0           0   1870.5283237695505        1.2297376519750148E-003  0.50000000000000000              946   7.3599610665687334E-002           0
         265         266   8.4095384718170976E-002   3.6296916915751078E-002  -2.5179293760727004E-005  0.98201131338278569        10108050.468192887        451.77031460011148        5.8732633171288908       0.52450951208638041                0           0   465.40282643501672        2.7035606719275343E-003   1.3285897999839832E-003         968  0.21599145533167649                0
         127         128  0.41687934908818136       0.27898104023835063       -1.0601324713850049E-003  0.99434194081511351        3619474.9262651657        408.83142482301037        11.222562781433673       0.30949516202829414                0           0   1299.7231237899509        2.4997052625840904E-003  0.25000000000000000              830  -2.3990712122535958E-003           0
         217         218   8.1228311512873880E-002   6.5270211912634449E-002  -8.4864059256294254E-005  0.97696892315676265        3390006.8490829859        232.81876606981328        14.030400413878523       0.72286593767540008                0           0   1387.7008121435813        1.4110585494170628E-003  0.50000000000000000              920  0.32156335632299693                0
         143         144  0.25022565110097550       0.15769561095085233       -3.9893226177458845E-004  0.97378367469115990        4047244.7606835263        368.61381757316616        10.063569071771571       0.64822754320972509                0           0   1162.3500766111972        2.2305190603367172E-003  0.50000000000000000              846  0.21725603379939484                0
          61          62  0.16574606629006447        5.1105325148539382E-002  -1.0680914848388477E-004  0.98146224652464376        3985102.7316611102        295.54272204541036        7.6768369125146494       0.44908787133957317                0           0   1180.4752786595950        1.7952874583487142E-003  0.50000000000000000              764  0.28027194625510343                0
          29          30   9.2064989403419284E-002   3.8673592252436655E-002  -4.8326417632826574E-005  0.98790084533106615        4595724.3541263249        274.56410217347485        6.4640048680655644       0.83636771460638037                0           0   1023.6286807368981        1.6733196375634911E-003  0.25000000000000000              732  0.51030531756736608                0
         405         406   8.7236661288412828E-002   5.5735761705262711E-002  -1.4072219982536795E-005  0.99445045527554632        44632234.652881853        1287.6258805654079        12.088243925908571       0.70256874011757542                0           0   105.40174145954420        7.8733128566099032E-003  0.50000000000000000             1108   1.2958509703182308                0
          45          46   8.6894120985331738E-002   8.6164685909330241E-002  -8.2040856412477007E-005  0.98387083180607882        5506893.1944410549        340.10174038637848        8.5410975804099021       0.65439896018128685                0           0   854.25939664011355        2.0685513436049150E-003  0.50000000000000000              748  0.47184078459173262                0
         161         162   9.3309048906446132E-002   9.2827486138433946E-002  -9.1370165150902842E-005  0.98792582768305381        5621436.7630271530        353.27693054901766        8.7803217708623311       0.43006524378668992                0           0   836.85282890409690        1.1874565148623833E-003   2.2420850646492450E-005         864   9.7774453144800572E-002           0
         289         290  0.10428359770713377        2.3242149003040714E-002  -2.7029428437812410E-005  0.98098931246824916        6248178.4949185560        334.17561847190200        14.123911200112667       0.16208442659696981                0           0   752.90986988778116        1.8193342101448236E-003   1.0686201626203431E-003         992  -4.6885695309955566E-002           0
         115         116   9.5073144526220191E-002   4.6025486525321645E-002  -4.6726263478262970E-005  0.98361077625756288        6339435.9430684811        348.99124241529205        10.587724435205850       0.49124791028176940                0           0   742.07158174513086        2.1223306805025111E-003  0.25000000000000000              818  0.16989446639433983                0
         223         224  0.13901763968801717        6.0776114313866474E-002  -7.7057942267616883E-005  0.98945551537354071        6749264.1395815630        408.60602800791020        7.3841671059588956       0.32019964697399700                0           0   697.01157938921904        2.2254232887921888E-003   2.4131868825912403E-004         926   9.7752223741560562E-002           0
         199         200  0.11230093762090229        4.7925291740752780E-002  -4.9845320530023470E-005  0.98557578802919299        7365259.5215128316        402.38621163417127        9.9715764973638237       0.42355325995097687                0           0   638.71683596540686        2.4494184751019071E-003  0.50000000000000000              902  0.76417927513334505                0
         373         374  0.15845034820673778       0.15233439132851201       -1.7085691396870808E-004  0.97956221958681777        7914569.3435948072        526.47522367629642        7.1405868029582313       0.40103695895020974                0           0   594.38676362750243        1.9739398498706596E-003   2.2484934603504163E-005        1076  0.11127024065149151                0
          69          70  0.10464422723177559       0.10349050793134676       -8.6377732787562200E-005  0.98042651398566583        8085705.8082159301        467.23280664956275        11.064109626329389       0.16531204569110378                0           0   581.80638391081243        2.8368343572848856E-003  0.50000000000000000              772 -0.16243729927484782                0
          51          52  0.11606384615255892        9.5064690585184505E-002  -1.2276543213329298E-004  0.98205345115529663        4872545.5793825211        334.93415447263214        2.8271311299386066       0.45570713026484500                0           0   965.47383313362923        1.9892380511386115E-004  0.50000000000000000              754   6.4443590038001999E-002           0
         267         268  0.11152016154947933        1.9237634443879208E-002  -2.0556003979754891E-005  0.97571104616279047        7747917.3622500729        388.94276814901662        3.6270858918124063       0.54739197442906840                0           0   607.17158401371773        2.3544598599266478E-003   1.1910004110463979E-003         970  0.15313945540192836                0
         367         368  0.20322917187314732       0.17631903439505672       -1.9839412432482941E-004  0.98268290762890997        10353100.209178116        673.09408865950411        14.371344538113945       0.52540333566985009                0           0   454.38710749407653        2.7410581366953597E-003   3.8895984066666549E-004        1070   1.5343330360961995                0
         305         306   8.5255713978393793E-002   1.6586699482616780E-002  -1.1931200371230782E-005  0.97557216214542408        10624387.113807641        441.69112072417624        14.903666767876128       0.24532123065803063                0           0   442.78462439785847        2.6751951435917505E-003  0.50000000000000000             1008   7.6921977142550002E-002           0
         325         326  0.14296285691723640        1.8018411898666035E-002  -1.7591034512000332E-005  0.98525910189351285        11605238.715074902        545.71725305743564        5.5860917855524983       0.38623478702900854                0           0   405.36135215676182        1.9976652747874619E-004  0.50000000000000000             1028   2.6815237325416470E-002           0
         119         120  0.12744757891135747        8.2887871857059842E-002  -6.3848789170769046E-005  0.98269985033698937        12193204.574003790        616.57973866081329        8.1000144860081829       0.25216521417648902                0           0   385.81451078697370        3.7479255214838184E-003  0.50000000000000000              822   6.8320662851913558E-002           0
         133         134  0.13034205300579016        4.8697333779162973E-002  -3.8327400668728224E-005  0.98105064470915315        13234742.604202913        617.16275691165549        8.9317529436283571       0.50250343276181975                0           0   355.45196444929957        3.4708372683791423E-003   6.3905121762955117E-004         836  0.21135625182938345                0
          17          18   8.8310858010865509E-002   3.6165089814597706E-002  -2.2321003472730643E-005  0.98140412768925933        12747100.610456508        533.22349031307033        8.3172547894228881       0.35417115982842690                0           0   369.04982563531280        3.2391129273980847E-003  0.50000000000000000              720  -4.3138567908233311E-002           0
         275         276  0.13196141201412448        6.9014568623332620E-002  -4.7733482671629904E-005  0.97886935759322546        15446997.101731837        711.02348521281135        12.843898710877941       0.42781998350723649                0           0   304.54561664398449        1.9057606729719807E-003   4.3938322089924709E-004         978  0.37008288647855359                0
         399         400  0.17014458503807270        6.6018282057290864E-002  -2.6984291619341970E-005  0.99072403950879218        45921960.014755152        1551.2816854540040        9.3397395751257744       0.21906797544631373                0           0   102.44151722037175        8.2309887954346347E-003   1.0703465755461952E-004        1102 -0.12805963925508143                0
         157         158  0.17882018552997023        8.7937108552675433E-002  -4.2075487538270713E-005  0.98506461360955189        36757877.457963251        1392.7683907479277        7.7000292741043053       0.37041439987529301                0           0   127.98114534835896        6.2585005150102733E-003   3.4709433368875441E-004         860   4.5061035918829359E-003           0
         145         146  0.11284151051838727        7.1741434973604884E-002  -2.4259664035804827E-005  0.99380066562551239        37282471.526317544        1243.5793566191653        14.238112464960011       0.41384755578403037                0           0   126.18034870150727        7.6002326288443509E-003   2.3136625852507263E-004         848  0.14726571238406083                0
         221         222  0.10685030920939192        6.9974509155263417E-002  -3.1625700584333821E-005  0.98468186527499202        22714901.191147048        881.03837488183547        10.962445225103435       0.23007103667310777                0           0   207.10260714135231        5.3606619697824463E-003   4.6660155925763638E-005         924 -0.19543463021835716                0
