 1031377   1   373 108   0      1.4   7.73   4.63  5.623     0.0  -0.2148   0.0000
  -1.117645   0.000000   0.245611   0.096985  -0.663599   0.060150   0.000000   0.000000   0.000000   0.000000
   0.00000   0.00000   0.13457   0.02867   0.00000  -1.11764   0.00000   0.00000  -0.87203   0.66276   0.19282   0.00000   0.00000
 NAME(I1)    NAME(I2)    M1[M*]                    M2[M*]                    EB[NB]                    ECC                       P[Days]                   SEMI[AU]                  RI[PC]                    VI[km/s]                  K*(I1)      K*(I2)      ZN[NB]                    RP[NB]                    STEP(I1)[NB]              NAME(ICM)                 ECM[NB]                   K*(ICM)      
           3           4   8.7970317491499028E-002   4.9196061553816367E-002  -9.2897646351125171E-004  0.98018963898304645        71340.815372945974        17.361255191394889        3.9490612093129429       0.19536954460742487                0           0   65941.428242054317        1.0539810829294615E-004  0.50000000000000000              706   6.6931627668194438E-002           0
          59          60  0.52934127945164156       0.11516011942956719       -3.1001072744619322E-002  0.99635260950274573        9025.0375450904266        7.3279160146024838        14.263511794092798       0.89385362051550865                0           0   521251.59969045070        4.4850020571511419E-005  0.50000000000000000              762   1.3849804787164781                0
          63          64  0.11284127030153632        5.3401276685359052E-002  -1.4468849236327175E-003  0.97984293960292113        54774.265105649982        15.520472950299069        13.194020359662538       0.36659176529393811                0           0   85885.502043175962        9.4206442072616631E-005  0.25000000000000000              766  0.19067382027251284                0
          83          84  0.10272953417562042        4.1373672231505683E-002  -1.2819188696754095E-003  0.97370419826673227        41789.837138321200        12.356008093958177        16.391276356829287       0.40272457849303334                0           0   112570.79662870750        7.4766174595093939E-005  0.25000000000000000              786  0.30843322302219267                0
         131         132   8.4797441590329786E-002   6.4637458177469395E-002  -7.7121942017657882E-004  0.98912831439601701        128788.41655396212        26.485513546867381        7.0103367441210409       0.43944544851950107                0           0   36527.471829531067        1.6151620773559698E-004   7.8125000000000000E-003         834  0.10167431383236128                0
         137         138  0.13717930409073115       0.13193897190263901       -4.0334545728335997E-003  0.97817964388784162        48147.574536657077        16.722602131164937        7.7104833548091829       0.28471585295414020                0           0   97706.173216745112        1.0141787278782275E-004  0.50000000000000000              840  0.59666336302857093                0
         167         168  0.11739175763496201        6.6852661947444644E-002  -1.3371095085191684E-003  0.97921691183512483        87047.450602289726        21.873015901955345        14.330933303742121       0.69694539685486045                0           0   54043.113555826756        1.3272323952673876E-004  0.50000000000000000              870  0.41165325095541783                0
         177         178  0.17518944591650459       0.15841447355487015       -4.8844045916293037E-002  0.97081544669269548        1948.4551180766894        2.1174370246531056       0.70914400676284484       0.79677161444745737                0           0   2414382.1502485364        1.2793853451865820E-005  0.25000000000000000              880  0.48101429491983494                0
         181         182  0.16494482085752635        4.8117280213717237E-002  -2.2342341753636167E-003  0.98308070947828008        38113.841390388654        13.238244572811659        3.3626610809916087       0.33269446211411979                0           0   123428.00111539195        8.0485139620415977E-005  0.50000000000000000              884   3.1323684410923341E-002           0
         193         194  0.13607741833753259        1.4509867592654014E-002  -3.3139095177587647E-004  0.98026160729439438        98477.807758994706        22.203845682541278        15.046235570347479       0.76506936442295892                0           0   47770.308506030713        1.3480179630591914E-004  0.50000000000000000              896   1.0850703735916598                0
         195         196  0.23980714281985319       0.16746154432118399       -1.7866781603804005E-002  0.96643523058497638        13874.745800257982        8.3762612435180923        11.533160163413042        1.0173871005762052                0           0   339055.96004197007        5.0498069052990366E-005  0.50000000000000000              898  0.79028857912419048                0
         207         208   9.9440827635248155E-002   5.0100703362626467E-002  -8.7683211256005204E-003  0.98112175417415370        2910.2243960466299        2.1174416066239212        2.5323539405109123       0.73053385503887980                0           0   1616478.5313583727        1.2860786271453537E-005  0.25000000000000000              910  0.45357792316829149                0
         225         226  0.11258739991983015        4.7810171057872303E-002  -9.4939383745014589E-004  0.98185672257896206        88575.957032427817        21.129198100363176        15.084230843222585       0.70729219589913206                0           0   53110.521356517827        1.2838083044770557E-004  0.50000000000000000              928   1.0223244459326151                0
         235         236   9.9158490776633662E-002   3.5661683213779022E-002  -5.1301121046354124E-003  0.96614283730650707        4095.4263718306088        2.5687641194955386        2.8877438003862923       0.31744649112278550                0           0   1148675.3345151674        1.5484037106406675E-005  0.50000000000000000              938   8.2159929063780446E-002           0
         249         250   8.3325272192247987E-002   6.4931060179189190E-002  -5.9417119074347373E-003  0.97581540753508467        5929.7866670524481        3.3934150410168407        15.223447903779590       0.43267936491050590                0           0   793336.34104971308        2.0555510157367267E-005  0.25000000000000000              952   1.2424210325987459                0
         271         272  0.13618545113931463       0.10282415591629936       -1.7643068358636144E-003  0.98806680624688603        120181.93023047518        29.578155387187675        7.0642192296082467       0.48790949775911796                0           0   39143.282593508091        1.8027976026539725E-004  0.50000000000000000              974   9.2884924338493796E-002           0
         287         288   8.8414603939471620E-002   4.2704642040310346E-002  -5.8515194294090581E-004  0.98093659039144399        118941.02246670357        24.046383900145148        2.8131693299044160       0.59990706607529021                0           0   39551.663169548527        1.4603779329379048E-004  0.50000000000000000              990  0.19690823414145719                0
         291         292  0.10251315781699964        2.9651563345757474E-002  -1.1831110334550475E-003  0.98075559013170377        29765.556837160901        9.5746088155111213        12.000904945594156       0.58838220637008598                0           0   158045.59892431262        5.8142920318824777E-005   3.1250000000000000E-002         994  0.23392699592937741                0
         303         304  0.77980953382043972       0.33783563817501155       -5.2382472905160467E-002  0.97671789874474535        28033.625192942258        18.742492285908785        5.4908382302053580       0.63524149425277610                0           0   167809.73653129677        1.1358394461059082E-004  0.25000000000000000             1006  0.23326214496099493                0
         311         312  0.16827131513595273       0.11782564957455051       -9.1314488263872420E-003  0.97485864189666582        15717.300866973132        8.0915100549741776        16.172290983037499       0.16034755252406169                0           0   299308.08714936365        4.8990345746074786E-005  0.50000000000000000             1014 -0.12888937633020381                0
         321         322  0.12252965187021556        4.0765808550071510E-002  -1.0952504619379879E-003  0.97557453106160041        63331.226025514967        16.995860241612995        16.781850125455119       0.41888486182876050                0           0   74281.133539866772        1.0293936416602254E-004  0.25000000000000000             1024  0.71940535630369884                0
         323         324  0.13577855073708561        2.1714876777924844E-002  -1.0672784058174505E-003  0.97737634574565457        30402.145619620234        10.295090097572151        13.641578693241613       0.65466266247515370                0           0   154736.29119810546        6.2411468000077191E-005  0.25000000000000000             1026  0.36423522638343941                0
         337         338  0.14234346256931027        4.8688670540606271E-002  -2.7220309402593351E-003  0.98436219341894415        24424.438780536861        9.4883723855236379        12.604194876140046       0.40788216026353424                0           0   192606.89262565569        5.7724153992768256E-005  0.50000000000000000             1040   1.4565038158730081                0
         363         364   8.0030474895858961E-002   2.5241398542184282E-002  -3.2505135387658957E-004  0.96900162088983910        125469.53716214608        23.159872534501439        12.716295186611815       0.70671993406594935                0           0   37493.684634903126        1.3980643129274424E-004  0.50000000000000000             1066  0.54650886585271197                0
         371         372   9.0756420354949963E-002   8.9399293653254358E-002  -1.4941626717007766E-003  0.97790038526241019        78336.750524128642        20.236383406048532        10.623159410885059       0.45920169501583430                0           0   60052.468683849453        1.2271064128272370E-004  0.25000000000000000             1074  0.26814397325565420                0
         383         384   9.3433970454860987E-002   6.5975786712685114E-002  -2.9999592269293533E-003  0.97176827062077331        19385.313257799193        7.6576121486429507        10.210083413058788       0.47733845179362333                0           0   242674.19334851863        4.6290742961604388E-005  0.50000000000000000             1086  0.46697767517768451                0
         395         396  0.10118924464727580        7.2387835402996439E-002  -4.0679476328368365E-003  0.98184110250843104        15239.121285685993        6.7103307468978812        8.6522968598879899       0.49254584718384070                0           0   308699.90266850201        4.0771591993552411E-005  0.50000000000000000             1098   6.2394995427512749E-002           0
         401         402  0.11008182267075275        8.1520559788653676E-002  -2.1754919003101718E-003  0.98946501741247106        50292.904508829961        15.372504553420699        7.8499152311700788       0.42976161175788380                0           0   93538.349069078395        9.3761781152373525E-005  0.50000000000000000             1104  0.13735809840070795                0
         219         220   5.9461379470541447        2.5291364086335988      -0.75299076982192070       0.98221912150944157        80559.862777643633        74.428097414589246        6.5656322800568416       0.19492031694096640                0           0   58395.273967004177        4.5230718866207646E-004  0.50000000000000000              922  0.12504871786428379                0
         159         160  0.52009082554844766       0.13749382338007102       -6.8562166579241961E-003  0.98252657550525302        109146.58921206869        38.868446659729038        2.7016302686585170       0.57790236740139789                0           0   43100.891119047374        2.3624417772278330E-004  0.50000000000000000              862  0.18799089794464013                0
           1           2   2.0244841138268650       0.61000484406818434       -7.0741485713423660E-002  0.98738152934187551        118081.33591071346        65.056817812538299        16.035913673266538       0.48636027035353224                0           0   39839.617509086311        3.9638661146352313E-004  0.50000000000000000              704  0.12683127808312553                0
         283         284  0.18094602805437388        8.1870494517192083E-002  -1.6064068193646895E-003  0.97697797871714775        143540.44546752289        34.366892541613126        5.5559594747740588       0.28814225360723195                0           0   32773.447527785116        2.0829891525217590E-004  0.50000000000000000              986  -5.0672245758530701E-002           0
         185         186  0.24628085064239766        6.9358336926096664E-002  -1.8551080494142963E-003  0.99057546901522908        130681.44545928008        34.314639623851313        8.1535169154951284       0.53241072457655880                0           0   35998.341165507023        2.0941269287605858E-004  0.50000000000000000              888  0.21762480769928835                0
         191         192  0.17819880543248182        5.0730547014061628E-002  -8.9966543292994278E-004  0.98450778698896024        174927.64032278312        37.446621017460309        17.482793890931937       0.62614868788292555                0           0   26892.921261409472        2.2782970840593575E-004  0.25000000000000000              894  0.46984797386554011                0
          71          72  0.16939743337267674        2.6319217633798585E-002  -4.7647967898261517E-004  0.96976219828091648        170003.73667627125        34.870225322542275        10.980639910782701       0.27291529460458630                0           0   27671.834452691655        1.5082883319385277E-004  0.25000000000000000              774 -0.11809640198123074                0
          53          54  0.10539273585624893        8.3691576402142989E-002  -9.4861616487088496E-004  0.98840746126056767        171334.30925667207        34.651436372167325        13.616083152237138       0.25757598880863608                0           0   27456.936547351612        2.1096666920612941E-004  0.25000000000000000              756 -0.16996559169345035                0
         245         246  0.10614450888457336        7.9534736728126665E-002  -8.8338078697462622E-004  0.97533507163214717        180155.36208468804        35.614411017835778        9.0471374154658228       0.16819669980076002                0           0   26112.546433302068        2.1568078356416255E-004  0.50000000000000000              948  0.11106348399635019                0
         331         332  0.12214104311112879        9.8521910482032543E-002  -1.1537755047203683E-003  0.97154055198387024        188414.45473505274        38.868024797675822        16.499008853954834       0.29137406229932422                0           0   24967.910579153504        2.3493249830021899E-004  0.50000000000000000             1034   6.9085995755023610E-002           0
         203         204  0.10958957416913398        5.6611292613942377E-002  -6.2817234305771752E-004  0.98494187057407623        200051.97130642890        36.805509599966030        14.622728122307732       0.13612767734102121                0           0   23515.465640870621        1.6988547057778460E-004  0.50000000000000000              906 -0.16855644626403371                0
          21          22  0.17137201111473407        1.8580527211685235E-002  -2.8964617018065918E-004  0.97725619083110171        219756.57682243298        40.968444197440832        3.4427383409385039       0.24220475031855010                0           0   21406.937283364805        1.8343950172520064E-004  0.50000000000000000              724   6.6977942076661440E-002           0
         369         370  0.35577330781196675       0.28758888866695975       -6.5923629871082615E-003  0.96841922705639494        200307.85819162280        57.839387851881206        13.887974247796070       0.41301730431514261                0           0   23485.425385280789        3.4904883910831302E-004  0.50000000000000000             1072   1.5689788066814341                0
          77          78   9.3430964505624117E-002   2.0354482771848002E-002  -1.6334883162896549E-004  0.97425183352183942        309441.22681298596        43.386459025179242        10.379808776580107       0.55528759381054882                0           0   15202.613129787858        1.8457846561722538E-004  0.50000000000000000              780  0.84619897137800404                0
         315         316  0.30834333591613694       0.21242803698149326       -3.5544000840579989E-003  0.96932722246065328        288048.63087816222        68.675120176768687        7.3743954934770084       0.39080699073049024                0           0   16331.670257563481        4.1463143421502049E-004   1.5625000000000000E-002        1018  0.19871264809388456                0
          89          90  0.20842321107894346       0.10223825271363279       -1.3435582502014560E-003  0.98702482580270168        297769.38109927031        59.104743533761280        6.0586629500322458       0.75789284599802087                0           0   15798.519109916271        3.6005640583131949E-004  0.50000000000000000              792  0.39997813777352892                0
         155         156  0.50373356431637750       0.18870347651975347       -4.6345267489272665E-003  0.98128177235206437        293320.33962033020        76.435433608783669        11.242630296670107       0.72306665172244400                0           0   16038.148816184937        4.6428632181207922E-004  0.50000000000000000              858  0.45944050009374460                0
         187         188  0.16652052450678573        4.4390738220572948E-002  -5.1200105471243477E-004  0.98740860044556455        313872.49940009229        53.803263366689940        5.5006074788746302       0.66772233398680569                0           0   14987.981637882163        1.5401396217716847E-004  0.50000000000000000              890  0.29218316018122248                0
         255         256   8.3811449474318997E-002   3.0344259974373743E-002  -1.9498774621546684E-004  0.99476358635673934        366335.73421504453        48.606227887337262        9.0699020624364852       0.45649164529172864                0           0   12841.540746017587        1.7373772739312873E-004  0.50000000000000000              958  0.24020547732743588                0
          93          94   8.5361728603296438E-002   7.1347741082274679E-002  -4.1080252103106030E-004  0.97812880800934654        378910.90214675880        55.249666982163497        9.6082727074007774       0.45135487111936712                0           0   12415.359998859836        1.7179347800011020E-004  0.50000000000000000              796  0.35079567548953516                0
          95         546  0.62290701776509083       0.52092362269304604       -3.7742976174304512E-003  0.93638002540475118        1958529.2640156827        320.39111881241564        7.6922349768587450       0.51874965535606543                0           0   2401.9632200946749        1.8916775894341935E-003   5.1453094608621521E-003         798  0.32394297324632348                0
          67          68  0.52597586808430075       0.46375414949012228       -9.5351984985231255E-003  0.98266064699714351        341740.68956755206        95.332992401100725        15.686729689482100       0.43962342271358335                0           0   13765.745201713413        5.7947742737167690E-004  0.50000000000000000              770   7.0906319736779216E-002           0
         213         214   8.6717284611907239E-002   1.7710005955573944E-002  -1.1427078035879827E-004  0.98213695314694749        400632.33674856107        50.085097135765906        3.8106511555362110       0.34934944907007387                0           0   11742.225542311169        1.5552041722878169E-004  0.50000000000000000              916  0.15186195723306384                0
         313         314  0.11479116130453372        5.7685466757393881E-002  -3.9453446450446250E-004  0.99253727403468150        435049.79924732697        62.547398305763593        2.8010528269542259       0.42730188080604276                0           0   10813.279918261374        1.7042172232509015E-004  0.50000000000000000             1016   7.7400212094351439E-002           0
         365         366  0.29906545429998188       0.27572229150032296       -3.4223050706489746E-003  0.97703614846779008        409915.73603235272        89.792227251814452        13.205090462916768       0.29345089393749813                0           0   11476.298283102440        5.4424978456707430E-004  0.50000000000000000             1068 -0.23636250164357958                0
         201         202  0.41909726131645580       0.36316033186407948       -5.4401348907038797E-003  0.97784193266974673        439642.50440806977        104.26124217537117        15.526789007333019       0.38953469271511471                0           0   10700.319487940789        6.3220712582260643E-004  0.50000000000000000              904   7.1836460658754597E-002           0
         171         172  0.11855449161888632       0.10910379859810015       -6.3808363105355751E-004  0.99690688946593098        502629.43037454027        75.543937317710842        4.2291477214186006       0.23576796791550075                0           0   9359.4106778413025        1.6222029374787257E-004  0.25000000000000000              874  -7.3464024033548875E-002           0
         347         348  0.19457293008789711        9.8264029982305379E-002  -8.4213227326918961E-004  0.97623178622328566        525292.62380639045        84.608893442837001        5.6026604780971621       0.39308905881262612                0           0   8955.6088253366652        5.1262384884362530E-004  0.25000000000000000             1050  0.15706624395898036                0
         343         344   9.9716206803828866E-002   3.9838043689421537E-002  -1.9541286924161294E-004  0.98547806040898511        644708.77578794607        75.758248904357316        14.077183758127402       0.57653507722688002                0           0   7296.8066114739531        4.6110969753691106E-004  0.50000000000000000             1046   1.7348490520041757                0
          99         100  0.11123848720615616        3.9011678252708890E-002  -1.9764343022701515E-004  0.98119635498491209        697449.45099556562        81.825121918085514        9.4256319605933303       0.54692520692416702                0           0   6745.0268272914218        1.9609050585244134E-004  0.25000000000000000              802  0.13501570396516729                0
         391         392  0.13558686976987694        5.7578981684498085E-002  -2.5446740011902898E-004  0.98428057182237338        1015963.8259505472        114.33226250480101        12.302524613584218       0.31717618560490274                0           0   4630.3964151906221        1.9855493643177781E-004  0.50000000000000000             1094  0.10359305616744720                0
         385         386  0.12648191059682606        5.9749107023494945E-002  -2.5030111744847215E-004  0.99192399726360403        1010156.8010307509        112.51654391747591        17.262031577822494       0.27531251126315121                0           0   4657.0148840700185        1.9971473045980897E-004  0.50000000000000000             1088   7.4771754097027639E-003           0
          41          42  0.11122608390456809        8.6847116325004775E-002  -3.0034655602715249E-004  0.97689552612968544        1076875.4069236529        119.85571002551679        1.3649295221258917       0.83438703186876328                0           0   4368.4861102769009        1.9934720720389158E-004  0.44130549828641608              744  0.51985290378591087                0
         345         346  0.55774375829353751       0.47607345656862060       -4.7923803546830179E-003  0.97923176074338625        1065819.0059203701        206.47940675782556        2.5513866346744942       0.24972473277764315                0           0   4413.8031237137029        1.2529054742208931E-003  0.50000000000000000             1048  -4.2394256054003238E-002           0
          73          74  0.94128231410560004       0.69908498357263338       -1.0547991353088345E-002  0.98595090542721642        1010924.7705775029        232.48741209934116        16.614686950230883       0.52341836118199414                0           0   4653.4770880699325        1.4155097427745917E-003  0.50000000000000000              776  0.38525262329251159                0
         285         286   8.9462339041284894E-002   4.2834040765278178E-002  -1.2838168338598593E-004  0.97556116315563901        1178106.6063545495        111.23605151706303        9.5875145999214268       0.66571711815719159                0           0   3993.1150816660524        1.4410236536712358E-004  0.50000000000000000              988  0.22801150024573055                0
         293         294  0.55382231722128972       0.12326253909399966       -1.3046202120956597E-003  0.97555013427591697        1208714.8768618368        195.00098063437505        9.5551681779233224       0.52854701268355420                0           0   3891.9974823661364        1.1809822740092247E-003  0.50000000000000000              996  0.92241846353702384                0
         123         124  0.67985937278035102       0.12376754478802159       -1.4259437356367586E-003  0.97763450747397851        1328700.8239903566        219.90890269502705        7.1678186420561847       0.57253142600351048                0           0   3540.5376234484115        1.3330674591925293E-003  0.25000000000000000              826  0.32061490659035768                0
           7           8  0.10772050310063933        1.1526931384030817E-002  -3.7943697728780554E-005  0.99082248886431246        1424470.1409572540        121.95279694780302        12.073937211274433       0.46211736403606068                0           0   3302.5018372680170        1.6260639909577266E-004   6.2500000000000000E-002         710  -9.6533232337333991E-003           0
         355         356  0.32294731613854971       0.22153041596011064       -1.4146791448691402E-003  0.98835597978780254        1280677.5733209376        188.46314208734015        6.0615004492501638       0.43582297879907839                0           0   3673.3018174480535        1.1488556879049804E-003  0.50000000000000000             1058   6.7211793314605098E-002           0
          85          86   8.0567479673496034E-002   7.0359839832317903E-002  -1.6540594186675728E-004  0.98642166572395873        1357017.8794508749        127.71821781941760        8.5861063112183569       0.31041952145288648                0           0   3466.6567986181526        1.9401392259058692E-004   6.2500000000000000E-002         788  -5.6312830774198984E-002           0
         387         388  0.11696728908539532        8.3148869844046139E-002  -2.2936986413151173E-004  0.96271062759399673        1621827.9339543786        158.01697875222385        3.4026173544398235       0.59845613193107305                0           0   2900.6253740953844        1.0199088925269892E-004   5.0622358286284073E-006        1090  0.21140353096856013                0
         103         104   9.4240900685283069E-002   8.1646476448274677E-002  -1.9581474411928143E-004  0.97430932578693863        1543295.6101144454        146.43699954217337        3.3750321827858585       0.15987937395991716                0           0   3048.2269416265021        8.8618227905427590E-004  0.25000000000000000              806  -5.3411009701608808E-002           0
          65          66   8.1196656538748205E-002   3.2700733033609646E-002  -6.2627861262289943E-005  0.98184767372588766        2149336.5504112290        157.99647215383459        12.861647869168760       0.55535641431037774                0           0   2188.7290088398181        1.9363885980735446E-004  0.50000000000000000              768  0.17607486136514397                0
          15          16  0.12041882448822794        4.7134796559794988E-002  -1.1370748620294229E-004  0.97825164521118502        2263928.7909641471        186.02285177799217        12.377479418201297       0.59008410240594344                0           0   2077.9431210119114        1.1281688166013199E-003  0.50000000000000000              718  0.17991517199881532                0
         243         244  0.10897784068549871        6.2870305948584129E-002  -1.2688985103554134E-004  0.99345305026723485        2514966.0648626112        201.22235189126619        9.5461558577282890       0.37220184936478701                0           0   1870.5283237695505        1.2297376519750148E-003  0.50000000000000000              946   7.3331479466006572E-002           0
         403         404  0.17519688796893346        3.8994197612049461E-002  -1.0593112271653626E-004  0.98389309059275809        2940510.4932963089        240.33783054232731        17.161966831417928       0.42340547859313993                0           0   1599.8294406258794        5.7326216050106735E-004   4.6654660150955037E-004        1106  0.14890832108328367                0
         127         128  0.41687934908818136       0.27898104023835063       -1.0601324713850049E-003  0.99434194081511351        3619474.9262651657        408.83142482301037        12.895790542139359       0.28695785781255079                0           0   1299.7231237899509        2.4997052625840904E-003  0.25000000000000000              830  -2.2870766468891116E-003           0
         217         218   8.1228311512873880E-002   6.5270211912634449E-002  -8.4864059256294254E-005  0.97696892315676265        3390006.8490829859        232.81876606981328        16.267377887134156       0.74517342300876943                0           0   1387.7008121435813        1.4110585494170628E-003  0.50000000000000000              920  0.32168559059915047                0
         143         144  0.25022565110097550       0.15769561095085233       -3.9893226177458845E-004  0.97378367469115990        4047244.7606835263        368.61381757316616        8.9911737165980821       0.64359787474623831                0           0   1162.3500766111972        2.2305190603367172E-003  0.50000000000000000              846  0.21901768245145053                0
          61          62  0.16574606629006447        5.1105325148539382E-002  -1.0680914848388477E-004  0.98146224652464376        3985102.7316611102        295.54272204541036        6.1999073092561030       0.44019161507749749                0           0   1180.4752786595950        1.7952874583487142E-003  0.50000000000000000              764  0.27994118125921302                0
          29          30   9.2064989403419284E-002   3.8673592252436655E-002  -4.8326417632826574E-005  0.98790084533106615        4595724.3541263249        274.56410217347485        6.4621857907894231       0.82741342553042208                0           0   1023.6286807368981        1.6733196375634911E-003  0.25000000000000000              732  0.51034504812359538                0
         405         406   8.7236661288412828E-002   5.5735761705262711E-002  -1.4072219982536795E-005  0.99445045527554632        44632234.652881853        1287.6258805654079        10.026762487275908       0.66668224550018362                0           0   105.40174145954420        7.8733128566099032E-003  0.50000000000000000             1108   1.2954129781643717                0
          45          46   8.6894120985331738E-002   8.6164685909330241E-002  -8.2040856412477007E-005  0.98387083180607882        5506893.1944410549        340.10174038637848        7.5099828199097720       0.64002394778282623                0           0   854.25939664011355        2.0685513436049150E-003  0.25000000000000000              748  0.47195710449432848                0
         161         162   9.3309048906446132E-002   9.2827486138433946E-002  -9.1369807016097217E-005  0.98828323763284798        5621469.8138926588        353.27831525988648        7.0847412922310671       0.48665284582139245                0           0   836.84790871218786        2.1342528321809679E-003   6.0860609765142523E-005         864  0.13936009128770629                0
         289         290  0.10428359770713377        2.3242149003040714E-002  -2.7029424429726677E-005  0.98098883588344499        6248179.8846948771        334.17566802547395        17.329617767727683       0.16355383195257436                0           0   752.90970241880188        1.5415178377634765E-003   4.9090478467312152E-004         992  -4.6078681723221722E-002           0
         115         116   9.5073144526220191E-002   4.6025486525321645E-002  -4.6726263478262970E-005  0.98361077625756288        6339435.9430684811        348.99124241529205        12.837533801349647       0.47730092175624872                0           0   742.07158174513086        2.1223306805025111E-003  0.25000000000000000              818  0.16990636161214573                0
         223         224  0.13901763968801717        6.0776114313866474E-002  -7.7059443484816167E-005  0.98945871731280088        6749066.9140060116        408.59806783626567        4.2713184594167304       0.33633234917028015                0           0   697.03194791003273        5.2634504804710569E-004   2.4005536679296282E-004         926  0.10381402950506614                0
         199         200  0.11230093762090229        4.7925291740752780E-002  -4.9845320530023470E-005  0.98557578802919299        7365259.5215128316        402.38621163417127        9.1274554033261914       0.36804192166266214                0           0   638.71683596540686        2.4494184751019071E-003  0.50000000000000000              902  0.76391650126796029                0
         373         374  0.15845034820673778       0.15233439132851201       -1.7085702333235236E-004  0.97949858273725854        7914561.7445568144        526.47488668547237        3.8444197538436238       0.40575843695550096                0           0   594.38733431830565        3.1651608905238710E-003   5.7088777507272764E-005        1076  0.10402091857037159                0
          69          70  0.10464422723177559       0.10349050793134676       -8.6377732787562200E-005  0.98042651398566583        8085705.8082159301        467.23280664956275        12.103063333135729       0.16831114437997913                0           0   581.80638391081243        2.8368343572848856E-003  0.50000000000000000              772 -0.16215840092866851                0
          51          52  0.11606384615255892        9.5064690585184505E-002  -1.2276543213329298E-004  0.98205345115529663        4872545.5793825211        334.93415447263214        5.2591625195817464       0.45397516068109744                0           0   965.47383313362923        1.9892380511386115E-004  0.25000000000000000              754   6.4247838776066921E-002           0
         265         266   8.4095384718170976E-002   3.6296916915751078E-002  -2.5177876370069568E-005  0.98207375483769532        10108904.030526048        451.79574704778145        3.1691681712305444       0.50711329254508075                0           0   465.36352936372265        1.7063739558306733E-003   5.3386067289831914E-004         968  0.21598314148289943                0
         367         368  0.20322917187314732       0.17631903439505672       -1.9839299438400586E-004  0.98268883715049193        10353188.657920497        673.09792224491491        13.252902977833315       0.52401796807401546                0           0   454.38322560130513        1.0607402710661614E-003   2.4002336353615879E-004        1070   1.5321360081082549                0
         305         306   8.5255713978393793E-002   1.6586699482616780E-002  -1.1931200371230782E-005  0.97557216214542408        10624387.113807641        441.69112072417624        12.090669505597669       0.26031585561040849                0           0   442.78462439785847        2.6751951435917505E-003  0.50000000000000000             1008   7.8304812458622891E-002           0
         325         326  0.14296285691723640        1.8018411898666035E-002  -1.7591034512000332E-005  0.98525910189351285        11605238.715074902        545.71725305743564        8.1607018366111337       0.37722480707169831                0           0   405.36135215676182        1.9976652747874619E-004  0.25000000000000000             1028   2.6635351268225659E-002           0
         119         120  0.12744757891135747        8.2887871857059842E-002  -6.3848789170769046E-005  0.98269985033698937        12193204.574003790        616.57973866081329        10.179236316956013       0.25537584919201667                0           0   385.81451078697370        3.7479255214838184E-003  0.25000000000000000              822   6.7884621928268857E-002           0
         133         134  0.13034205300579016        4.8697333779162973E-002  -3.8327214513510525E-005  0.98105257066602813        13234839.026004499        617.16575447014827        5.5955018256918008       0.47767272866249705                0           0   355.44937482061397        2.3298935575480338E-003   5.2123402516531013E-004         836  0.20965963062624279                0
          17          18   8.8310858010865509E-002   3.6165089814597706E-002  -2.2321003472730643E-005  0.98140412768925933        12747100.610456508        533.22349031307033        9.1349880359097941       0.36325569339832825                0           0   369.04982563531280        3.2391129273980847E-003  0.50000000000000000              720  -4.3237625232287871E-002           0
         275         276  0.13196141201412448        6.9014568623332620E-002  -4.7733999866164451E-005  0.97885775056049684        15446746.051719530        711.01578132330860        9.9283267950404586       0.42052887625012270                0           0   304.55056630655741        4.0053931596733495E-003   6.3940476731081004E-004         978  0.37081672826166195                0
         221         222  0.10685030920939192        6.9974509155263417E-002  -3.1625980131534890E-005  0.98445052217303175        22714600.020733103        881.03058723981758        12.704603208935399       0.19540009963372218                0           0   207.10535309232063        3.8791399282149903E-003   4.1555944213058839E-005         924 -0.20239728822970746                0
         157         158  0.17882018552997023        8.7937108552675433E-002  -4.2075591037951273E-005  0.98507332778598644        36757741.829699628        1392.7649647453454        6.0370170342056229       0.37181813504077105                0           0   127.98161757161471        7.0421169866515749E-003   3.6823403635795571E-004         860   7.8978689173351616E-003           0
         145         146  0.11284151051838727        7.1741434973604884E-002  -2.4259728542732042E-005  0.99378852121863481        37282322.824566357        1243.5760499258154        10.902290391896086       0.41450232727764169                0           0   126.18085197591176        7.4385775626490862E-003   2.2918537236769833E-004         848  0.14855697779752072                0
         399         400  0.17014458503807270        6.6018282057290864E-002  -2.6984106279764538E-005  0.99072802472556920        45922433.136109814        1551.2923403887671        11.450784146837714       0.22657524353358074                0           0   102.44046180439982        5.1759923695442640E-003   8.4870236111751399E-005        1102 -0.12834771385583854                0
         267         268  0.11152016154947933        1.9237634443879208E-002  -2.0555911313457621E-005  0.97570808461199077        7747969.7538671400        388.94452150772810        2.4936470958298558       0.54422023277665688                0           0   607.16747833156694        5.7620896933560325E-004   2.8880990279011893E-004         970  0.15223086932374608                0
