 1031412   1   373 109   0      1.4   7.73   4.63  5.642     0.0  -0.2148   0.0000
  -1.117645   0.000000   0.245611   0.096985  -0.663599   0.060150   0.000000   0.000000   0.000000   0.000000
   0.00000   0.00000   0.13478   0.02863   0.00000  -1.11764   0.00000   0.00000  -0.87203   0.66276   0.19282   0.00000   0.00000
 NAME(I1)    NAME(I2)    M1[M*]                    M2[M*]                    EB[NB]                    ECC                       P[Days]                   SEMI[AU]                  RI[PC]                    VI[km/s]                  K*(I1)      K*(I2)      ZN[NB]                    RP[NB]                    STEP(I1)[NB]              NAME(ICM)                 ECM[NB]                   K*(ICM)      
           3           4   8.7970317491499028E-002   4.9196061553816367E-002  -9.2897646351125171E-004  0.98018963898304645        71340.815372945974        17.361255191394889        3.8677695156498353       0.19689294933821433                0           0   65941.428242054317        1.0539810829294615E-004  0.50000000000000000              706   6.6919297203294578E-002           0
          59          60  0.52934127945164156       0.11516011942956719       -3.1001072744619322E-002  0.99635260950274573        9025.0375450904266        7.3279160146024838        14.246554233931326       0.89680162964871513                0           0   521251.59969045070        4.4850020571511419E-005  0.50000000000000000              762   1.3849774320357908                0
          63          64  0.11284127030153632        5.3401276685359052E-002  -1.4468849236327175E-003  0.97984293960292113        54774.265105649982        15.520472950299069        13.247019107196740       0.36647702713526004                0           0   85885.502043175962        9.4206442072616631E-005  0.25000000000000000              766  0.19066753958577692                0
          83          84  0.10272953417562042        4.1373672231505683E-002  -1.2819188696754095E-003  0.97370419826673227        41789.837138321200        12.356008093958177        16.438927517300449       0.40483414232250925                0           0   112570.79662870750        7.4766174595093939E-005  0.25000000000000000              786  0.30841347954118919                0
         131         132   8.4797441590329786E-002   6.4637458177469395E-002  -7.7121942017657882E-004  0.98912831439601701        128788.41655396212        26.485513546867381        6.9587771603622794       0.43986229736027238                0           0   36527.471829531067        1.6151620773559698E-004   1.5625000000000000E-002         834  0.10220461597156655                0
         137         138  0.13717930409073115       0.13193897190263901       -4.0334545728335997E-003  0.97817964388784162        48147.574536657077        16.722602131164937        7.7110084361967264       0.28894736764325762                0           0   97706.173216745112        1.0141787278782275E-004  0.50000000000000000              840  0.59668528270319898                0
         167         168  0.11739175763496201        6.6852661947444644E-002  -1.3371095085191684E-003  0.97921691183512483        87047.450602289726        21.873015901955345        14.396870290840356       0.69749249010496950                0           0   54043.113555826756        1.3272323952673876E-004  0.25000000000000000              870  0.41164635686640627                0
         177         178  0.17518944591650459       0.15841447355487015       -4.8844045916293037E-002  0.97081544669269548        1948.4551180766894        2.1174370246531056       0.64625411677300304       0.79666641416575545                0           0   2414382.1502485364        1.2793853451865820E-005  0.25000000000000000              880  0.48115064427799126                0
         181         182  0.16494482085752635        4.8117280213717237E-002  -2.2342341753636167E-003  0.98308070947828008        38113.841390388654        13.238244572811659        3.3125892479966441       0.33328175951779299                0           0   123428.00111539195        8.0485139620415977E-005  0.50000000000000000              884   3.1198503728139121E-002           0
         193         194  0.13607741833753259        1.4509867592654014E-002  -3.3139095177587647E-004  0.98026160729439438        98477.807758994706        22.203845682541278        15.095751213400302       0.76780321079288572                0           0   47770.308506030713        1.3480179630591914E-004  0.50000000000000000              896   1.0844702563281374                0
         195         196  0.23980714281985319       0.16746154432118399       -1.7866781603804005E-002  0.96643523058497638        13874.745800257982        8.3762612435180923        11.484095871948469        1.0184605708332024                0           0   339055.96004197007        5.0498069052990366E-005  0.50000000000000000              898  0.79063284621605223                0
         207         208   9.9440827635248155E-002   5.0100703362626467E-002  -8.7683211256005204E-003  0.98112175417415370        2910.2243960466299        2.1174416066239212        2.5749950252531946       0.72970282024154287                0           0   1616478.5313583727        1.2860786271453537E-005  0.25000000000000000              910  0.45364999570832898                0
         225         226  0.11258739991983015        4.7810171057872303E-002  -9.4939383745014589E-004  0.98185672257896206        88575.957032427817        21.129198100363176        15.122390137178870       0.71095078284186874                0           0   53110.521356517827        1.2838083044770557E-004  0.50000000000000000              928   1.0222696691350928                0
         235         236   9.9158490776633662E-002   3.5661683213779022E-002  -5.1301121046354124E-003  0.96614283730650707        4095.4263718306088        2.5687641194955386        2.7967481894096635       0.31909166118587479                0           0   1148675.3345151674        1.5484037106406675E-005  0.50000000000000000              938   8.2179771653691391E-002           0
         249         250   8.3325272192247987E-002   6.4931060179189190E-002  -5.9417119074347373E-003  0.97581540753508467        5929.7866670524481        3.3934150410168407        15.251840981550012       0.43071004958698383                0           0   793336.34104971308        2.0555510157367267E-005  0.25000000000000000              952   1.2424394694521967                0
         271         272  0.13618545113931463       0.10282415591629936       -1.7643068358636144E-003  0.98806680624688603        120181.93023047518        29.578155387187675        7.1272897973793237       0.48710477298763100                0           0   39143.282593508091        1.8027976026539725E-004  0.25000000000000000              974   9.2926758489824901E-002           0
         287         288   8.8414603939471620E-002   4.2704642040310346E-002  -5.8515194294090581E-004  0.98093659039144399        118941.02246670357        24.046383900145148        2.7495983388443848       0.59975823144485585                0           0   39551.663169548527        1.4603779329379048E-004  0.25000000000000000              990  0.19675721714896705                0
         291         292  0.10251315781699964        2.9651563345757474E-002  -1.1831110334550475E-003  0.98075559013170377        29765.556837160901        9.5746088155111213        12.098630152553488       0.58839334785793374                0           0   158045.59892431262        5.8142920318824777E-005   3.1250000000000000E-002         994  0.23392127033509413                0
         303         304  0.77980953382043972       0.33783563817501155       -5.2382472905160467E-002  0.97671789874474535        28033.625192942258        18.742492285908785        5.4065971541846922       0.63503482389773969                0           0   167809.73653129677        1.1358394461059082E-004  0.25000000000000000             1006  0.23309136393079333                0
         311         312  0.16827131513595273       0.11782564957455051       -9.1314488263872420E-003  0.97485864189666582        15717.300866973132        8.0915100549741776        16.250688075265607       0.15962668966336555                0           0   299308.08714936365        4.8990345746074786E-005  0.50000000000000000             1014 -0.12895736280877232                0
         321         322  0.12252965187021556        4.0765808550071510E-002  -1.0952504619379879E-003  0.97557453106160041        63331.226025514967        16.995860241612995        16.817644758043418       0.41806702956764435                0           0   74281.133539866772        1.0293936416602254E-004  0.50000000000000000             1024  0.71939287752897485                0
         323         324  0.13577855073708561        2.1714876777924844E-002  -1.0672784058174505E-003  0.97737634574565457        30402.145619620234        10.295090097572151        13.679269589252126       0.65633261203562898                0           0   154736.29119810546        6.2411468000077191E-005  0.25000000000000000             1026  0.36422951933791536                0
         337         338  0.14234346256931027        4.8688670540606271E-002  -2.7220309402593351E-003  0.98436219341894415        24424.438780536861        9.4883723855236379        12.606213815882773       0.40704860133471799                0           0   192606.89262565569        5.7724153992768256E-005  0.50000000000000000             1040   1.4564760795900180                0
         363         364   8.0030474895858961E-002   2.5241398542184282E-002  -3.2505135387658957E-004  0.96900162088983910        125469.53716214608        23.159872534501439        12.700229218946154       0.70735402394009572                0           0   37493.684634903126        1.3980643129274424E-004  0.50000000000000000             1066  0.54655113272811606                0
         371         372   9.0756420354949963E-002   8.9399293653254358E-002  -1.4941626717007766E-003  0.97790038526241019        78336.750524128642        20.236383406048532        10.592084388152996       0.46112096691493776                0           0   60052.468683849453        1.2271064128272370E-004  0.25000000000000000             1074  0.26821424401955390                0
         383         384   9.3433970454860987E-002   6.5975786712685114E-002  -2.9999592269293533E-003  0.97176827062077331        19385.313257799193        7.6576121486429507        10.172312698592457       0.47567675196494164                0           0   242674.19334851863        4.6290742961604388E-005  0.50000000000000000             1086  0.46690877245010087                0
         395         396  0.10118924464727580        7.2387835402996439E-002  -4.0679476328368365E-003  0.98184110250843104        15239.121285685993        6.7103307468978812        8.6172437939014159       0.49270662038094287                0           0   308699.90266850201        4.0771591993552411E-005  0.50000000000000000             1098   6.2304457101020880E-002           0
         401         402  0.11008182267075275        8.1520559788653676E-002  -2.1754919003101718E-003  0.98946501741247106        50292.904508829961        15.372504553420699        7.7809625460985892       0.42792576366645951                0           0   93538.349069078395        9.3761781152373525E-005  0.50000000000000000             1104  0.13740940050915218                0
         219         220   5.9461379470541447        2.5291364086335988      -0.75299076982192070       0.98221912150944157        80559.862777643633        74.428097414589246        6.4832425931414344       0.19363268488152049                0           0   58395.273967004177        4.5230718866207646E-004  0.50000000000000000              922  0.12499533474770001                0
         159         160  0.52009082554844766       0.13749382338007102       -6.8562166579241961E-003  0.98252657550525302        109146.58921206869        38.868446659729038        2.6749493042019634       0.57782467345668076                0           0   43100.891119047374        2.3624417772278330E-004  0.50000000000000000              862  0.18698257286712119                0
           1           2   2.0244841138268650       0.61000484406818434       -7.0741485713423660E-002  0.98738152934187551        118081.33591071346        65.056817812538299        16.088316130148435       0.48725522854215791                0           0   39839.617509086311        3.9638661146352313E-004  0.50000000000000000              704  0.12681715527488538                0
         283         284  0.18094602805437388        8.1870494517192083E-002  -1.6064068193646895E-003  0.97697797871714775        143540.44546752289        34.366892541613126        5.4884882987677202       0.28758841305634752                0           0   32773.447527785116        2.0829891525217590E-004  0.50000000000000000              986  -5.0769306636551104E-002           0
         185         186  0.24628085064239766        6.9358336926096664E-002  -1.8551080494142963E-003  0.99057546901522908        130681.44545928008        34.314639623851313        8.2074507827565260       0.53150834395825219                0           0   35998.341165507023        2.0941269287605858E-004  0.50000000000000000              888  0.21759780901635606                0
         191         192  0.17819880543248182        5.0730547014061628E-002  -8.9966543292994278E-004  0.98450778698896024        174927.64032278312        37.446621017460309        17.563664384350375       0.62652783632371334                0           0   26892.921261409472        2.2782970840593575E-004  0.25000000000000000              894  0.46984078183797423                0
          71          72  0.16939743337267674        2.6319217633798585E-002  -4.7647967898261517E-004  0.96976219828091648        170003.73667627125        34.870225322542275        11.043000126495132       0.27340455729690993                0           0   27671.834452691655        1.5082883319385277E-004  0.25000000000000000              774 -0.11803992628903916                0
          53          54  0.10539273585624893        8.3691576402142989E-002  -9.4861616487088496E-004  0.98840746126056767        171334.30925667207        34.651436372167325        13.700648827435147       0.25634559410293822                0           0   27456.936547351612        2.1096666920612941E-004  0.25000000000000000              756 -0.17023442717714465                0
         245         246  0.10614450888457336        7.9534736728126665E-002  -8.8338078697462622E-004  0.97533507163214717        180155.36208468804        35.614411017835778        9.0401752476492714       0.16596827511453519                0           0   26112.546433302068        2.1568078356416255E-004  0.50000000000000000              948  0.11108395613933546                0
         331         332  0.12214104311112879        9.8521910482032543E-002  -1.1537755047203683E-003  0.97154055198387024        188414.45473505274        38.868024797675822        16.522953720544201       0.29113317956849599                0           0   24967.910579153504        2.3493249830021899E-004  0.50000000000000000             1034   6.9101127614991806E-002           0
         203         204  0.10958957416913398        5.6611292613942377E-002  -6.2817234305771752E-004  0.98494187057407623        200051.97130642890        36.805509599966030        14.699749607870595       0.13473609300333955                0           0   23515.465640870621        1.6988547057778460E-004  0.50000000000000000              906 -0.16857873131055040                0
          21          22  0.17137201111473407        1.8580527211685235E-002  -2.8964617018065918E-004  0.97725619083110171        219756.57682243298        40.968444197440832        3.4237616630777934       0.24184189367682368                0           0   21406.937283364805        1.8343950172520064E-004  0.50000000000000000              724   6.7102994103481167E-002           0
         369         370  0.35577330781196675       0.28758888866695975       -6.5923629871082615E-003  0.96841922705639494        200307.85819162280        57.839387851881206        13.893853937469402       0.41276487351670349                0           0   23485.425385280789        3.4904883910831302E-004  0.50000000000000000             1072   1.5689216965307589                0
          77          78   9.3430964505624117E-002   2.0354482771848002E-002  -1.6334883162896549E-004  0.97425183352183942        309441.22681298596        43.386459025179242        10.332011945185727       0.55706324163334164                0           0   15202.613129787858        1.8457846561722538E-004  0.50000000000000000              780  0.84597881958161458                0
         315         316  0.30834333591613694       0.21242803698149326       -3.5544000840579989E-003  0.96932722246065328        288048.63087816222        68.675120176768687        7.3265728785855257       0.39282338528347266                0           0   16331.670257563481        4.1463143421502049E-004   1.5625000000000000E-002        1018  0.20069879205407809                0
          89          90  0.20842321107894346       0.10223825271363279       -1.3435582502014560E-003  0.98702482580270168        297769.38109927031        59.104743533761280        6.1114624206132255       0.75774054115948775                0           0   15798.519109916271        3.6005640583131949E-004  0.50000000000000000              792  0.39989734948604905                0
         155         156  0.50373356431637750       0.18870347651975347       -4.6345267489272665E-003  0.98128177235206437        293320.33962033020        76.435433608783669        11.154671751779933       0.72481632903937943                0           0   16038.148816184937        4.6428632181207922E-004  0.50000000000000000              858  0.45949862365061989                0
         187         188  0.16652052450678573        4.4390738220572948E-002  -5.1200105471243477E-004  0.98740860044556455        313872.49940009229        53.803263366689940        5.5381160372209850       0.66758318701819763                0           0   14987.981637882163        1.5401396217716847E-004  0.50000000000000000              890  0.29236244661261407                0
         255         256   8.3811449474318997E-002   3.0344259974373743E-002  -1.9498774621546684E-004  0.99476358635673934        366335.73421504453        48.606227887337262        9.0119194289072553       0.45605910413815809                0           0   12841.540746017587        1.7373772739312873E-004  0.50000000000000000              958  0.23997746405395579                0
          93          94   8.5361728603296438E-002   7.1347741082274679E-002  -4.1080252103106030E-004  0.97812880800934654        378910.90214675880        55.249666982163497        9.5601373392260349       0.45372909170547676                0           0   12415.359998859836        1.7179347800011020E-004  0.50000000000000000              796  0.35088238844553937                0
          95         546  0.62290701776509083       0.52092362269304604       -3.7742866950311303E-003  0.93637940122315833        1958537.7656966257        320.39204599151492        7.6434153119231532       0.51852735424536300                0           0   2401.9527935788874        1.3995450143830801E-003   1.8416420308436331E-003         798  0.32307740300723559                0
          67          68  0.52597586808430075       0.46375414949012228       -9.5351984985231255E-003  0.98266064699714351        341740.68956755206        95.332992401100725        15.767861140404905       0.44166517761283119                0           0   13765.745201713413        5.7947742737167690E-004  0.50000000000000000              770   7.0894800888229581E-002           0
         213         214   8.6717284611907239E-002   1.7710005955573944E-002  -1.1427078035879827E-004  0.98213695314694749        400632.33674856107        50.085097135765906        3.7963158536290345       0.34858322904909012                0           0   11742.225542311169        1.5552041722878169E-004  0.50000000000000000              916  0.15196977461102459                0
         313         314  0.11479116130453372        5.7685466757393881E-002  -3.9453446450446250E-004  0.99253727403468150        435049.79924732697        62.547398305763593        2.7542904772544565       0.42831349351906173                0           0   10813.279918261374        1.7042172232509015E-004  0.50000000000000000             1016   7.7388909128698613E-002           0
         365         366  0.29906545429998188       0.27572229150032296       -3.4223050706489746E-003  0.97703614846779008        409915.73603235272        89.792227251814452        13.283287254474537       0.29403231593360207                0           0   11476.298283102440        5.4424978456707430E-004  0.50000000000000000             1068 -0.23634129488335198                0
         201         202  0.41909726131645580       0.36316033186407948       -5.4401348907038797E-003  0.97784193266974673        439642.50440806977        104.26124217537117        15.552161026716252       0.38933754814799382                0           0   10700.319487940789        6.3220712582260643E-004  0.50000000000000000              904   7.1862983019634188E-002           0
         171         172  0.11855449161888632       0.10910379859810015       -6.3808363105355751E-004  0.99690688946593098        502629.43037454027        75.543937317710842        4.2178425751422290       0.23573998804978319                0           0   9359.4106778413025        1.6222029374787257E-004  0.25000000000000000              874  -7.3536359258354569E-002           0
         347         348  0.19457293008789711        9.8264029982305379E-002  -8.4213227326918961E-004  0.97623178622328566        525292.62380639045        84.608893442837001        5.6701972084776147       0.39128857416215301                0           0   8955.6088253366652        5.1262384884362530E-004  0.25000000000000000             1050  0.15709370628111885                0
         343         344   9.9716206803828866E-002   3.9838043689421537E-002  -1.9541286924161294E-004  0.98547806040898511        644708.77578794607        75.758248904357316        14.091120021189811       0.57429709870912549                0           0   7296.8066114739531        4.6110969753691106E-004  0.50000000000000000             1046   1.7352647117094977                0
          99         100  0.11123848720615616        3.9011678252708890E-002  -1.9764343022701515E-004  0.98119635498491209        697449.45099556562        81.825121918085514        9.3482269623523937       0.54686035843202618                0           0   6745.0268272914218        1.9609050585244134E-004  0.25000000000000000              802  0.13478951288115307                0
         391         392  0.13558686976987694        5.7578981684498085E-002  -2.5446740011902898E-004  0.98428057182237338        1015963.8259505472        114.33226250480101        12.396572387840243       0.31595479453595304                0           0   4630.3964151906221        1.9855493643177781E-004  0.50000000000000000             1094  0.10361794043051620                0
         385         386  0.12648191059682606        5.9749107023494945E-002  -2.5030111744847215E-004  0.99192399726360403        1010156.8010307509        112.51654391747591        17.331639930399501       0.27543033575877601                0           0   4657.0148840700185        1.9971473045980897E-004  0.50000000000000000             1088   7.5009677640026570E-003           0
          41          42  0.11122608390456809        8.6847116325004775E-002  -3.0034655602715249E-004  0.97689552612968544        1076875.4069236529        119.85571002551679        1.3849947963567137       0.83445138400696750                0           0   4368.4861102769009        1.9934720720389158E-004  0.12500000000000000              744  0.51997352805390995                0
         345         346  0.55774375829353751       0.47607345656862060       -4.7923803546830179E-003  0.97923176074338625        1065819.0059203701        206.47940675782556        2.5752301356159482       0.25031585558540648                0           0   4413.8031237137029        1.2529054742208931E-003  0.50000000000000000             1048  -4.2391740708161374E-002           0
          73          74  0.94128231410560004       0.69908498357263338       -1.0547991353088345E-002  0.98595090542721642        1010924.7705775029        232.48741209934116        16.611926143472864       0.52546772783505258                0           0   4653.4770880699325        1.4155097427745917E-003  0.50000000000000000              776  0.38523772720427796                0
         285         286   8.9462339041284894E-002   4.2834040765278178E-002  -1.2838168338598593E-004  0.97556116315563901        1178106.6063545495        111.23605151706303        9.5233201555821658       0.66616270297149327                0           0   3993.1150816660524        1.4410236536712358E-004  0.50000000000000000              988  0.22794260264871091                0
         293         294  0.55382231722128972       0.12326253909399966       -1.3046202120956597E-003  0.97555013427591697        1208714.8768618368        195.00098063437505        9.5120534457726222       0.53116750001102364                0           0   3891.9974823661364        1.1809822740092247E-003  0.50000000000000000              996  0.92249550118777823                0
         123         124  0.67985937278035102       0.12376754478802159       -1.4259437356367586E-003  0.97763450747397851        1328700.8239903566        219.90890269502705        7.1158901590839037       0.57359153317549416                0           0   3540.5376234484115        1.3330674591925293E-003  0.25000000000000000              826  0.32059711671907332                0
           7           8  0.10772050310063933        1.1526931384030817E-002  -3.7943697728780554E-005  0.99082248886431246        1424470.1409572540        121.95279694780302        12.072240618537331       0.46286665674580735                0           0   3302.5018372680170        1.6260639909577266E-004   6.2500000000000000E-002         710  -9.6580899388861025E-003           0
         355         356  0.32294731613854971       0.22153041596011064       -1.4146791448691402E-003  0.98835597978780254        1280677.5733209376        188.46314208734015        6.1149588718872510       0.43613570492911463                0           0   3673.3018174480535        1.1488556879049804E-003  0.50000000000000000             1058   6.7226469630425126E-002           0
          85          86   8.0567479673496034E-002   7.0359839832317903E-002  -1.6540594186675728E-004  0.98642166572395873        1357017.8794508749        127.71821781941760        8.6579309413255565       0.31137184549644581                0           0   3466.6567986181526        1.9401392259058692E-004   6.2500000000000000E-002         788  -5.6307350062473893E-002           0
         387         388  0.11696728908539532        8.3148869844046139E-002  -2.2937298935864656E-004  0.96256554182611642        1621794.7877451205        158.01482575700351        3.3422023200173543       0.60596259748196957                0           0   2900.6846570184484        7.5042339532704904E-004   1.7376694623352057E-005        1090  0.21893188018998702                0
         103         104   9.4240900685283069E-002   8.1646476448274677E-002  -1.9581474411928143E-004  0.97430932578693863        1543295.6101144454        146.43699954217337        3.3891315486903553       0.15944524324626805                0           0   3048.2269416265021        8.8618227905427590E-004  0.25000000000000000              806  -5.2949693142964660E-002           0
          65          66   8.1196656538748205E-002   3.2700733033609646E-002  -6.2627861262289943E-005  0.98184767372588766        2149336.5504112290        157.99647215383459        12.945058301994045       0.55590602255506194                0           0   2188.7290088398181        1.9363885980735446E-004  0.50000000000000000              768  0.17605105392885234                0
          15          16  0.12041882448822794        4.7134796559794988E-002  -1.1370748620294229E-004  0.97825164521118502        2263928.7909641471        186.02285177799217        12.491906603712943       0.59144061516716218                0           0   2077.9431210119114        1.1281688166013199E-003  0.50000000000000000              718  0.17987360602001448                0
         243         244  0.10897784068549871        6.2870305948584129E-002  -1.2688985103554134E-004  0.99345305026723485        2514966.0648626112        201.22235189126619        9.5252219606448509       0.37286838301111236                0           0   1870.5283237695505        1.2297376519750148E-003  0.50000000000000000              946   7.3357666545759481E-002           0
         403         404  0.17519688796893346        3.8994197612049461E-002  -1.0593117748507229E-004  0.98389303307654596        2940508.2128425571        240.33770628286521        17.236909783789013       0.42216120352730335                0           0   1599.8306813423769        1.1311141704250323E-003   6.7174445242932604E-004        1106  0.14843337370434623                0
         127         128  0.41687934908818136       0.27898104023835063       -1.0601324713850049E-003  0.99434194081511351        3619474.9262651657        408.83142482301037        12.903166522212661       0.28884476248290591                0           0   1299.7231237899509        2.4997052625840904E-003  0.25000000000000000              830  -2.2950574275634045E-003           0
         217         218   8.1228311512873880E-002   6.5270211912634449E-002  -8.4864059256294254E-005  0.97696892315676265        3390006.8490829859        232.81876606981328        16.332465251871980       0.74336132508698727                0           0   1387.7008121435813        1.4110585494170628E-003  0.50000000000000000              920  0.32167545100828970                0
         143         144  0.25022565110097550       0.15769561095085233       -3.9893226177458845E-004  0.97378367469115990        4047244.7606835263        368.61381757316616        8.9506527971455103       0.64396864438883017                0           0   1162.3500766111972        2.2305190603367172E-003  0.50000000000000000              846  0.21886235835001874                0
          61          62  0.16574606629006447        5.1105325148539382E-002  -1.0680914848388477E-004  0.98146224652464376        3985102.7316611102        295.54272204541036        6.2490764430875680       0.44081338729124198                0           0   1180.4752786595950        1.7952874583487142E-003  0.50000000000000000              764  0.27997408003931085                0
          29          30   9.2064989403419284E-002   3.8673592252436655E-002  -4.8326417632826574E-005  0.98790084533106615        4595724.3541263249        274.56410217347485        6.4235380879030979       0.82825038582352772                0           0   1023.6286807368981        1.6733196375634911E-003  0.25000000000000000              732  0.51034828433645651                0
         405         406   8.7236661288412828E-002   5.5735761705262711E-002  -1.4072219982536795E-005  0.99445045527554632        44632234.652881853        1287.6258805654079        9.9877038137992056       0.66948216764507973                0           0   105.40174145954420        7.8733128566099032E-003  0.50000000000000000             1108   1.2954487492118707                0
          45          46   8.6894120985331738E-002   8.6164685909330241E-002  -8.2040856412477007E-005  0.98387083180607882        5506893.1944410549        340.10174038637848        7.4469772993564680       0.64116530456870391                0           0   854.25939664011355        2.0685513436049150E-003  0.25000000000000000              748  0.47194496911668055                0
         161         162   9.3309048906446132E-002   9.2827486138433946E-002  -9.1369771776061732E-005  0.98830602193759309        5621473.0660756994        353.27845151436236        7.0354635183218450       0.48491846221264323                0           0   836.84742457172422        1.6183516992842083E-003   5.2946095948183586E-005         864  0.13846886019910137                0
         289         290  0.10428359770713377        2.3242149003040714E-002  -2.7029387799784731E-005  0.98098886256770257        6248192.5859006345        334.17612089682308        17.385339417284410       0.16344827484153024                0           0   752.90817191843462        7.4726109080196430E-004   3.4821554729895748E-004         992  -4.6148974615645183E-002           0
         115         116   9.5073144526220191E-002   4.6025486525321645E-002  -4.6726263478262970E-005  0.98361077625756288        6339435.9430684811        348.99124241529205        12.888894455917445       0.47845457440639955                0           0   742.07158174513086        2.1223306805025111E-003  0.25000000000000000              818  0.16990773715024887                0
         223         224  0.13901763968801717        6.0776114313866474E-002  -7.7058361432160371E-005  0.98945886404993477        6749209.0699890722        408.60380536579828        4.2677922357093490       0.33484998626528567                0           0   697.01726659541464        2.0990769562654233E-003   4.6940680511311670E-004         926  0.10331624829834936                0
         199         200  0.11230093762090229        4.7925291740752780E-002  -4.9845320530023470E-005  0.98557578802919299        7365259.5215128316        402.38621163417127        9.1334803967321445       0.37267868410180111                0           0   638.71683596540686        2.4494184751019071E-003  0.50000000000000000              902  0.76393972656839704                0
         373         374  0.15845034820673778       0.15233439132851201       -1.7085700139991315E-004  0.97950013791453916        7914563.2685123580        526.47495426759269        3.8600546714729993       0.40492753472220394                0           0   594.38721986854478        2.1268726346036471E-003   4.7066151505305758E-005        1076  0.10436967194526289                0
          69          70  0.10464422723177559       0.10349050793134676       -8.6377732787562200E-005  0.98042651398566583        8085705.8082159301        467.23280664956275        12.180049739938791       0.16799055196333432                0           0   581.80638391081243        2.8368343572848856E-003  0.50000000000000000              772 -0.16218145411280205                0
          51          52  0.11606384615255892        9.5064690585184505E-002  -1.2276543213329298E-004  0.98205345115529663        4872545.5793825211        334.93415447263214        5.2505323744880874       0.45411667936153011                0           0   965.47383313362923        1.9892380511386115E-004  0.25000000000000000              754   6.4272725566357228E-002           0
         265         266   8.4095384718170976E-002   3.6296916915751078E-002  -2.5177839609958818E-005  0.98207369105385622        10108926.169313952        451.79640667791466        3.1148330992350393       0.50855315681356050                0           0   465.36251020656368        5.5609467977042596E-004   3.1293173084654736E-004         968  0.21593858339908553                0
         367         368  0.20322917187314732       0.17631903439505672       -1.9839399065674993E-004  0.98268866062199245        10353110.672291819        673.09454215708161        13.259275505468723       0.52368615933165763                0           0   454.38664827905205        2.3825466035518575E-003   3.6508361910384402E-004        1070   1.5323943962036535                0
         305         306   8.5255713978393793E-002   1.6586699482616780E-002  -1.1931200371230782E-005  0.97557216214542408        10624387.113807641        441.69112072417624        12.018604508901003       0.25898759349256423                0           0   442.78462439785847        2.6751951435917505E-003  0.50000000000000000             1008   7.8189555655150011E-002           0
         325         326  0.14296285691723640        1.8018411898666035E-002  -1.7591034512000332E-005  0.98525910189351285        11605238.715074902        545.71725305743564        8.1795930902565992       0.37800966883129417                0           0   405.36135215676182        1.9976652747874619E-004  0.25000000000000000             1028   2.6654132201703283E-002           0
         119         120  0.12744757891135747        8.2887871857059842E-002  -6.3848789170769046E-005  0.98269985033698937        12193204.574003790        616.57973866081329        10.169775022948093       0.25500274376196913                0           0   385.81451078697370        3.7479255214838184E-003  0.25000000000000000              822   6.7928604336499582E-002           0
         133         134  0.13034205300579016        4.8697333779162973E-002  -3.8327091227466249E-005  0.98105248917736121        13234902.884448104        617.16773969579674        5.5544497195492424       0.47984251582134924                0           0   355.44765977638184        6.3514640600186283E-004   2.6790022098977949E-004         836  0.20981258072263112                0
          17          18   8.8310858010865509E-002   3.6165089814597706E-002  -2.2321003472730643E-005  0.98140412768925933        12747100.610456508        533.22349031307033        9.1873461856404575       0.36246004915150454                0           0   369.04982563531280        3.2391129273980847E-003  0.50000000000000000              720  -4.3225645387002548E-002           0
         275         276  0.13196141201412448        6.9014568623332620E-002  -4.7733844666700406E-005  0.97885883303943255        15446821.385961113        711.01809308488919        9.8793796982868667       0.42094679973906807                0           0   304.54908101159850        3.4836511274277280E-003   5.9597117041818883E-004         978  0.37074445403116318                0
         221         222  0.10685030920939192        6.9974509155263417E-002  -3.1626761907023548E-005  0.98447068037308827        22713757.809577625        881.00880922410136        12.780626205858361       0.19770763630261645                0           0   207.11303242218739        2.0024343514371506E-003   3.0277224140992880E-005         924 -0.20194265957042210                0
         157         158  0.17882018552997023        8.7937108552675433E-002  -4.2075465149091905E-005  0.98507266534291238        36757906.797346584        1392.7691318672578        5.9641279658957282       0.37172549105365510                0           0   127.98104319651711        5.7521384990113231E-003   3.3277343674609737E-004         860   7.6186234523357033E-003           0
         145         146  0.11284151051838727        7.1741434973604884E-002  -2.4259743650860495E-005  0.99378978030658971        37282287.997361906        1243.5752754697050        10.869077148162159       0.41441551702243190                0           0   126.18096984760270        7.4907496823796308E-003   2.2982837097846990E-004         848  0.14845804728308148                0
         399         400  0.17014458503807270        6.6018282057290864E-002  -2.6984187202119689E-005  0.99072796301374377        45922226.562424861        1551.2876882482833        11.509602654208168       0.22587847175225992                0           0   102.44092261619551        6.5750555428494770E-003   9.5846818948826495E-005        1102 -0.12833017366466837                0
         267         268  0.11152016154947933        1.9237634443879208E-002  -2.0555949269737007E-005  0.97570817503026630        7747948.2940966608        388.94380332698495        2.5232189634324920       0.54445747697689839                0           0   607.16916002512414        1.6781744579490170E-003   5.0490056354687471E-004         970  0.15231659249293286                0
