 122 201   1   452 104   0      0.2   0.46   4.88  5.756     0.0  -0.2385   0.0000
  -1.208671   0.000000   0.287028   0.062472  -0.571267   0.053723   0.000000   0.000000   0.000000   0.000000
   0.00000   0.00000   0.15018   0.03390   0.00000  -1.20867   0.00000   0.00000  -0.92164   0.77512   0.20854   0.00000   0.00000
 NAME(I1)    NAME(I2)    M1[M*]                    M2[M*]                    EB[NB]                    ECC                       P[Days]                   SEMI[AU]                  RI[PC]                    VI[km/s]                  K*(I1)      K*(I2)      ZN[NB]                    RP[NB]                    STEP(I1)[NB]              NAME(ICM)                 ECM[NB]                   K*(ICM)      
           3           4   8.7970317491499028E-002   4.9196061553816367E-002  -9.2897646351125171E-004  0.98018963898304645        71340.815372945974        17.361255191394889        7.6362762244695306       0.17500985994765320                0           0   65941.428242054317        1.0539810829294615E-004  0.12500000000000000              706  0.11305132488660279                0
          57          58   8.8793517676333700E-002   7.4789808565780366E-002  -1.3944536633748324E-003  0.99288618157622466        67519.482439442989        17.747571380570307        14.069350003841469       0.56507995927209043                0           0   69673.449613065080        1.0843421479498632E-004  0.50000000000000000              760   1.1547470298767788                0
          59          60  0.52934127945164156       0.11516011942956719       -3.1001072744619322E-002  0.99635260950274573        9025.0375450904266        7.3279160146024838        17.723343612768304       0.79364542906454350                0           0   521251.59969045070        4.4850020571511419E-005  0.25000000000000000              762   1.4517317840831447                0
          63          64  0.11284127030153632        5.3401276685359052E-002  -1.4468849236327175E-003  0.97984293960292113        54774.265105649982        15.520472950299069        11.986958101404744       0.39670469247023415                0           0   85885.502043175962        9.4206442072616631E-005  0.25000000000000000              766  0.23324405108261539                0
          83          84  0.10272953417562042        4.1373672231505683E-002  -1.2819188696754095E-003  0.97370419826673227        41789.837138321200        12.356008093958177        14.002095193325648       0.34845544555900387                0           0   112570.79662870750        7.4766174595093939E-005  0.50000000000000000              786  0.23225604891293666                0
          87          88  0.10306885414503236        3.0345968261083246E-002  -4.1821248241819420E-003  0.98428134930470224        4652.7998571211401        2.7870887101701558        15.215764754992577       0.29689628255173167                0           0   1011071.9141389197        1.6955045282497800E-005  0.25000000000000000              790   8.8497033268402261E-002           0
         105         106  0.12790761581087476        8.1406408734692293E-002  -3.3640542461646258E-002  0.96974758674909145        989.02684361157492        1.1534833915785283        18.381943600531979       0.33964673714274290                0           0   4756509.1767037120        6.9657331703446991E-006  0.25000000000000000              808  0.11608136856125228                0
         131         132   8.4797441590329786E-002   6.4637458177469395E-002  -7.7121942017657882E-004  0.98912831439601701        128788.41655396212        26.485513546867381        7.7958681651682049       0.46350697896915366                0           0   36527.471829531067        1.6151620773559698E-004  0.12500000000000000              834  0.12374617197609716                0
         137         138  0.13717930409073115       0.13193897190263901       -4.0334545728335997E-003  0.97817964388784162        48147.574536657077        16.722602131164937        11.813097063421932       0.15638734223366829                0           0   97706.173216745112        1.0141787278782275E-004  0.25000000000000000              840  0.66836656617898005                0
         167         168  0.11739175763496201        6.6852661947444644E-002  -1.3371095085191684E-003  0.97921691183512483        87047.450602289726        21.873015901955345        12.747732243897289       0.67097385025640921                0           0   54043.113555826756        1.3272323952673876E-004  0.25000000000000000              870  0.41894408787321918                0
         177         178  0.17518944591650459       0.15841447355487015       -4.8844045916293037E-002  0.97081544669269548        1948.4551180766894        2.1174370246531056        3.7463274709182004       0.80595897952660367                0           0   2414382.1502485364        1.2793853451865820E-005  0.25000000000000000              880  0.51042710634817023                0
         181         182  0.16494482085752635        4.8117280213717237E-002  -2.2342341753636167E-003  0.98308070947828008        38113.841390388654        13.238244572811659        5.1856141695017266       0.30645524058529627                0           0   123428.00111539195        8.0485139620415977E-005  0.25000000000000000              884   5.3671902837001018E-002           0
         193         194  0.13607741833753259        1.4509867592654014E-002  -3.3139095177587647E-004  0.98026160729439438        98477.807758994706        22.203845682541278        15.657785538497873       0.69237283798479055                0           0   47770.308506030713        1.3480179630591914E-004  0.25000000000000000              896   1.1999131790172135                0
         195         196  0.23980714281985319       0.16746154432118399       -1.7866781603804005E-002  0.96643523058497638        13874.745800257982        8.3762612435180923        11.098780363140312       0.97815267810458584                0           0   339055.96004197007        5.0498069052990366E-005  0.25000000000000000              898  0.74696256257527860                0
         207         208   9.9440827635248155E-002   5.0100703362626467E-002  -8.7683211256005204E-003  0.98112175417415370        2910.2243960466299        2.1174416066239212        3.8925468844288322       0.74898897299608214                0           0   1616478.5313583727        1.2860786271453537E-005  0.25000000000000000              910  0.45585283084219574                0
         225         226  0.11258739991983015        4.7810171057872303E-002  -9.4939383745014589E-004  0.98185672257896206        88575.957032427817        21.129198100363176        15.905212461132646       0.59735051688060170                0           0   53110.521356517827        1.2838083044770557E-004  0.25000000000000000              928   1.1145267658316582                0
         235         236   9.9158490776633662E-002   3.5661683213779022E-002  -5.1301121046354124E-003  0.96614283730650707        4095.4263718306088        2.5687641194955386        7.0625302573846209       0.29016044349247583                0           0   1148675.3345151674        1.5484037106406675E-005  0.25000000000000000              938  0.12782403851023133                0
         239         240   8.3253089810449737E-002   5.9845060969569666E-002  -7.4110620056441019E-004  0.97866503909393976        121080.59857328323        25.053451414275163        15.873273597653551       0.46468118518899398                0           0   38852.758518512826        1.5197941044801133E-004  0.25000000000000000              942  0.14855296842020199                0
         247         248  0.12867704596478571        5.6124925773135610E-002  -4.8755267774440045E-002  0.97148621675522984        348.47281385192167       0.55201979559906922        18.748234689333948       0.62630329683505048                0           0   13499805.639483234        3.3365167437779866E-006  0.25000000000000000              950  0.54679177386810673                0
         249         250   8.3325272192247987E-002   6.4931060179189190E-002  -5.9417119074347373E-003  0.97581540753508467        5929.7866670524481        3.3934150410168407        16.209975457243306       0.53800491789260885                0           0   793336.34104971308        2.0555510157367267E-005  0.50000000000000000              952   1.3353639953876142                0
         271         272  0.13618545113931463       0.10282415591629936       -1.7643068358636144E-003  0.98806680624688603        120181.93023047518        29.578155387187675        6.6951748065747312       0.50737494811111783                0           0   39143.282593508091        1.8027976026539725E-004  0.25000000000000000              974   8.5743156324857239E-002           0
         287         288   8.8414603939471620E-002   4.2704642040310346E-002  -5.8515194294090581E-004  0.98093659039144399        118941.02246670357        24.046383900145148        3.0821446138659794       0.61704727996840614                0           0   39551.663169548527        1.4603779329379048E-004  0.25000000000000000              990  0.21477307447961910                0
         291         292  0.10251315781699964        2.9651563345757474E-002  -1.1831110334550475E-003  0.98075559013170377        29765.556837160901        9.5746088155111213        9.0502397875255092       0.59152246282884136                0           0   158045.59892431262        5.8142920318824777E-005   6.2500000000000000E-002         994  0.24131525430049924                0
         303         304  0.77980953382043972       0.33783563817501155       -5.2382472905160467E-002  0.97671789874474535        28033.625192942258        18.742492285908785        5.9488362940358623       0.63500756104373224                0           0   167809.73653129677        1.1358394461059082E-004  0.25000000000000000             1006  0.23074133080099393                0
         311         312  0.16827131513595273       0.11782564957455051       -9.1314488263872420E-003  0.97485864189666582        15717.300866973132        8.0915100549741776        14.426079493566247       0.18195931121606368                0           0   299308.08714936365        4.8990345746074786E-005  0.25000000000000000             1014 -0.14202640632221164                0
         321         322  0.12252965187021556        4.0765808550071510E-002  -1.0952504619379879E-003  0.97557453106160041        63331.226025514967        16.995860241612995        16.514391986941000       0.46948001288173175                0           0   74281.133539866772        1.0293936416602254E-004  0.50000000000000000             1024  0.78539060376316994                0
         323         324  0.13577855073708561        2.1714876777924844E-002  -1.0672784058174505E-003  0.97737634574565457        30402.145619620234        10.295090097572151        11.912157867228499       0.59232307276654517                0           0   154736.29119810546        6.2411468000077191E-005  0.25000000000000000             1026  0.38851875521009993                0
         337         338  0.14234346256931027        4.8688670540606271E-002  -2.7220309402593351E-003  0.98436219341894415        24424.438780536861        9.4883723855236379        16.208858193137303       0.49364563913103637                0           0   192606.89262565569        5.7724153992768256E-005  0.50000000000000000             1040   1.5594662140824476                0
         357         358   7.9717634398698847E-002   3.5168480550120958E-002  -1.1543449013877967E-003  0.99034897964864510        29342.295402160125        9.0508997532508531        13.618633130902477       0.51050407321203517                0           0   160325.40035359471        5.5228836842580753E-005  0.25000000000000000             1060  0.89776022514007070                0
         363         364   8.0030474895858961E-002   2.5241398542184282E-002  -3.2505135387658957E-004  0.96900162088983910        125469.53716214608        23.159872534501439        9.8428127861445276       0.68320101717213355                0           0   37493.684634903126        1.3980643129274424E-004  0.25000000000000000             1066  0.47813997593852886                0
         371         372   9.0756420354949963E-002   8.9399293653254358E-002  -1.4941626717007766E-003  0.97790038526241019        78336.750524128642        20.236383406048532        7.9409216201828947       0.38804305539936823                0           0   60052.468683849453        1.2271064128272370E-004  0.25000000000000000             1074  0.20480217188432884                0
         383         384   9.3433970454860987E-002   6.5975786712685114E-002  -2.9999592269293533E-003  0.97176827062077331        19385.313257799193        7.6576121486429507        12.254481441545229       0.53862787870601192                0           0   242674.19334851863        4.6290742961604388E-005  0.25000000000000000             1086  0.51758369143761851                0
         395         396  0.10118924464727580        7.2387835402996439E-002  -4.0679476328368365E-003  0.98184110250843104        15239.121285685993        6.7103307468978812        7.2118202035951162       0.47322449367304198                0           0   308699.90266850201        4.0771591993552411E-005  0.25000000000000000             1098   5.8173611739768941E-002           0
         401         402  0.11008182267075275        8.1520559788653676E-002  -2.1754919003101718E-003  0.98946501741247106        50292.904508829961        15.372504553420699        9.3670877540062030       0.48208464021247044                0           0   93538.349069078395        9.3761781152373525E-005  0.25000000000000000             1104  0.16282510644654094                0
         219         220   5.9461379470541447        2.5291364086335988      -0.75299076982192070       0.98221912150944157        80559.862777643633        74.428097414589246        9.4104034966833119       0.26448015735522007                0           0   58395.273967004177        4.5230718866207646E-004  0.12500000000000000              922  0.17547384183477727                0
         159         160  0.52009082554844766       0.13749382338007102       -6.8562166579241961E-003  0.98252657550525302        109146.58921206869        38.868446659729038        4.8330641682443733       0.56650502369136613                0           0   43100.891119047374        2.3624417772278330E-004  0.12500000000000000              862  0.23414536057295041                0
           1           2   2.0244841138268650       0.61000484406818434       -7.0741485713423660E-002  0.98738152934187551        118081.33591071346        65.056817812538299        14.109370629933936       0.45659973392362813                0           0   39839.617509086311        3.9638661146352313E-004  0.12500000000000000              704  0.10276474609850073                0
         283         284  0.18094602805437388        8.1870494517192083E-002  -1.6064068193646895E-003  0.97697797871714775        143540.44546752289        34.366892541613126        5.2187829770208580       0.30784894019358683                0           0   32773.447527785116        2.0829891525217590E-004  0.25000000000000000              986  -4.3860200753023805E-002           0
         185         186  0.24628085064239766        6.9358336926096664E-002  -1.8551080494142963E-003  0.99057546901522908        130681.44545928008        34.314639623851313        9.9463618721022478       0.57371438052796819                0           0   35998.341165507023        2.0941269287605858E-004  0.25000000000000000              888  0.25170298201884006                0
         191         192  0.17819880543248182        5.0730547014061628E-002  -8.9966543292994278E-004  0.98450778698896024        174927.64032278312        37.446621017460309        15.658113336520051       0.61934097413536138                0           0   26892.921261409472        2.2782970840593575E-004  0.25000000000000000              894  0.50379097368210046                0
          71          72  0.16939743337267674        2.6319217633798585E-002  -4.7647967898261517E-004  0.96976219828091648        170003.73667627125        34.870225322542275        10.017711476835299       0.26295499946668088                0           0   27671.834452691655        1.5082883319385277E-004  0.25000000000000000              774 -0.14201456173242227                0
          53          54  0.10539273585624893        8.3691576402142989E-002  -9.4861616487088496E-004  0.98840746126056767        171334.30925667207        34.651436372167325        12.218289754378867       0.31719164748920509                0           0   27456.936547351612        2.1096666920612941E-004  0.25000000000000000              756 -0.16759994933106107                0
         245         246  0.10614450888457336        7.9534736728126665E-002  -8.8338078697462622E-004  0.97533507163214717        180155.36208468804        35.614411017835778        12.248988610208617       0.24772568526047264                0           0   26112.546433302068        2.1568078356416255E-004  0.25000000000000000              948  0.14732361747896325                0
         331         332  0.12214104311112879        9.8521910482032543E-002  -1.1537755047203683E-003  0.97154055198387024        188414.45473505274        38.868024797675822        13.731416453787759       0.30072139375103513                0           0   24967.910579153504        2.3493249830021899E-004  0.25000000000000000             1034   2.8656118220452470E-002           0
         203         204  0.10958957416913398        5.6611292613942377E-002  -6.2817234305771752E-004  0.98494187057407623        200051.97130642890        36.805509599966030        13.041357093589101       0.17719066752593521                0           0   23515.465640870621        1.6988547057778460E-004  0.25000000000000000              906 -0.19204886873870056                0
          21          22  0.17137201111473407        1.8580527211685235E-002  -2.8964617018065918E-004  0.97725619083110171        219756.57682243298        40.968444197440832        7.7799945064150879       0.25818101396117898                0           0   21406.937283364805        1.8343950172520064E-004  0.12500000000000000              724   9.9215644088355745E-002           0
         369         370  0.35577330781196675       0.28758888866695975       -6.5923629871082615E-003  0.96841922705639494        200307.85819162280        57.839387851881206        17.310794600325764       0.50642422175084900                0           0   23485.425385280789        3.4904883910831302E-004  0.12500000000000000             1072   1.6919773442772168                0
          77          78   9.3430964505624117E-002   2.0354482771848002E-002  -1.6334883162896549E-004  0.97425183352183942        309441.22681298596        43.386459025179242        13.667833780531389       0.51426525347783014                0           0   15202.613129787858        1.8457846561722538E-004  0.25000000000000000              780  0.92603366305377399                0
         315         316  0.30834333591613694       0.21242803698149326       -3.5544000840579989E-003  0.96932722246065328        288048.63087816222        68.675120176768687        9.9699347355078825       0.38312767221760685                0           0   16331.670257563481        4.1463143421502049E-004  0.25000000000000000             1018  0.23493444623329920                0
          89          90  0.20842321107894346       0.10223825271363279       -1.3435582502014560E-003  0.98702482580270168        297769.38109927031        59.104743533761280        7.1116917005997573       0.77850216794749827                0           0   15798.519109916271        3.6005640583131949E-004  0.25000000000000000              792  0.43080226571799762                0
         155         156  0.50373356431637750       0.18870347651975347       -4.6345267489272665E-003  0.98128177235206437        293320.33962033020        76.435433608783669        11.682135539792135       0.66243635567874681                0           0   16038.148816184937        4.6428632181207922E-004  0.25000000000000000              858  0.41810871844579234                0
         187         188  0.16652052450678573        4.4390738220572948E-002  -5.1200105471243477E-004  0.98740860044556455        313872.49940009229        53.803263366689940        6.8056024962251671       0.68096772158148455                0           0   14987.981637882163        1.5401396217716847E-004  0.25000000000000000              890  0.30595389807960954                0
         255         256   8.3811449474318997E-002   3.0344259974373743E-002  -1.9498774621546684E-004  0.99476358635673934        366335.73421504453        48.606227887337262        11.134849420571689       0.47738310943532974                0           0   12841.540746017587        1.7373772739312873E-004  0.25000000000000000              958  0.28491542243528650                0
          93          94   8.5361728603296438E-002   7.1347741082274679E-002  -4.1080252103106030E-004  0.97812880800934654        378910.90214675880        55.249666982163497        12.977655016814237       0.36646114883956715                0           0   12415.359998859836        1.7179347800011020E-004  0.25000000000000000              796  0.39353469615716408                0
          95          96  0.62290701776509083        9.1312241257938784E-002  -2.4694056769592183E-003  0.98229809701072368        343710.75876289478        85.837907123126698        10.412609270303845       0.51304759462454241                0           0   13686.843189246762        4.6628744323320661E-004   1.0525273428307074E-004         798  0.34741155088798376                0
          67          68  0.52597586808430075       0.46375414949012228       -9.5351984985231255E-003  0.98266064699714351        341740.68956755206        95.332992401100725        16.775476431473507       0.38401253483445508                0           0   13765.745201713413        5.7947742737167690E-004  0.25000000000000000              770  0.11796010529946846                0
         213         214   8.6717284611907239E-002   1.7710005955573944E-002  -1.1427078035879827E-004  0.98213695314694749        400632.33674856107        50.085097135765906        8.0719690527679155       0.37259711763429670                0           0   11742.225542311169        1.5552041722878169E-004  0.25000000000000000              916  0.17924263859956688                0
         313         314  0.11479116130453372        5.7685466757393881E-002  -3.9453446450446250E-004  0.99253727403468150        435049.79924732697        62.547398305763593        4.7667186488240807       0.38034522309282759                0           0   10813.279918261374        1.7042172232509015E-004  0.25000000000000000             1016   9.2845860970123831E-002           0
         365         366  0.29906545429998188       0.27572229150032296       -3.4223050706489746E-003  0.97703614846779008        409915.73603235272        89.792227251814452        13.457840453658067       0.28670186135382897                0           0   11476.298283102440        5.4424978456707430E-004  0.25000000000000000             1068 -0.23260032353624177                0
         201         202  0.41909726131645580       0.36316033186407948       -5.4401348907038797E-003  0.97784193266974673        439642.50440806977        104.26124217537117        13.460639806429015       0.39200717606015778                0           0   10700.319487940789        6.3220712582260643E-004  0.12500000000000000              904   4.7978003125753448E-002           0
         171         172  0.11855449161888632       0.10910379859810015       -6.3808363105355751E-004  0.99690688946593098        502629.43037454027        75.543937317710842        2.8049358556354034       0.23098561491662989                0           0   9359.4106778413025        1.6222029374787257E-004  0.12500000000000000              874  -8.1475416444343238E-002           0
         347         348  0.19457293008789711        9.8264029982305379E-002  -8.4213227326918961E-004  0.97623178622328566        525292.62380639045        84.608893442837001        5.7021694642914245       0.44926578582999793                0           0   8955.6088253366652        5.1262384884362530E-004   6.2500000000000000E-002        1050  0.17539143799035942                0
         343         344   9.9716206803828866E-002   3.9838043689421537E-002  -1.9541286924161294E-004  0.98547806040898511        644708.77578794607        75.758248904357316        17.328652482794531       0.68395606546498522                0           0   7296.8066114739531        4.6110969753691106E-004  0.25000000000000000             1046   1.8169216818892466                0
          55          56   8.3915877860446200E-002   1.7498204653530233E-002  -7.7740196882517218E-005  0.96898154446861051        677342.13462491788        70.390059717499767        13.575723565086689       0.14600101776151500                0           0   6945.2570823012566        1.8325936041652929E-004  0.25000000000000000              758 -0.19801661118483224                0
          99         100  0.11123848720615616        3.9011678252708890E-002  -1.9764343022701515E-004  0.98119635498491209        697449.45099556562        81.825121918085514        10.554768305714699       0.54328157997238913                0           0   6745.0268272914218        1.9609050585244134E-004  0.25000000000000000              802  0.14375864542945593                0
         391         392  0.13558686976987694        5.7578981684498085E-002  -2.5446740011902898E-004  0.98428057182237338        1015963.8259505472        114.33226250480101        12.537988940783164       0.37955489379433027                0           0   4630.3964151906221        1.9855493643177781E-004  0.12500000000000000             1094  0.14397048439808724                0
         385         386  0.12648191059682606        5.9749107023494945E-002  -2.5030111744847215E-004  0.99192399726360403        1010156.8010307509        112.51654391747591        14.017772899047010       0.28185339813800481                0           0   4657.0148840700185        1.9971473045980897E-004  0.25000000000000000             1088  -1.0653949550596252E-002           0
          41          42  0.11122608390456809        8.6847116325004775E-002  -3.0034655602715249E-004  0.97689552612968544        1076875.4069236529        119.85571002551679        3.6703371307505059       0.81656811956714181                0           0   4368.4861102769009        1.9934720720389158E-004  0.25000000000000000              744  0.51208509424163917                0
         345         346  0.55774375829353751       0.47607345656862060       -4.7923803546830179E-003  0.97923176074338625        1065819.0059203701        206.47940675782556        2.3204810654912191       0.23334708820574604                0           0   4413.8031237137029        1.2529054742208931E-003  0.12500000000000000             1048  -3.0896917891276625E-002           0
          73          74  0.94128231410560004       0.69908498357263338       -1.0547991353088345E-002  0.98595090542721642        1010924.7705775029        232.48741209934116        13.768897317304919       0.46134737865122605                0           0   4653.4770880699325        1.4155097427745917E-003  0.25000000000000000              776  0.32379229522319325                0
         285         286   8.9462339041284894E-002   4.2834040765278178E-002  -1.2838168338598593E-004  0.97556116315563901        1178106.6063545495        111.23605151706303        8.7098601240910014       0.64685587623960705                0           0   3993.1150816660524        1.4410236536712358E-004  0.25000000000000000              988  0.21733354598726051                0
         293         294  0.55382231722128972       0.12326253909399966       -1.3046202120956597E-003  0.97555013427591697        1208714.8768618368        195.00098063437505        13.128061319096034       0.45590372318181888                0           0   3891.9974823661364        1.1809822740092247E-003  0.25000000000000000              996  0.99344852970461606                0
         123         124  0.67985937278035102       0.12376754478802159       -1.4259437356367586E-003  0.97763450747397851        1328700.8239903566        219.90890269502705        10.089864250104309       0.52098125672478479                0           0   3540.5376234484115        1.3330674591925293E-003  0.25000000000000000              826  0.34939207272975570                0
           7           8  0.10772050310063933        1.1526931384030817E-002  -3.7943697728780554E-005  0.99082248886431246        1424470.1409572540        121.95279694780302        9.0200407018935227       0.42849111829064390                0           0   3302.5018372680170        1.6260639909577266E-004  0.25000000000000000              710  -2.5384357297721510E-002           0
         355         356  0.32294731613854971       0.22153041596011064       -1.4146791448691402E-003  0.98835597978780254        1280677.5733209376        188.46314208734015        7.0336207449437591       0.41137890938271926                0           0   3673.3018174480535        1.1488556879049804E-003  0.25000000000000000             1058   6.7030479161232170E-002           0
         117         118  0.40216802461087314       0.11268199431891886       -9.3948131643061938E-004  0.97690707695788359        1226845.1060164988        179.76007936485891        14.726419011669666       0.58327655754172669                0           0   3834.4818221751120        1.0894929361876689E-003  0.25000000000000000              820  0.95974003945486686                0
          85          86   8.0567479673496034E-002   7.0359839832317903E-002  -1.6540594186675728E-004  0.98642166572395873        1357017.8794508749        127.71821781941760        6.6391473088472335       0.29199580837962047                0           0   3466.6567986181526        1.9401392259058692E-004  0.25000000000000000              788  -7.2810398567564771E-002           0
          47          48   9.8900608463481726E-002   3.1153535981132970E-002  -9.0443949087021743E-005  0.96929450295796848        1448762.9164048610        126.95392421516813        16.138173289302497       0.82868925162313523                0           0   3247.1256714098058        1.9207619232510233E-004  0.25000000000000000              750  0.40690489351704129                0
         387         388  0.11696728908539532        8.3148869844046139E-002  -2.2937038620640345E-004  0.98803179274449515        1621822.3967411278        158.01661908636444        7.9368855106717513       0.43970592954432408                0           0   2900.6352773876865        2.1040184755542182E-004   1.4119441752012921E-004        1090  0.21149089816097982                0
         103         104   9.4240900685283069E-002   8.1646476448274677E-002  -1.9581474411928143E-004  0.97430932578693863        1543295.6101144454        146.43699954217337        6.3869693882697991       0.16974232028000144                0           0   3048.2269416265021        8.8618227905427590E-004  0.25000000000000000              806  -4.3265245854969409E-002           0
         215         216   9.9764396033006283E-002   5.7531129034738331E-002  -1.3467170227244636E-004  0.99202500142069505        1843377.2888768672        158.82594977762659        17.473000066054141       0.26972131789626763                0           0   2552.0089056272404        1.9606910170443681E-004  0.25000000000000000              918 -0.28014812643715803                0
          65          66   8.1196656538748205E-002   3.2700733033609646E-002  -6.2627861262289943E-005  0.98184767372588766        2149336.5504112290        157.99647215383459        10.254285395616726       0.55166013025471528                0           0   2188.7290088398181        1.9363885980735446E-004  0.25000000000000000              768  0.14624708221439287                0
          15          16  0.12041882448822794        4.7134796559794988E-002  -1.1370748620294229E-004  0.97825164521118502        2263928.7909641471        186.02285177799217        11.925626636771611       0.56494088104047302                0           0   2077.9431210119114        1.1281688166013199E-003  0.25000000000000000              718  0.22039594937376258                0
         243         244  0.10897784068549871        6.2870305948584129E-002  -1.2688985103554134E-004  0.99345305026723485        2514966.0648626112        201.22235189126619        11.597671157338619       0.34078784861886208                0           0   1870.5283237695505        1.2297376519750148E-003  0.25000000000000000              946   8.9923579621813951E-002           0
          37          38  0.10983277472157330        9.0349772612143470E-002  -1.6313461273031012E-004  0.98167519740275366        2786284.6185355540        226.68993556755197        15.895867705368920       0.58104377063201262                0           0   1688.3828831949368        1.3772225981147541E-003  0.25000000000000000              740  -8.3144579561248988E-002           0
         403         404  0.17519688796893346        3.8994197612049461E-002  -1.0593113748015505E-004  0.98390122640028865        2940509.8785680686        240.33779704645258        13.237178684664290       0.47065388284122806                0           0   1599.8297750781944        1.4386062398021380E-003   7.5221719492831417E-004        1106  0.13097321651187624                0
         127         128  0.41687934908818136       0.27898104023835063       -1.0601324713850049E-003  0.99434194081511351        3619474.9262651657        408.83142482301037        11.655251373543836       0.22571511539243247                0           0   1299.7231237899509        2.4997052625840904E-003  0.25000000000000000              830   2.8456967342389047E-002           0
         217         218   8.1228311512873880E-002   6.5270211912634449E-002  -8.4864059256294254E-005  0.97696892315676265        3390006.8490829859        232.81876606981328        15.312289666170809       0.78666748153657973                0           0   1387.7008121435813        1.4110585494170628E-003  0.25000000000000000              920  0.28229889886470394                0
         175         176   8.2952047495663137E-002   3.6571247402372269E-002  -5.1727581037104140E-005  0.99014066351255703        3413579.4993116693        218.55666260409862        15.215806611246428       0.56878475403109274                0           0   1378.1179722321874        8.6388155168109300E-004   7.7398664274097638E-004         878   3.9501376991325665E-002           0
         143         144  0.25022565110097550       0.15769561095085233       -3.9893226177458845E-004  0.97378367469115990        4047244.7606835263        368.61381757316616        8.1850432409852711       0.62487167351845230                0           0   1162.3500766111972        2.2305190603367172E-003  0.25000000000000000              846  0.20809355782557551                0
          61          62  0.16574606629006447        5.1105325148539382E-002  -1.0680914848388477E-004  0.98146224652464376        3985102.7316611102        295.54272204541036        9.1892476955715043       0.42717517208851119                0           0   1180.4752786595950        1.7952874583487142E-003  0.25000000000000000              764  0.31590468095925162                0
          29          30   9.2064989403419284E-002   3.8673592252436655E-002  -4.8326417632826574E-005  0.98790084533106615        4595724.3541263249        274.56410217347485        6.1189975275194755       0.78350384297953413                0           0   1023.6286807368981        1.6733196375634911E-003  0.25000000000000000              732  0.46439381882447389                0
         237         238  0.17519413512811899        4.8620481183886892E-002  -9.6133046925272949E-005  0.99516489023133436        4632593.2409340926        330.20636827131904        17.830155731219829       0.55270190265604868                0           0   1015.4820449326151        1.9984115928462558E-004  0.25000000000000000              940  0.71369541920758672                0
         147         148  0.31456825641218544       0.25964081492902225       -6.6243600918377415E-004  0.98456015427272825        4747337.3481747657        459.47645601886813        15.678570777476944       0.45650492251367203                0           0   990.93763780099937        1.9668248657376449E-004  0.25000000000000000              850  0.11999440538363071                0
         399         400  0.17014458503807270        6.6018282057290864E-002  -2.6982656814264659E-005  0.99084852161665216        45926133.506140068        1551.3756733512366        10.545221845038306       0.24325357862831040                0           0   102.43220795009495        7.9315038245047140E-003   5.1274119990239665E-005        1102 -0.15263488420914989                0
         281         282   8.0478030877779258E-002   1.6466831233086777E-002  -1.7957729507761034E-005  0.98262528900521695        5350085.9090408524        275.01430631306528        14.666688381478002       0.51498339386495717                0           0   879.29714356458578        1.6177341948722601E-003   1.1556517837465797E-003         984  0.44970526529021582                0
          45          46   8.6894120985331738E-002   8.6164685909330241E-002  -8.2040856412477007E-005  0.98387083180607882        5506893.1944410549        340.10174038637848        9.4909375054353315       0.60168367180527760                0           0   854.25939664011355        2.0685513436049150E-003  0.25000000000000000              748  0.51246060959298689                0
         161         162   9.3309048906446132E-002   9.2827486138433946E-002  -9.1370293667435056E-005  0.98808186398280262        5621424.9028162071        353.27643364872114        7.5848535635473944       0.51326632337075151                0           0   836.85459451535257        1.4172084015978230E-003   4.0124088512187979E-004         864  0.15837518175570064                0
         309         310  0.10545420084030525        5.3264404142991120E-002  -5.7855495593977865E-005  0.98363597107776712        6309425.5400360068        361.80592593708820        13.608702115398296       0.51812220478680260                0           0   745.60120058377254        2.2003001492994592E-003  0.12500000000000000             1012  -2.5526525084796081E-002           0
         189         190  0.11107991559331475        5.1209466390144058E-002  -5.9401457297079668E-005  0.98671314114777653        6112335.9088638304        356.86834591407722        18.321638166431839       0.13538181032866731                0           0   769.64278923590894        2.1736268209196817E-003  0.12500000000000000              892 -0.14491125526463838                0
         289         290  0.10428359770713377        2.3242149003040714E-002  -2.7029384863951324E-005  0.98098528853431399        6248193.6038845684        334.17615719381701        14.703276244380366       0.16590698914689581                0           0   752.90804925123336        3.1412440059297680E-004   2.1407106712375233E-004         992  -5.9214289228304552E-002           0
         115         116   9.5073144526220191E-002   4.6025486525321645E-002  -4.6726263478262970E-005  0.98361077625756288        6339435.9430684811        348.99124241529205        10.739953717046031       0.43981421357037748                0           0   742.07158174513086        2.1223306805025111E-003  0.12500000000000000              818  0.19393322261313767                0
         223         224  0.13901763968801717        6.0776114313866474E-002  -7.7058961377378293E-005  0.98944300866558410        6749130.2508403445        408.60062416669217        8.0443281536526889       0.40361092181036273                0           0   697.02540665280856        1.4550726557673380E-003   3.8761623824791583E-004         926  0.15587999245567274                0
         299         300   9.2079428251349071E-002   8.2023039557947389E-002  -6.9096360737731398E-005  0.98687547342765214        7196672.0713921739        407.34523002445144        17.344523655009628       0.12962971631682677                0           0   653.67925771484090        1.9141825007821258E-003   4.7566670142237919E-004        1002 -0.35695205277168601                0
         199         200  0.11230093762090229        4.7925291740752780E-002  -4.9845320530023470E-005  0.98557578802919299        7365259.5215128316        402.38621163417127        12.921923609981658       0.23333108592883775                0           0   638.71683596540686        2.4494184751019071E-003  0.25000000000000000              902  0.84826622197767021                0
         373         374  0.15845034820673778       0.15233439132851201       -1.7085611922102253E-004  0.97953457699937829        7914624.5663138824        526.47767260799060        6.9169100726784132       0.46042791475345640                0           0   594.38261641205406        2.0738689538121356E-003   1.8460250857137516E-004        1076  0.14061267431093344                0
          69          70  0.10464422723177559       0.10349050793134676       -8.6377732787562200E-005  0.98042651398566583        8085705.8082159301        467.23280664956275        12.315892065691006       0.18428874399004208                0           0   581.80638391081243        2.8368343572848856E-003  0.25000000000000000              772 -0.15158923654166229                0
         267         268  0.11152016154947933        1.9237634443879208E-002  -2.0549692225892878E-005  0.97571016684914613        7751487.2479949994        389.06223032840018        4.8395435880920408       0.52392168928741312                0           0   606.89195597420110        2.1238420170979874E-003   5.7175169523306167E-004         970  0.14376281453465922                0
         183         184  0.10185732075756881        5.4219839429199369E-002  -4.3501448380147765E-005  0.97494311243953891        9514143.3154601473        473.11432133119797        16.717581327102778       0.32267483803831820                0           0   494.45495003217121        2.6117071090758321E-003   7.3833939047804044E-005         886   1.2639430650790291                0
         265         266   8.4095384718170976E-002   3.6296916915751078E-002  -2.5177897980027152E-005  0.98208302441022211        10108891.015960222        451.79535927565934        6.4021359930394217       0.44618986246777564                0           0   465.36412849020218        2.5566045312434959E-003   3.2876737433688348E-004         968  0.24445788672021943                0
         367         368  0.20322917187314732       0.17631903439505672       -1.9839537409354995E-004  0.98271755475304379        10353002.382095573        673.08984858111614        16.753441882619470       0.56603415898500464                0           0   454.39140106645590        3.1417753395476039E-003   2.0829289102300571E-004        1070   1.6105301603898170                0
         305         306   8.5255713978393793E-002   1.6586699482616780E-002  -1.1931200371230782E-005  0.97557216214542408        10624387.113807641        441.69112072417624        14.161494835847403       0.31679524785272145                0           0   442.78462439785847        2.6751951435917505E-003  0.12500000000000000             1008  0.11493878723139332                0
         325         326  0.14296285691723640        1.8018411898666035E-002  -1.7591034512000332E-005  0.98525910189351285        11605238.715074902        545.71725305743564        6.1623453086427773       0.33464408188827016                0           0   405.36135215676182        1.9976652747874619E-004   6.2500000000000000E-002        1028   2.7154409607717731E-002           0
         119         120  0.12744757891135747        8.2887871857059842E-002  -6.3848789170769046E-005  0.98269985033698937        12193204.574003790        616.57973866081329        6.3681987198965686       0.28217598968520863                0           0   385.81451078697370        3.7479255214838184E-003  0.12500000000000000              822   2.5489203249025483E-002           0
         133         134  0.13034205300579016        4.8697333779162973E-002  -3.8327301662544060E-005  0.98106024666388236        13234793.885749733        617.16435115197305        9.5936814235808061       0.39059003067294379                0           0   355.45058716101568        1.8937134051309856E-003   2.3462020703002488E-004         836  0.23862226454400134                0
          17          18   8.8310858010865509E-002   3.6165089814597706E-002  -2.2321003472730643E-005  0.98140412768925933        12747100.610456508        533.22349031307033        10.042032458349341       0.38026819611750884                0           0   369.04982563531280        3.2391129273980847E-003  0.12500000000000000              720  -4.7414574771782500E-002           0
         275         276  0.13196141201412448        6.9014568623332620E-002  -4.7734077914415263E-005  0.97882307087873466        15446708.167117907        711.01461876732242        12.196027683818466       0.41239989168960378                0           0   304.55131324737835        3.8553459218336993E-003   3.1360350552934633E-004         978  0.41930811648913680                0
         221         222  0.10685030920939192        6.9974509155263417E-002  -3.1626916862030124E-005  0.98393731334141421        22713590.881852984        881.00449275131916        11.494263792842572       0.17594357116850792                0           0   207.11455454642683        7.9115858300387524E-004   1.9491484126260989E-005         924 -0.23055174924625002                0
         157         158  0.17882018552997023        8.7937108552675433E-002  -4.2075752867793579E-005  0.98508929836888082        36757529.765977465        1392.7596079562391        7.3887976885938462       0.37404722143099467                0           0   127.98235593075808        8.4761985793895094E-003   6.1922502051299008E-003         860   2.5529832938626731E-002           0
         145         146  0.11284151051838727        7.1741434973604884E-002  -2.4259741764019273E-005  0.99376937435835577        37282292.346898668        1243.5753721908127        13.081971182348619       0.40652914647644028                0           0   126.18095512670618        7.6010240628880425E-003   1.1587811402078785E-004         848  0.16525933618827907                0
         405         406   8.7236661288412828E-002   5.5735761705262711E-002  -1.4072214539167358E-005  0.99445610289822106        44632260.549633734        1287.6263786407710        15.048565436282693       0.59246473454229864                0           0   105.40168030282231        7.7335923534376074E-003   2.6678573357540627E-004        1108   1.3784461212717285                0
          51          52  0.11606384615255892        9.5064690585184505E-002  -1.2275563250253990E-004  0.98220168374465411        4873129.0568915913        334.96089239881542        2.3160188492926581       0.44220548002573101                0           0   965.35823343153777        1.2758272812323542E-003   2.2323031696181534E-005         754   4.8427219769847742E-002           0
