 122 675   1   452 101   0      0.7   0.46   4.88  5.739     0.0  -0.2385   0.0000
  -1.210608   0.000000   0.288968   0.062472  -0.571267   0.053723   0.000000   0.000000   0.000000   0.000000
   0.00000   0.00000   0.15216   0.03409   0.00000  -1.21061   0.00000   0.00000  -0.92164   0.77512   0.21060   0.00000   0.00000
 NAME(I1)    NAME(I2)    M1[M*]                    M2[M*]                    EB[NB]                    ECC                       P[Days]                   SEMI[AU]                  RI[PC]                    VI[km/s]                  K*(I1)      K*(I2)      ZN[NB]                    RP[NB]                    STEP(I1)[NB]              NAME(ICM)                 ECM[NB]                   K*(ICM)      
           3           4   8.7970317491499028E-002   4.9196061553816367E-002  -9.2897646351125171E-004  0.98018963898304645        71340.815372945974        17.361255191394889        7.4912869590287592       0.18247683602122641                0           0   65941.428242054317        1.0539810829294615E-004  0.50000000000000000              706  0.11046102987155354                0
          57          58   8.8793517676333700E-002   7.4789808565780366E-002  -1.3944536633748324E-003  0.99288618157622466        67519.482439442989        17.747571380570307        13.523458845200778       0.64542118296823914                0           0   69673.449613065080        1.0843421479498632E-004  0.50000000000000000              760   1.1522954753035055                0
          59          60  0.52934127945164156       0.11516011942956719       -3.1001072744619322E-002  0.99635260950274573        9025.0375450904266        7.3279160146024838        16.962427682389734       0.82663689252999895                0           0   521251.59969045070        4.4850020571511419E-005  0.50000000000000000              762   1.4518209388631469                0
          63          64  0.11284127030153632        5.3401276685359052E-002  -1.4468849236327175E-003  0.97984293960292113        54774.265105649982        15.520472950299069        12.071933674963322       0.38853335522330351                0           0   85885.502043175962        9.4206442072616631E-005  0.50000000000000000              766  0.23326351440554360                0
          83          84  0.10272953417562042        4.1373672231505683E-002  -1.2819188696754095E-003  0.97370419826673227        41789.837138321200        12.356008093958177        13.947255349645813       0.36287834535791780                0           0   112570.79662870750        7.4766174595093939E-005  0.50000000000000000              786  0.23217861526839789                0
          87          88  0.10306885414503236        3.0345968261083246E-002  -4.1821248241819420E-003  0.98428134930470224        4652.7998571211401        2.7870887101701558        15.234770506668875       0.30976195851011801                0           0   1011071.9141389197        1.6955045282497800E-005  0.50000000000000000              790   8.7860488220746616E-002           0
         105         106  0.12790761581087476        8.1406408734692293E-002  -3.3640542461646258E-002  0.96974758674909145        989.02684361157492        1.1534833915785283        18.606023524593738       0.32082107144964495                0           0   4756509.1767037120        6.9657331703446991E-006  0.50000000000000000              808  0.11607624305262033                0
         131         132   8.4797441590329786E-002   6.4637458177469395E-002  -7.7121942017657882E-004  0.98912831439601701        128788.41655396212        26.485513546867381        8.0292892289875599       0.44711322262770981                0           0   36527.471829531067        1.6151620773559698E-004  0.25000000000000000              834  0.12185684107790573                0
         137         138  0.13717930409073115       0.13193897190263901       -4.0334545728335997E-003  0.97817964388784162        48147.574536657077        16.722602131164937        11.695166998351512       0.20016045550587142                0           0   97706.173216745112        1.0141787278782275E-004  0.50000000000000000              840  0.66868807392336060                0
         167         168  0.11739175763496201        6.6852661947444644E-002  -1.3371095085191684E-003  0.97921691183512483        87047.450602289726        21.873015901955345        12.765290675305788       0.67794591189098119                0           0   54043.113555826756        1.3272323952673876E-004  0.50000000000000000              870  0.41893224198487666                0
         177         178  0.17518944591650459       0.15841447355487015       -4.8844045916293037E-002  0.97081544669269548        1948.4551180766894        2.1174370246531056        3.7450174233221691       0.80629705417465947                0           0   2414382.1502485364        1.2793853451865820E-005  0.50000000000000000              880  0.50978333132468745                0
         181         182  0.16494482085752635        4.8117280213717237E-002  -2.2342341753636167E-003  0.98308070947828008        38113.841390388654        13.238244572811659        5.3108518827342257       0.30908212163872151                0           0   123428.00111539195        8.0485139620415977E-005  0.50000000000000000              884   4.9703640053351664E-002           0
         193         194  0.13607741833753259        1.4509867592654014E-002  -3.3139095177587647E-004  0.98026160729439438        98477.807758994706        22.203845682541278        15.672873516908195       0.72313490797885016                0           0   47770.308506030713        1.3480179630591914E-004  0.50000000000000000              896   1.1898929718703271                0
         195         196  0.23980714281985319       0.16746154432118399       -1.7866781603804005E-002  0.96643523058497638        13874.745800257982        8.3762612435180923        10.976303493896543       0.98936257587243126                0           0   339055.96004197007        5.0498069052990366E-005  0.50000000000000000              898  0.74996491946542787                0
         207         208   9.9440827635248155E-002   5.0100703362626467E-002  -8.7683211256005204E-003  0.98112175417415370        2910.2243960466299        2.1174416066239212        4.0146019218384836       0.73493259984983450                0           0   1616478.5313583727        1.2860786271453537E-005  0.50000000000000000              910  0.45639455830811926                0
         225         226  0.11258739991983015        4.7810171057872303E-002  -9.4939383745014589E-004  0.98185672257896206        88575.957032427817        21.129198100363176        15.845933741613402       0.64362350334185692                0           0   53110.521356517827        1.2838083044770557E-004  0.50000000000000000              928   1.1135803185281137                0
         235         236   9.9158490776633662E-002   3.5661683213779022E-002  -5.1301121046354124E-003  0.96614283730650707        4095.4263718306088        2.5687641194955386        6.8115333379458844       0.30280702438367557                0           0   1148675.3345151674        1.5484037106406675E-005  0.50000000000000000              938  0.12451337418378355                0
         239         240   8.3253089810449737E-002   5.9845060969569666E-002  -7.4110620056441019E-004  0.97866503909393976        121080.59857328323        25.053451414275163        15.624000674347666       0.47921538086276760                0           0   38852.758518512826        1.5197941044801133E-004  0.50000000000000000              942  0.14818724363301938                0
         247         248  0.12867704596478571        5.6124925773135610E-002  -4.8755267774440045E-002  0.97148621675522984        348.47281385192167       0.55201979559906922        19.170373283582663       0.60631733295757340                0           0   13499805.639483234        3.3365167437779866E-006  0.50000000000000000              950  0.54686445698678465                0
         249         250   8.3325272192247987E-002   6.4931060179189190E-002  -5.9417119074347373E-003  0.97581540753508467        5929.7866670524481        3.3934150410168407        16.593065127143099       0.48118348089639351                0           0   793336.34104971308        2.0555510157367267E-005  0.50000000000000000              952   1.3357963772458310                0
         271         272  0.13618545113931463       0.10282415591629936       -1.7643068358636144E-003  0.98806680624688603        120181.93023047518        29.578155387187675        6.5572863315523904       0.49595495717958726                0           0   39143.282593508091        1.8027976026539725E-004  0.50000000000000000              974   8.5842329678287838E-002           0
         287         288   8.8414603939471620E-002   4.2704642040310346E-002  -5.8515194294090581E-004  0.98093659039144399        118941.02246670357        24.046383900145148        2.9193790089266858       0.61333541655666479                0           0   39551.663169548527        1.4603779329379048E-004  0.50000000000000000              990  0.21316280836456278                0
         291         292  0.10251315781699964        2.9651563345757474E-002  -1.1831110334550475E-003  0.98075559013170377        29765.556837160901        9.5746088155111213        9.4620473301059302       0.59238932812101330                0           0   158045.59892431262        5.8142920318824777E-005   6.2500000000000000E-002         994  0.24136084980580763                0
         303         304  0.77980953382043972       0.33783563817501155       -5.2382472905160467E-002  0.97671789874474535        28033.625192942258        18.742492285908785        5.9058842253471404       0.63438306374182807                0           0   167809.73653129677        1.1358394461059082E-004  0.50000000000000000             1006  0.22991724708581693                0
         311         312  0.16827131513595273       0.11782564957455051       -9.1314488263872420E-003  0.97485864189666582        15717.300866973132        8.0915100549741776        14.460082972251140       0.17353895821213941                0           0   299308.08714936365        4.8990345746074786E-005  0.50000000000000000             1014 -0.14257365770301450                0
         321         322  0.12252965187021556        4.0765808550071510E-002  -1.0952504619379879E-003  0.97557453106160041        63331.226025514967        16.995860241612995        16.776541458445443       0.43622888326478854                0           0   74281.133539866772        1.0293936416602254E-004  0.50000000000000000             1024  0.78471188407055648                0
         323         324  0.13577855073708561        2.1714876777924844E-002  -1.0672784058174505E-003  0.97737634574565457        30402.145619620234        10.295090097572151        12.162575681531433       0.61301694659059702                0           0   154736.29119810546        6.2411468000077191E-005  0.50000000000000000             1026  0.38850057836088570                0
         337         338  0.14234346256931027        4.8688670540606271E-002  -2.7220309402593351E-003  0.98436219341894415        24424.438780536861        9.4883723855236379        16.352536609017623       0.43969583452907024                0           0   192606.89262565569        5.7724153992768256E-005  0.50000000000000000             1040   1.5593395710527593                0
         357         358   7.9717634398698847E-002   3.5168480550120958E-002  -1.1543449013877967E-003  0.99034897964864510        29342.295402160125        9.0508997532508531        13.582404852299845       0.51255044002850569                0           0   160325.40035359471        5.5228836842580753E-005  0.50000000000000000             1060  0.89450971914509947                0
         363         364   8.0030474895858961E-002   2.5241398542184282E-002  -3.2505135387658957E-004  0.96900162088983910        125469.53716214608        23.159872534501439        10.051604687116287       0.68579437881842520                0           0   37493.684634903126        1.3980643129274424E-004  0.50000000000000000             1066  0.47924911585773972                0
         371         372   9.0756420354949963E-002   8.9399293653254358E-002  -1.4941626717007766E-003  0.97790038526241019        78336.750524128642        20.236383406048532        7.8677906228567922       0.41000407631339486                0           0   60052.468683849453        1.2271064128272370E-004  0.50000000000000000             1074  0.20597956151419192                0
         383         384   9.3433970454860987E-002   6.5975786712685114E-002  -2.9999592269293533E-003  0.97176827062077331        19385.313257799193        7.6576121486429507        12.767815921828767       0.50418699485676532                0           0   242674.19334851863        4.6290742961604388E-005  0.50000000000000000             1086  0.51486328588574359                0
         395         396  0.10118924464727580        7.2387835402996439E-002  -4.0679476328368365E-003  0.98184110250843104        15239.121285685993        6.7103307468978812        7.6327995884009194       0.47382113709933993                0           0   308699.90266850201        4.0771591993552411E-005  0.50000000000000000             1098   5.7725606375630775E-002           0
         401         402  0.11008182267075275        8.1520559788653676E-002  -2.1754919003101718E-003  0.98946501741247106        50292.904508829961        15.372504553420699        9.5509512898203717       0.45997275550697742                0           0   93538.349069078395        9.3761781152373525E-005  0.50000000000000000             1104  0.16384106751652022                0
         219         220   5.9461379470541447        2.5291364086335988      -0.75299076982192070       0.98221912150944157        80559.862777643633        74.428097414589246        9.4177296190683872       0.23693120916139013                0           0   58395.273967004177        4.5230718866207646E-004  0.50000000000000000              922  0.17321095065887379                0
         159         160  0.52009082554844766       0.13749382338007102       -6.8562166579241961E-003  0.98252657550525302        109146.58921206869        38.868446659729038        4.8688276094530236       0.56972074698141362                0           0   43100.891119047374        2.3624417772278330E-004  0.50000000000000000              862  0.21897353183275889                0
           1           2   2.0244841138268650       0.61000484406818434       -7.0741485713423660E-002  0.98738152934187551        118081.33591071346        65.056817812538299        13.935214484442341       0.46835399740666578                0           0   39839.617509086311        3.9638661146352313E-004  0.50000000000000000              704  0.10257783606693438                0
         283         284  0.18094602805437388        8.1870494517192083E-002  -1.6064068193646895E-003  0.97697797871714775        143540.44546752289        34.366892541613126        5.2233453436861650       0.29872698984266299                0           0   32773.447527785116        2.0829891525217590E-004  0.50000000000000000              986  -4.4648373453846313E-002           0
         185         186  0.24628085064239766        6.9358336926096664E-002  -1.8551080494142963E-003  0.99057546901522908        130681.44545928008        34.314639623851313        10.518201781876593       0.55757589145669484                0           0   35998.341165507023        2.0941269287605858E-004  0.50000000000000000              888  0.25132204835659999                0
         191         192  0.17819880543248182        5.0730547014061628E-002  -8.9966543292994278E-004  0.98450778698896024        174927.64032278312        37.446621017460309        16.007361473700506       0.61912493427507798                0           0   26892.921261409472        2.2782970840593575E-004  0.50000000000000000              894  0.50376187672251593                0
          71          72  0.16939743337267674        2.6319217633798585E-002  -4.7647967898261517E-004  0.96976219828091648        170003.73667627125        34.870225322542275        10.053047178167168       0.26905162308850411                0           0   27671.834452691655        1.5082883319385277E-004  0.50000000000000000              774 -0.14227940556872842                0
          53          54  0.10539273585624893        8.3691576402142989E-002  -9.4861616487088496E-004  0.98840746126056767        171334.30925667207        34.651436372167325        12.367458657983947       0.29248332128585813                0           0   27456.936547351612        2.1096666920612941E-004  0.25000000000000000              756 -0.17427676446722781                0
         245         246  0.10614450888457336        7.9534736728126665E-002  -8.8338078697462622E-004  0.97533507163214717        180155.36208468804        35.614411017835778        12.450487206461485       0.20887786068909683                0           0   26112.546433302068        2.1568078356416255E-004  0.50000000000000000              948  0.14741477917348114                0
         331         332  0.12214104311112879        9.8521910482032543E-002  -1.1537755047203683E-003  0.97154055198387024        188414.45473505274        38.868024797675822        13.446359784841253       0.29658309781927283                0           0   24967.910579153504        2.3493249830021899E-004  0.50000000000000000             1034   2.9417026312124936E-002           0
         203         204  0.10958957416913398        5.6611292613942377E-002  -6.2817234305771752E-004  0.98494187057407623        200051.97130642890        36.805509599966030        13.047795834018725       0.16182786560279228                0           0   23515.465640870621        1.6988547057778460E-004  0.50000000000000000              906 -0.19259091676411635                0
          21          22  0.17137201111473407        1.8580527211685235E-002  -2.8964617018065918E-004  0.97725619083110171        219756.57682243298        40.968444197440832        7.7303660837155732       0.24329695949589200                0           0   21406.937283364805        1.8343950172520064E-004  0.50000000000000000              724   9.6427922296949062E-002           0
         369         370  0.35577330781196675       0.28758888866695975       -6.5923629871082615E-003  0.96841922705639494        200307.85819162280        57.839387851881206        17.401000655281575       0.44188264474601202                0           0   23485.425385280789        3.4904883910831302E-004  0.50000000000000000             1072   1.6811084953927160                0
          77          78   9.3430964505624117E-002   2.0354482771848002E-002  -1.6334883162896549E-004  0.97425183352183942        309441.22681298596        43.386459025179242        13.701282542781003       0.52005366259095598                0           0   15202.613129787858        1.8457846561722538E-004  0.50000000000000000              780  0.92355508508882589                0
         315         316  0.30834333591613694       0.21242803698149326       -3.5544000840579989E-003  0.96932722246065328        288048.63087816222        68.675120176768687        10.208579908494359       0.36506921290099759                0           0   16331.670257563481        4.1463143421502049E-004   6.2500000000000000E-002        1018  0.22233458037260750                0
          89          90  0.20842321107894346       0.10223825271363279       -1.3435582502014560E-003  0.98702482580270168        297769.38109927031        59.104743533761280        7.7696586450989455       0.77271086568545877                0           0   15798.519109916271        3.6005640583131949E-004  0.50000000000000000              792  0.42854729912583722                0
         155         156  0.50373356431637750       0.18870347651975347       -4.6345267489272665E-003  0.98128177235206437        293320.33962033020        76.435433608783669        11.151783144820262       0.68680728407289693                0           0   16038.148816184937        4.6428632181207922E-004  0.50000000000000000              858  0.41923048395993268                0
         187         188  0.16652052450678573        4.4390738220572948E-002  -5.1200105471243477E-004  0.98740860044556455        313872.49940009229        53.803263366689940        7.3987389456909698       0.67906143497428462                0           0   14987.981637882163        1.5401396217716847E-004  0.50000000000000000              890  0.31078011381534620                0
         255         256   8.3811449474318997E-002   3.0344259974373743E-002  -1.9498774621546684E-004  0.99476358635673934        366335.73421504453        48.606227887337262        11.446044085005150       0.46543672404667424                0           0   12841.540746017587        1.7373772739312873E-004  0.50000000000000000              958  0.28272020233287276                0
          93          94   8.5361728603296438E-002   7.1347741082274679E-002  -4.1080252103106030E-004  0.97812880800934654        378910.90214675880        55.249666982163497        13.057751785204250       0.39697120254521184                0           0   12415.359998859836        1.7179347800011020E-004  0.50000000000000000              796  0.39422722617632028                0
          51          52  0.11606384615255892        9.5064690585184505E-002  -1.2275811927289990E-004  0.98216396693908492        4872980.9816571539        334.95410693465300        1.9624865794890671       0.44137310494312532                0           0   965.38756776452010        1.9479136895965573E-004   3.1250000000000000E-002         754   4.7727268414024443E-002           0
          67          68  0.52597586808430075       0.46375414949012228       -9.5351984985231255E-003  0.98266064699714351        341740.68956755206        95.332992401100725        16.841030452775097       0.41008170641375613                0           0   13765.745201713413        5.7947742737167690E-004  0.50000000000000000              770  0.11794504782564355                0
         213         214   8.6717284611907239E-002   1.7710005955573944E-002  -1.1427078035879827E-004  0.98213695314694749        400632.33674856107        50.085097135765906        8.0652074012267398       0.35422073677075572                0           0   11742.225542311169        1.5552041722878169E-004  0.50000000000000000              916  0.17856523658439813                0
         313         314  0.11479116130453372        5.7685466757393881E-002  -3.9453446450446250E-004  0.99253727403468150        435049.79924732697        62.547398305763593        4.7831041009715296       0.39606557759608535                0           0   10813.279918261374        1.7042172232509015E-004  0.50000000000000000             1016   9.1212087681254092E-002           0
         365         366  0.29906545429998188       0.27572229150032296       -3.4223050706489746E-003  0.97703614846779008        409915.73603235272        89.792227251814452        13.602492166666211       0.29551729036120539                0           0   11476.298283102440        5.4424978456707430E-004  0.50000000000000000             1068 -0.23182098332445539                0
         201         202  0.41909726131645580       0.36316033186407948       -5.4401348907038797E-003  0.97784193266974673        439642.50440806977        104.26124217537117        13.081289812666418       0.39125846323793800                0           0   10700.319487940789        6.3220712582260643E-004  0.50000000000000000              904   4.8603800599899764E-002           0
         171         172  0.11855449161888632       0.10910379859810015       -6.3808363105355751E-004  0.99690688946593098        502629.43037454027        75.543937317710842        3.0740233622734330       0.22954603902511336                0           0   9359.4106778413025        1.6222029374787257E-004  0.25000000000000000              874  -8.2919009078496961E-002           0
         347         348  0.19457293008789711        9.8264029982305379E-002  -8.4213227326918961E-004  0.97623178622328566        525292.62380639045        84.608893442837001        5.9253374920283548       0.42283948483161227                0           0   8955.6088253366652        5.1262384884362530E-004   6.2500000000000000E-002        1050  0.17586052853984491                0
         343         344   9.9716206803828866E-002   3.9838043689421537E-002  -1.9541286924161294E-004  0.98547806040898511        644708.77578794607        75.758248904357316        17.515110472588670       0.62401032159025471                0           0   7296.8066114739531        4.6110969753691106E-004  0.50000000000000000             1046   1.8240454131906962                0
          55          56   8.3915877860446200E-002   1.7498204653530233E-002  -7.7740196882517218E-005  0.96898154446861051        677342.13462491788        70.390059717499767        13.544769589933452       0.15349876642441851                0           0   6945.2570823012566        1.8325936041652929E-004  0.50000000000000000              758 -0.19781466697802771                0
          99         100  0.11123848720615616        3.9011678252708890E-002  -1.9764343022701515E-004  0.98119635498491209        697449.45099556562        81.825121918085514        10.389678232053813       0.54311798822078805                0           0   6745.0268272914218        1.9609050585244134E-004  0.50000000000000000              802  0.14129749863311772                0
         391         392  0.13558686976987694        5.7578981684498085E-002  -2.5446740011902898E-004  0.98428057182237338        1015963.8259505472        114.33226250480101        12.878650514192181       0.35581780828355986                0           0   4630.3964151906221        1.9855493643177781E-004  0.50000000000000000             1094  0.14424726537167545                0
         385         386  0.12648191059682606        5.9749107023494945E-002  -2.5030111744847215E-004  0.99192399726360403        1010156.8010307509        112.51654391747591        14.232807282435184       0.28173487713716328                0           0   4657.0148840700185        1.9971473045980897E-004  0.50000000000000000             1088  -1.0970369542104279E-002           0
          41          42  0.11122608390456809        8.6847116325004775E-002  -3.0034655602715249E-004  0.97689552612968544        1076875.4069236529        119.85571002551679        3.3687945186486736       0.81629572177368914                0           0   4368.4861102769009        1.9934720720389158E-004  0.50000000000000000              744  0.51152385145784174                0
         345         346  0.55774375829353751       0.47607345656862060       -4.7923803546830179E-003  0.97923176074338625        1065819.0059203701        206.47940675782556        2.2047417935525360       0.24186103451099952                0           0   4413.8031237137029        1.2529054742208931E-003  0.50000000000000000             1048  -3.1562840919898603E-002           0
          73          74  0.94128231410560004       0.69908498357263338       -1.0547991353088345E-002  0.98595090542721642        1010924.7705775029        232.48741209934116        13.301747535564211       0.48444338402370873                0           0   4653.4770880699325        1.4155097427745917E-003  0.50000000000000000              776  0.32404722849142537                0
         285         286   8.9462339041284894E-002   4.2834040765278178E-002  -1.2838168338598593E-004  0.97556116315563901        1178106.6063545495        111.23605151706303        8.5399387404401619       0.65415878271281958                0           0   3993.1150816660524        1.4410236536712358E-004  0.25000000000000000              988  0.21677139802216522                0
         293         294  0.55382231722128972       0.12326253909399966       -1.3046202120956597E-003  0.97555013427591697        1208714.8768618368        195.00098063437505        13.184322232143078       0.47140410689188750                0           0   3891.9974823661364        1.1809822740092247E-003  0.50000000000000000              996  0.99413178417460557                0
         123         124  0.67985937278035102       0.12376754478802159       -1.4259437356367586E-003  0.97763450747397851        1328700.8239903566        219.90890269502705        10.144123174547014       0.53756633177444968                0           0   3540.5376234484115        1.3330674591925293E-003  0.12500000000000000              826  0.35011693610354339                0
           7           8  0.10772050310063933        1.1526931384030817E-002  -3.7943697728780554E-005  0.99082248886431246        1424470.1409572540        121.95279694780302        9.2932595829663622       0.43643253142102079                0           0   3302.5018372680170        1.6260639909577266E-004  0.25000000000000000              710  -2.5139876219277962E-002           0
         355         356  0.32294731613854971       0.22153041596011064       -1.4146791448691402E-003  0.98835597978780254        1280677.5733209376        188.46314208734015        6.6417963687030417       0.41631792880980251                0           0   3673.3018174480535        1.1488556879049804E-003  0.50000000000000000             1058   6.7311717766679185E-002           0
         117         118  0.40216802461087314       0.11268199431891886       -9.3948131643061938E-004  0.97690707695788359        1226845.1060164988        179.76007936485891        15.259686585836175       0.51586704262467575                0           0   3834.4818221751120        1.0894929361876689E-003  0.50000000000000000              820  0.95849001613284113                0
          85          86   8.0567479673496034E-002   7.0359839832317903E-002  -1.6540594186675728E-004  0.98642166572395873        1357017.8794508749        127.71821781941760        6.8792348836205628       0.30322313192732264                0           0   3466.6567986181526        1.9401392259058692E-004  0.25000000000000000              788  -7.2559195076335736E-002           0
          47          48   9.8900608463481726E-002   3.1153535981132970E-002  -9.0443949087021743E-005  0.96929450295796848        1448762.9164048610        126.95392421516813        15.665382748969598       0.80955104584096982                0           0   3247.1256714098058        1.9207619232510233E-004  0.50000000000000000              750  0.40659759099586801                0
         387         388  0.11696728908539532        8.3148869844046139E-002  -2.2937168942811279E-004  0.98787384358027230        1621808.5746921257        158.01572128293915        7.6857564576434880       0.40310405000445709                0           0   2900.6599983834726        4.3996154123679903E-004   1.3842378570159710E-005        1090   9.0315352499752283E-002           0
         103         104   9.4240900685283069E-002   8.1646476448274677E-002  -1.9581474411928143E-004  0.97430932578693863        1543295.6101144454        146.43699954217337        6.5313769443791774       0.15738710395536834                0           0   3048.2269416265021        8.8618227905427590E-004  0.25000000000000000              806  -4.3764087138137356E-002           0
         215         216   9.9764396033006283E-002   5.7531129034738331E-002  -1.3467170227244636E-004  0.99202500142069505        1843377.2888768672        158.82594977762659        17.678447213739339       0.28916874730531777                0           0   2552.0089056272404        1.9606910170443681E-004  0.50000000000000000              918 -0.28041295080796919                0
          65          66   8.1196656538748205E-002   3.2700733033609646E-002  -6.2627861262289943E-005  0.98184767372588766        2149336.5504112290        157.99647215383459        10.533748399744814       0.55719825393552658                0           0   2188.7290088398181        1.9363885980735446E-004  0.50000000000000000              768  0.14577428085244934                0
          15          16  0.12041882448822794        4.7134796559794988E-002  -1.1370748620294229E-004  0.97825164521118502        2263928.7909641471        186.02285177799217        12.417423374739510       0.57998543049219842                0           0   2077.9431210119114        1.1281688166013199E-003  0.25000000000000000              718  0.22025189775141857                0
         243         244  0.10897784068549871        6.2870305948584129E-002  -1.2688985103554134E-004  0.99345305026723485        2514966.0648626112        201.22235189126619        11.841677031387785       0.35089565271667406                0           0   1870.5283237695505        1.2297376519750148E-003  0.50000000000000000              946   8.9483742377475070E-002           0
          37          38  0.10983277472157330        9.0349772612143470E-002  -1.6313461273031012E-004  0.98167519740275366        2786284.6185355540        226.68993556755197        16.096113101689053       0.58543246806569660                0           0   1688.3828831949368        1.3772225981147541E-003  0.50000000000000000              740  -8.2785516268318815E-002           0
         403         404  0.17519688796893346        3.8994197612049461E-002  -1.0593126647510484E-004  0.98389507025664436        2940504.5074795140        240.33750438156622        13.503740632424881       0.46016655281862578                0           0   1599.8326973071432        1.3916447628534640E-003   7.4237112445665941E-004        1106  0.12931226708312099                0
         127         128  0.41687934908818136       0.27898104023835063       -1.0601324713850049E-003  0.99434194081511351        3619474.9262651657        408.83142482301037        11.700518371196788       0.25035031717488948                0           0   1299.7231237899509        2.4997052625840904E-003  0.50000000000000000              830   2.8433264522081489E-002           0
         217         218   8.1228311512873880E-002   6.5270211912634449E-002  -8.4864059256294254E-005  0.97696892315676265        3390006.8490829859        232.81876606981328        14.971966678156267       0.77051809374627611                0           0   1387.7008121435813        1.4110585494170628E-003  0.50000000000000000              920  0.28191799955276264                0
         175         176   8.2952047495663137E-002   3.6571247402372269E-002  -5.1727540129131967E-005  0.99014125445682011        3413583.5486819590        218.55683544645396        15.722312605599891       0.58879168181288832                0           0   1378.1163374369951        9.8743546160113345E-004   1.6589218570891061E-003         878   4.0321836065352529E-002           0
         143         144  0.25022565110097550       0.15769561095085233       -3.9893226177458845E-004  0.97378367469115990        4047244.7606835263        368.61381757316616        8.2890365738441307       0.62803376886843565                0           0   1162.3500766111972        2.2305190603367172E-003  0.50000000000000000              846  0.20624817954294841                0
          61          62  0.16574606629006447        5.1105325148539382E-002  -1.0680914848388477E-004  0.98146224652464376        3985102.7316611102        295.54272204541036        9.2325185723568168       0.42612114878249990                0           0   1180.4752786595950        1.7952874583487142E-003  0.50000000000000000              764  0.31658672939548871                0
          29          30   9.2064989403419284E-002   3.8673592252436655E-002  -4.8326417632826574E-005  0.98790084533106615        4595724.3541263249        274.56410217347485        5.6895761109984644       0.79701934593169621                0           0   1023.6286807368981        1.6733196375634911E-003  0.25000000000000000              732  0.46474021286038830                0
         237         238  0.17519413512811899        4.8620481183886892E-002  -9.6133046925272949E-005  0.99516489023133436        4632593.2409340926        330.20636827131904        17.332750769647987       0.56775093709421753                0           0   1015.4820449326151        1.9984115928462558E-004  0.50000000000000000              940  0.71360941060137906                0
         147         148  0.31456825641218544       0.25964081492902225       -6.6243600918377415E-004  0.98456015427272825        4747337.3481747657        459.47645601886813        15.516940417879544       0.46088385533344700                0           0   990.93763780099937        1.9668248657376449E-004  0.50000000000000000              850  0.11987459925713076                0
         399         400  0.17014458503807270        6.6018282057290864E-002  -2.6982733742705019E-005  0.99085981467748441        45925937.101468571        1551.3712503408733        10.330641564094924       0.22755734416958279                0           0   102.43264600678846        9.4689283986007372E-003   1.1186085139986474E-004        1102 -0.15315482239971959                0
         281         282   8.0478030877779258E-002   1.6466831233086777E-002  -1.7957676418046643E-005  0.98262996687322668        5350109.6343884040        275.01511935984456        14.152274894512034       0.54417314051205512                0           0   879.29324427433642        8.4819586320488739E-004   1.6950041010239864E-003         984  0.45209894248985871                0
          45          46   8.6894120985331738E-002   8.6164685909330241E-002  -8.2040856412477007E-005  0.98387083180607882        5506893.1944410549        340.10174038637848        9.4068211301480655       0.61209711860742255                0           0   854.25939664011355        2.0685513436049150E-003  0.50000000000000000              748  0.51225525064883415                0
         161         162   9.3309048906446132E-002   9.2827486138433946E-002  -9.1369809542272030E-005  0.98810603369074468        5621469.5807606960        353.27830549251598        7.9000613485001585       0.49969126614467940                0           0   836.84794341770260        1.9838203098481873E-003   2.3540809403890984E-004         864  0.15918854518491257                0
         309         310  0.10545420084030525        5.3264404142991120E-002  -5.7855495593977865E-005  0.98363597107776712        6309425.5400360068        361.80592593708820        13.889564078822495       0.53436656181605724                0           0   745.60120058377254        2.2003001492994592E-003  0.50000000000000000             1012  -2.5092919246038126E-002           0
         189         190  0.11107991559331475        5.1209466390144058E-002  -5.9401457297079668E-005  0.98671314114777653        6112335.9088638304        356.86834591407722        18.274294564553792       0.15714735658813586                0           0   769.64278923590894        2.1736268209196817E-003  0.50000000000000000              892 -0.14530715899877822                0
         289         290  0.10428359770713377        2.3242149003040714E-002  -2.7029333884506904E-005  0.98098694394918429        6248211.2807679577        334.17678747626888        14.748704643007811       0.16226435947290033                0           0   752.90591919077417        3.9771500587410354E-004   5.1603140752850792E-004         992  -6.0357088482232278E-002           0
         115         116   9.5073144526220191E-002   4.6025486525321645E-002  -4.6726263478262970E-005  0.98361077625756288        6339435.9430684811        348.99124241529205        10.985947764171803       0.45448357983297288                0           0   742.07158174513086        2.1223306805025111E-003  0.50000000000000000              818  0.19410683107498158                0
         223         224  0.13901763968801717        6.0776114313866474E-002  -7.7058941122339788E-005  0.98944784523736584        6749132.9118664386        408.60073156787439        8.1537040957355487       0.38047196329789312                0           0   697.02513183190638        1.7225056939574488E-003   8.4487157481798766E-004         926  0.15174350073244716                0
         299         300   9.2079428251349071E-002   8.2023039557947389E-002  -6.9096370853995534E-005  0.98687475026417781        7196670.4909162670        407.34517038583522        17.391970683141242       0.10861327455988033                0           0   653.67940127071438        2.2443152266223669E-003   1.0316304728103889E-003        1002 -0.35613759635443165                0
         199         200  0.11230093762090229        4.7925291740752780E-002  -4.9845320530023470E-005  0.98557578802919299        7365259.5215128316        402.38621163417127        12.774851012455837       0.28537148114709332                0           0   638.71683596540686        2.4494184751019071E-003  0.50000000000000000              902  0.84860888119208699                0
         373         374  0.15845034820673778       0.15233439132851201       -1.7085738609048018E-004  0.97951575480503850        7914536.5387099134        526.47376889332645        7.2292074373044919       0.43957721305379027                0           0   594.38922729537069        3.1854090195190862E-003   2.2954237473566676E-004        1076  0.13668821645552653                0
          69          70  0.10464422723177559       0.10349050793134676       -8.6377732787562200E-005  0.98042651398566583        8085705.8082159301        467.23280664956275        12.299049752031685       0.17710308294419383                0           0   581.80638391081243        2.8368343572848856E-003  0.50000000000000000              772 -0.15181639017591464                0
         267         268  0.11152016154947933        1.9237634443879208E-002  -2.0549707876259965E-005  0.97571331734789024        7751478.3928619819        389.06193402410418        4.4955757508052097       0.52549496442209498                0           0   606.89264927536578        2.3399031213196786E-003   6.0101127794634827E-004         970  0.14494925782389423                0
         183         184  0.10185732075756881        5.4219839429199369E-002  -4.3501478295562731E-005  0.97499873891895006        9514133.5013282802        473.11399597647898        16.723509234419030       0.34435736272985279                0           0   494.45546007820764        1.1409605543299100E-003   4.8443228695808788E-005         886   1.2742827959207641                0
         265         266   8.4095384718170976E-002   3.6296916915751078E-002  -2.5177722317296300E-005  0.98207882843727701        10108996.809395982        451.79851141172611        6.3628642397691051       0.46562793764875687                0           0   465.35925832643022        1.0577995629057434E-003   8.5339032272121172E-004         968  0.24183051701930111                0
         367         368  0.20322917187314732       0.17631903439505672       -1.9839457790254639E-004  0.98270350784852356        10353064.704683069        673.09254980454523        16.783583148348772       0.53217899426734427                0           0   454.38866575583455        3.1987088479391436E-003   4.2044674741132569E-004        1070   1.6196383639765146                0
         305         306   8.5255713978393793E-002   1.6586699482616780E-002  -1.1931200371230782E-005  0.97557216214542408        10624387.113807641        441.69112072417624        14.270615473049789       0.29431491471485105                0           0   442.78462439785847        2.6751951435917505E-003  0.50000000000000000             1008  0.11372758072972017                0
         325         326  0.14296285691723640        1.8018411898666035E-002  -1.7591034512000332E-005  0.98525910189351285        11605238.715074902        545.71725305743564        6.0723946133030786       0.34942632704099713                0           0   405.36135215676182        1.9976652747874619E-004  0.25000000000000000             1028   2.7630397339421527E-002           0
         119         120  0.12744757891135747        8.2887871857059842E-002  -6.3848789170769046E-005  0.98269985033698937        12193204.574003790        616.57973866081329        6.2646919030341737       0.27302996580593181                0           0   385.81451078697370        3.7479255214838184E-003  0.50000000000000000              822   2.6993349497365066E-002           0
         133         134  0.13034205300579016        4.8697333779162973E-002  -3.8327153676954179E-005  0.98105640639371283        13234870.537437223        617.16673409518160        9.4636513100940594       0.42879229129384333                0           0   355.44852851697772        2.1554016261656588E-003   5.0107430969447602E-004         836  0.24101451346637284                0
          17          18   8.8310858010865509E-002   3.6165089814597706E-002  -2.2321003472730643E-005  0.98140412768925933        12747100.610456508        533.22349031307033        9.8253445173785732       0.36581439772375224                0           0   369.04982563531280        3.2391129273980847E-003  0.50000000000000000              720  -4.7178134635098873E-002           0
         275         276  0.13196141201412448        6.9014568623332620E-002  -4.7734115202721441E-005  0.97883544945201773        15446690.067437980        711.01406334630553        12.488569879924105       0.40381062968276554                0           0   304.55167010579055        4.2940660004944179E-003   6.6238803415897792E-004         978  0.41760608422183665                0
         221         222  0.10685030920939192        6.9974509155263417E-002  -3.1625131509010241E-005  0.98413841936600255        22715514.305493757        881.05422864036063        11.474156123324317       0.17143733288773527                0           0   207.09701723579388        5.1918698420042155E-003   4.7374792362429430E-005         924 -0.22631803703871961                0
         157         158  0.17882018552997023        8.7937108552675433E-002  -4.2075660476150577E-005  0.98508525327992402        36757650.836819619        1392.7626662409343        7.2580147801486916       0.37224961352835645                0           0   127.98193438772527        6.5847114356316801E-003   3.5687093334273358E-004         860   2.3421413197283563E-002           0
         145         146  0.11284151051838727        7.1741434973604884E-002  -2.4259717223181490E-005  0.99377576170271764        37282348.918389909        1243.5766301766828        13.299734066730009       0.40195851460171583                0           0   126.18076366224636        5.6353581199872823E-003   3.9994150995957995E-004         848  0.16447143409825027                0
         405         406   8.7236661288412828E-002   5.5735761705262711E-002  -1.4072219982536795E-005  0.99445045527554676        44632234.652881853        1287.6258805654079        14.766581955714312       0.61025427136336274                0           0   105.40174145954420        7.8733128566099049E-003  0.50000000000000000             1108   1.3788660059602444                0
          95         546  0.62290701776509083       0.52092362269304604       -4.4060439842925842E-003  0.93027841275677647        1552783.9629911068        274.45287443578007        10.599174760416748       0.53099169321930406                0           0   3029.6006204127098        8.1860194494166167E-004   1.9571515744047181E-003         798  0.39559834160853269                0
