 122 485   1   452 102   0      0.5   0.46   4.88  5.714     0.0  -0.2385   0.0000
  -1.209976   0.000000   0.288333   0.062472  -0.571267   0.053723   0.000000   0.000000   0.000000   0.000000
   0.00000   0.00000   0.15110   0.03389   0.00000  -1.20998   0.00000   0.00000  -0.92164   0.77512   0.21060   0.00000   0.00000
 NAME(I1)    NAME(I2)    M1[M*]                    M2[M*]                    EB[NB]                    ECC                       P[Days]                   SEMI[AU]                  RI[PC]                    VI[km/s]                  K*(I1)      K*(I2)      ZN[NB]                    RP[NB]                    STEP(I1)[NB]              NAME(ICM)                 ECM[NB]                   K*(ICM)      
           3           4   8.7970317491499028E-002   4.9196061553816367E-002  -9.2897646351125171E-004  0.98018963898304645        71340.815372945974        17.361255191394889        7.5755192827238087       0.17834361993024062                0           0   65941.428242054317        1.0539810829294615E-004  0.50000000000000000              706  0.11141600282083602                0
          57          58   8.8793517676333700E-002   7.4789808565780366E-002  -1.3944536633748324E-003  0.99288618157622466        67519.482439442989        17.747571380570307        13.732094480047115       0.61349150401638552                0           0   69673.449613065080        1.0843421479498632E-004  0.50000000000000000              760   1.1533001765359967                0
          59          60  0.52934127945164156       0.11516011942956719       -3.1001072744619322E-002  0.99635260950274573        9025.0375450904266        7.3279160146024838        17.278258133082108       0.81260504125174138                0           0   521251.59969045070        4.4850020571511419E-005  0.50000000000000000              762   1.4517844507381490                0
          63          64  0.11284127030153632        5.3401276685359052E-002  -1.4468849236327175E-003  0.97984293960292113        54774.265105649982        15.520472950299069        12.031285106063535       0.39137122507901212                0           0   85885.502043175962        9.4206442072616631E-005  0.50000000000000000              766  0.23326392630881834                0
          83          84  0.10272953417562042        4.1373672231505683E-002  -1.2819188696754095E-003  0.97370419826673227        41789.837138321200        12.356008093958177        13.952052821596300       0.35621847730737172                0           0   112570.79662870750        7.4766174595093939E-005  0.50000000000000000              786  0.23221422373054057                0
          87          88  0.10306885414503236        3.0345968261083246E-002  -4.1821248241819420E-003  0.98428134930470224        4652.7998571211401        2.7870887101701558        15.206618347549989       0.30445307770584967                0           0   1011071.9141389197        1.6955045282497800E-005  0.50000000000000000              790   8.8144328801344415E-002           0
         105         106  0.12790761581087476        8.1406408734692293E-002  -3.3640542461646258E-002  0.96974758674909145        989.02684361157492        1.1534833915785283        18.505100332639802       0.32836687165101353                0           0   4756509.1767037120        6.9657331703446991E-006  0.50000000000000000              808  0.11608438846678394                0
         131         132   8.4797441590329786E-002   6.4637458177469395E-002  -7.7121942017657882E-004  0.98912831439601701        128788.41655396212        26.485513546867381        7.9526049977835269       0.45379725335178472                0           0   36527.471829531067        1.6151620773559698E-004  0.25000000000000000              834  0.12265618867246016                0
         137         138  0.13717930409073115       0.13193897190263901       -4.0334545728335997E-003  0.97817964388784162        48147.574536657077        16.722602131164937        11.766413233454054       0.18036411474200800                0           0   97706.173216745112        1.0141787278782275E-004  0.50000000000000000              840  0.66856226622302262                0
         167         168  0.11739175763496201        6.6852661947444644E-002  -1.3371095085191684E-003  0.97921691183512483        87047.450602289726        21.873015901955345        12.750193281415706       0.67498743636018144                0           0   54043.113555826756        1.3272323952673876E-004  0.50000000000000000              870  0.41894533167801690                0
         177         178  0.17518944591650459       0.15841447355487015       -4.8844045916293037E-002  0.97081544669269548        1948.4551180766894        2.1174370246531056        3.7493521028829262       0.80603509800734385                0           0   2414382.1502485364        1.2793853451865820E-005  0.50000000000000000              880  0.50986521594393097                0
         181         182  0.16494482085752635        4.8117280213717237E-002  -2.2342341753636167E-003  0.98308070947828008        38113.841390388654        13.238244572811659        5.2833509774094223       0.30761753178809087                0           0   123428.00111539195        8.0485139620415977E-005  0.50000000000000000              884   5.1137892915929087E-002           0
         193         194  0.13607741833753259        1.4509867592654014E-002  -3.3139095177587647E-004  0.98026160729439438        98477.807758994706        22.203845682541278        15.673113276826170       0.70999393258969423                0           0   47770.308506030713        1.3480179630591914E-004  0.50000000000000000              896   1.1937188541564550                0
         195         196  0.23980714281985319       0.16746154432118399       -1.7866781603804005E-002  0.96643523058497638        13874.745800257982        8.3762612435180923        11.020693622887373       0.98478377648925253                0           0   339055.96004197007        5.0498069052990366E-005  0.50000000000000000              898  0.74870917423592842                0
         207         208   9.9440827635248155E-002   5.0100703362626467E-002  -8.7683211256005204E-003  0.98112175417415370        2910.2243960466299        2.1174416066239212        3.9699671834909611       0.74056491706377703                0           0   1616478.5313583727        1.2860786271453537E-005  0.50000000000000000              910  0.45614002177398671                0
         225         226  0.11258739991983015        4.7810171057872303E-002  -9.4939383745014589E-004  0.98185672257896206        88575.957032427817        21.129198100363176        15.877752323216885       0.62442898892487531                0           0   53110.521356517827        1.2838083044770557E-004  0.50000000000000000              928   1.1139247531537959                0
         235         236   9.9158490776633662E-002   3.5661683213779022E-002  -5.1301121046354124E-003  0.96614283730650707        4095.4263718306088        2.5687641194955386        6.9384811326637132       0.29708981069178375                0           0   1148675.3345151674        1.5484037106406675E-005  0.50000000000000000              938  0.12585016858971593                0
         239         240   8.3253089810449737E-002   5.9845060969569666E-002  -7.4110620056441019E-004  0.97866503909393976        121080.59857328323        25.053451414275163        15.704451627590830       0.47368102198791850                0           0   38852.758518512826        1.5197941044801133E-004  0.50000000000000000              942  0.14835315554085285                0
         247         248  0.12867704596478571        5.6124925773135610E-002  -4.8755267774440045E-002  0.97148621675522984        348.47281385192167       0.55201979559906922        18.984416624893043       0.61400821832761110                0           0   13499805.639483234        3.3365167437779866E-006  0.50000000000000000              950  0.54684016474533093                0
         249         250   8.3325272192247987E-002   6.4931060179189190E-002  -5.9417119074347373E-003  0.97581540753508467        5929.7866670524481        3.3934150410168407        16.458819375855263       0.50281214319350875                0           0   793336.34104971308        2.0555510157367267E-005  0.50000000000000000              952   1.3356397408601941                0
         271         272  0.13618545113931463       0.10282415591629936       -1.7643068358636144E-003  0.98806680624688603        120181.93023047518        29.578155387187675        6.6061716291922279       0.50063131049472342                0           0   39143.282593508091        1.8027976026539725E-004  0.50000000000000000              974   8.5807816522323777E-002           0
         287         288   8.8414603939471620E-002   4.2704642040310346E-002  -5.8515194294090581E-004  0.98093659039144399        118941.02246670357        24.046383900145148        2.9907095557627255       0.61477095643020885                0           0   39551.663169548527        1.4603779329379048E-004  0.50000000000000000              990  0.21385172051011903                0
         291         292  0.10251315781699964        2.9651563345757474E-002  -1.1831110334550475E-003  0.98075559013170377        29765.556837160901        9.5746088155111213        9.2865357337509682       0.59200157297276557                0           0   158045.59892431262        5.8142920318824777E-005   6.2500000000000000E-002         994  0.24135715310088357                0
         303         304  0.77980953382043972       0.33783563817501155       -5.2382472905160467E-002  0.97671789874474535        28033.625192942258        18.742492285908785        5.9296286301235339       0.63503661111541798                0           0   167809.73653129677        1.1358394461059082E-004  0.50000000000000000             1006  0.23030274179667645                0
         311         312  0.16827131513595273       0.11782564957455051       -9.1314488263872420E-003  0.97485864189666582        15717.300866973132        8.0915100549741776        14.433730914939879       0.17689571896677436                0           0   299308.08714936365        4.8990345746074786E-005  0.50000000000000000             1014 -0.14233836700244948                0
         321         322  0.12252965187021556        4.0765808550071510E-002  -1.0952504619379879E-003  0.97557453106160041        63331.226025514967        16.995860241612995        16.679059301148005       0.44856755120181718                0           0   74281.133539866772        1.0293936416602254E-004  0.50000000000000000             1024  0.78498494994622359                0
         323         324  0.13577855073708561        2.1714876777924844E-002  -1.0672784058174505E-003  0.97737634574565457        30402.145619620234        10.295090097572151        12.061640577554556       0.60442583372410308                0           0   154736.29119810546        6.2411468000077191E-005  0.50000000000000000             1026  0.38851652038933815                0
         337         338  0.14234346256931027        4.8688670540606271E-002  -2.7220309402593351E-003  0.98436219341894415        24424.438780536861        9.4883723855236379        16.323322486489712       0.45942837361917938                0           0   192606.89262565569        5.7724153992768256E-005  0.50000000000000000             1040   1.5593954031481854                0
         357         358   7.9717634398698847E-002   3.5168480550120958E-002  -1.1543449013877967E-003  0.99034897964864510        29342.295402160125        9.0508997532508531        13.592679829010871       0.51034397222060457                0           0   160325.40035359471        5.5228836842580753E-005  0.50000000000000000             1060  0.89574013136445174                0
         363         364   8.0030474895858961E-002   2.5241398542184282E-002  -3.2505135387658957E-004  0.96900162088983910        125469.53716214608        23.159872534501439        9.9625030475726675       0.68444971650566766                0           0   37493.684634903126        1.3980643129274424E-004  0.50000000000000000             1066  0.47881102443990264                0
         371         372   9.0756420354949963E-002   8.9399293653254358E-002  -1.4941626717007766E-003  0.97790038526241019        78336.750524128642        20.236383406048532        7.8920224972341639       0.40106629926737380                0           0   60052.468683849453        1.2271064128272370E-004  0.50000000000000000             1074  0.20550095655397063                0
         383         384   9.3433970454860987E-002   6.5975786712685114E-002  -2.9999592269293533E-003  0.97176827062077331        19385.313257799193        7.6576121486429507        12.589427702347050       0.51758667899285216                0           0   242674.19334851863        4.6290742961604388E-005  0.50000000000000000             1086  0.51584704199094222                0
         395         396  0.10118924464727580        7.2387835402996439E-002  -4.0679476328368365E-003  0.98184110250843104        15239.121285685993        6.7103307468978812        7.4746266587602292       0.47357229260423345                0           0   308699.90266850201        4.0771591993552411E-005  0.50000000000000000             1098   5.7946957536238013E-002           0
         401         402  0.11008182267075275        8.1520559788653676E-002  -2.1754919003101718E-003  0.98946501741247106        50292.904508829961        15.372504553420699        9.4956119454286281       0.46917740886156073                0           0   93538.349069078395        9.3761781152373525E-005  0.50000000000000000             1104  0.16345489550601816                0
         219         220   5.9461379470541447        2.5291364086335988      -0.75299076982192070       0.98221912150944157        80559.862777643633        74.428097414589246        9.4392672763795886       0.24752643696005136                0           0   58395.273967004177        4.5230718866207646E-004  0.50000000000000000              922  0.17408047615603775                0
         159         160  0.52009082554844766       0.13749382338007102       -6.8562166579241961E-003  0.98252657550525302        109146.58921206869        38.868446659729038        4.8698197029538477       0.56867755778344309                0           0   43100.891119047374        2.3624417772278330E-004  0.50000000000000000              862  0.22516408627499879                0
           1           2   2.0244841138268650       0.61000484406818434       -7.0741485713423660E-002  0.98738152934187551        118081.33591071346        65.056817812538299        13.984706951209207       0.46380252245908898                0           0   39839.617509086311        3.9638661146352313E-004  0.50000000000000000              704  0.10265499317938628                0
         283         284  0.18094602805437388        8.1870494517192083E-002  -1.6064068193646895E-003  0.97697797871714775        143540.44546752289        34.366892541613126        5.2331099800196288       0.30252409099859495                0           0   32773.447527785116        2.0829891525217590E-004  0.50000000000000000              986  -4.4285170807711327E-002           0
         185         186  0.24628085064239766        6.9358336926096664E-002  -1.8551080494142963E-003  0.99057546901522908        130681.44545928008        34.314639623851313        10.306151123653411       0.56397358058203917                0           0   35998.341165507023        2.0941269287605858E-004  0.50000000000000000              888  0.25147487828280451                0
         191         192  0.17819880543248182        5.0730547014061628E-002  -8.9966543292994278E-004  0.98450778698896024        174927.64032278312        37.446621017460309        15.863412190654470       0.61882937597157572                0           0   26892.921261409472        2.2782970840593575E-004  0.50000000000000000              894  0.50377788801144052                0
          71          72  0.16939743337267674        2.6319217633798585E-002  -4.7647967898261517E-004  0.96976219828091648        170003.73667627125        34.870225322542275        10.032962536200095       0.26648287295732748                0           0   27671.834452691655        1.5082883319385277E-004  0.50000000000000000              774 -0.14215060036633356                0
          53          54  0.10539273585624893        8.3691576402142989E-002  -9.4861616487088496E-004  0.98840746126056767        171334.30925667207        34.651436372167325        12.300004311137597       0.30174285649217025                0           0   27456.936547351612        2.1096666920612941E-004  0.25000000000000000              756 -0.17180128919028653                0
         245         246  0.10614450888457336        7.9534736728126665E-002  -8.8338078697462622E-004  0.97533507163214717        180155.36208468804        35.614411017835778        12.390911782682601       0.22435122940594096                0           0   26112.546433302068        2.1568078356416255E-004  0.50000000000000000              948  0.14736582171575444                0
         331         332  0.12214104311112879        9.8521910482032543E-002  -1.1537755047203683E-003  0.97154055198387024        188414.45473505274        38.868024797675822        13.541636292217756       0.29826479520336224                0           0   24967.910579153504        2.3493249830021899E-004  0.50000000000000000             1034   2.9159900372421534E-002           0
         203         204  0.10958957416913398        5.6611292613942377E-002  -6.2817234305771752E-004  0.98494187057407623        200051.97130642890        36.805509599966030        13.033072216517107       0.16803249864675654                0           0   23515.465640870621        1.6988547057778460E-004  0.50000000000000000              906 -0.19237269277266777                0
          21          22  0.17137201111473407        1.8580527211685235E-002  -2.8964617018065918E-004  0.97725619083110171        219756.57682243298        40.968444197440832        7.7728476782715266       0.24873214479016978                0           0   21406.937283364805        1.8343950172520064E-004  0.50000000000000000              724   9.7497679059892275E-002           0
         369         370  0.35577330781196675       0.28758888866695975       -6.5923629871082615E-003  0.96841922705639494        200307.85819162280        57.839387851881206        17.391741387795548       0.46532896559359022                0           0   23485.425385280789        3.4904883910831302E-004  0.50000000000000000             1072   1.6850862153957529                0
          77          78   9.3430964505624117E-002   2.0354482771848002E-002  -1.6334883162896549E-004  0.97425183352183942        309441.22681298596        43.386459025179242        13.713919876609477       0.51637219882196606                0           0   15202.613129787858        1.8457846561722538E-004  0.50000000000000000              780  0.92459966891907042                0
         315         316  0.30834333591613694       0.21242803698149326       -3.5544000840579989E-003  0.96932722246065328        288048.63087816222        68.675120176768687        10.135349003144853       0.37101741621788276                0           0   16331.670257563481        4.1463143421502049E-004   3.1250000000000000E-002        1018  0.22445508165159864                0
          89          90  0.20842321107894346       0.10223825271363279       -1.3435582502014560E-003  0.98702482580270168        297769.38109927031        59.104743533761280        7.5228826897904293       0.77489285438457833                0           0   15798.519109916271        3.6005640583131949E-004  0.50000000000000000              792  0.42936036695519952                0
         155         156  0.50373356431637750       0.18870347651975347       -4.6345267489272665E-003  0.98128177235206437        293320.33962033020        76.435433608783669        11.369481641347310       0.67725034638024850                0           0   16038.148816184937        4.6428632181207922E-004  0.50000000000000000              858  0.41878866625824118                0
         187         188  0.16652052450678573        4.4390738220572948E-002  -5.1200105471243477E-004  0.98740860044556455        313872.49940009229        53.803263366689940        7.1789986536030073       0.67999726029459007                0           0   14987.981637882163        1.5401396217716847E-004  0.50000000000000000              890  0.30907040761579324                0
         255         256   8.3811449474318997E-002   3.0344259974373743E-002  -1.9498774621546684E-004  0.99476358635673934        366335.73421504453        48.606227887337262        11.345977043035630       0.46977560363333365                0           0   12841.540746017587        1.7373772739312873E-004  0.50000000000000000              958  0.28365087753166429                0
          93          94   8.5361728603296438E-002   7.1347741082274679E-002  -4.1080252103106030E-004  0.97812880800934654        378910.90214675880        55.249666982163497        13.050818505621862       0.38416448784977936                0           0   12415.359998859836        1.7179347800011020E-004  0.50000000000000000              796  0.39389384822791135                0
          95         546  0.62290701776509083       0.52092362269304604       -3.7742807775586872E-003  0.93634158911655452        1958542.3717123736        320.39254831532566        10.518109724972195       0.50567414629879148                0           0   2401.9471447695728        9.7080257561873843E-004   6.8951961995256160E-004         798  0.37139479161386124                0
          67          68  0.52597586808430075       0.46375414949012228       -9.5351984985231255E-003  0.98266064699714351        341740.68956755206        95.332992401100725        16.818225844255984       0.39921954200355220                0           0   13765.745201713413        5.7947742737167690E-004  0.50000000000000000              770  0.11796588253982068                0
         213         214   8.6717284611907239E-002   1.7710005955573944E-002  -1.1427078035879827E-004  0.98213695314694749        400632.33674856107        50.085097135765906        8.0891170540128847       0.36116726290725809                0           0   11742.225542311169        1.5552041722878169E-004  0.50000000000000000              916  0.17881827870533912                0
         313         314  0.11479116130453372        5.7685466757393881E-002  -3.9453446450446250E-004  0.99253727403468150        435049.79924732697        62.547398305763593        4.7970197970548529       0.38974347533779696                0           0   10813.279918261374        1.7042172232509015E-004  0.50000000000000000             1016   9.1662316103426317E-002           0
         365         366  0.29906545429998188       0.27572229150032296       -3.4223050706489746E-003  0.97703614846779008        409915.73603235272        89.792227251814452        13.544213142224947       0.29192272165557998                0           0   11476.298283102440        5.4424978456707430E-004  0.50000000000000000             1068 -0.23209832435450889                0
         201         202  0.41909726131645580       0.36316033186407948       -5.4401348907038797E-003  0.97784193266974673        439642.50440806977        104.26124217537117        13.215660667874692       0.39162745909246560                0           0   10700.319487940789        6.3220712582260643E-004  0.50000000000000000              904   4.8359034405135157E-002           0
         171         172  0.11855449161888632       0.10910379859810015       -6.3808363105355751E-004  0.99690688946593098        502629.43037454027        75.543937317710842        2.9802472003796199       0.23013587124745616                0           0   9359.4106778413025        1.6222029374787257E-004  0.25000000000000000              874  -8.2365950743935462E-002           0
         347         348  0.19457293008789711        9.8264029982305379E-002  -8.4213227326918961E-004  0.97623178622328566        525292.62380639045        84.608893442837001        5.8414744206265397       0.43356402664099469                0           0   8955.6088253366652        5.1262384884362530E-004   6.2500000000000000E-002        1050  0.17567685604676025                0
         343         344   9.9716206803828866E-002   3.9838043689421537E-002  -1.9541286924161294E-004  0.98547806040898511        644708.77578794607        75.758248904357316        17.464738835496942       0.64683877361555098                0           0   7296.8066114739531        4.6110969753691106E-004  0.50000000000000000             1046   1.8212837838671452                0
          55          56   8.3915877860446200E-002   1.7498204653530233E-002  -7.7740196882517218E-005  0.96898154446861051        677342.13462491788        70.390059717499767        13.557994428011932       0.15007049796503899                0           0   6945.2570823012566        1.8325936041652929E-004  0.50000000000000000              758 -0.19787114336268621                0
          99         100  0.11123848720615616        3.9011678252708890E-002  -1.9764343022701515E-004  0.98119635498491209        697449.45099556562        81.825121918085514        10.466759536322563       0.54323123348759361                0           0   6745.0268272914218        1.9609050585244134E-004  0.50000000000000000              802  0.14239521983766143                0
         391         392  0.13558686976987694        5.7578981684498085E-002  -2.5446740011902898E-004  0.98428057182237338        1015963.8259505472        114.33226250480101        12.744803039344896       0.36503980347363763                0           0   4630.3964151906221        1.9855493643177781E-004  0.50000000000000000             1094  0.14412487160754861                0
         385         386  0.12648191059682606        5.9749107023494945E-002  -2.5030111744847215E-004  0.99192399726360403        1010156.8010307509        112.51654391747591        14.129656157440525       0.28175311162845601                0           0   4657.0148840700185        1.9971473045980897E-004  0.50000000000000000             1088  -1.0861332140885849E-002           0
          41          42  0.11122608390456809        8.6847116325004775E-002  -3.0034655602715249E-004  0.97689552612968544        1076875.4069236529        119.85571002551679        3.4901260425490008       0.81615931226505978                0           0   4368.4861102769009        1.9934720720389158E-004  0.50000000000000000              744  0.51179329329765222                0
         345         346  0.55774375829353751       0.47607345656862060       -4.7923803546830179E-003  0.97923176074338625        1065819.0059203701        206.47940675782556        2.2671265260600850       0.23832416790416114                0           0   4413.8031237137029        1.2529054742208931E-003  0.50000000000000000             1048  -3.1306228616174735E-002           0
          73          74  0.94128231410560004       0.69908498357263338       -1.0547991353088345E-002  0.98595090542721642        1010924.7705775029        232.48741209934116        13.469205751292877       0.47501893791402011                0           0   4653.4770880699325        1.4155097427745917E-003  0.50000000000000000              776  0.32395677527247579                0
         285         286   8.9462339041284894E-002   4.2834040765278178E-002  -1.2838168338598593E-004  0.97556116315563901        1178106.6063545495        111.23605151706303        8.6071429399849979       0.65151468797528367                0           0   3993.1150816660524        1.4410236536712358E-004  0.25000000000000000              988  0.21702758223172589                0
         293         294  0.55382231722128972       0.12326253909399966       -1.3046202120956597E-003  0.97555013427591697        1208714.8768618368        195.00098063437505        13.189397955902793       0.46350867221036762                0           0   3891.9974823661364        1.1809822740092247E-003  0.50000000000000000              996  0.99379434187502202                0
         123         124  0.67985937278035102       0.12376754478802159       -1.4259437356367586E-003  0.97763450747397851        1328700.8239903566        219.90890269502705        10.142904608298378       0.53091362965323907                0           0   3540.5376234484115        1.3330674591925293E-003   6.2500000000000000E-002         826  0.34857138288262485                0
           7           8  0.10772050310063933        1.1526931384030817E-002  -3.7943697728780554E-005  0.99082248886431246        1424470.1409572540        121.95279694780302        9.1769821237130511       0.43328136295886877                0           0   3302.5018372680170        1.6260639909577266E-004  0.25000000000000000              710  -2.5216853416780191E-002           0
         355         356  0.32294731613854971       0.22153041596011064       -1.4146791448691402E-003  0.98835597978780254        1280677.5733209376        188.46314208734015        6.7981961087570566       0.41418323274129659                0           0   3673.3018174480535        1.1488556879049804E-003  0.50000000000000000             1058   6.7222898987232882E-002           0
         117         118  0.40216802461087314       0.11268199431891886       -9.3948131643061938E-004  0.97690707695788359        1226845.1060164988        179.76007936485891        15.030357988881327       0.54297421942366486                0           0   3834.4818221751120        1.0894929361876689E-003  0.50000000000000000              820  0.95901524422444928                0
          85          86   8.0567479673496034E-002   7.0359839832317903E-002  -1.6540594186675728E-004  0.98642166572395873        1357017.8794508749        127.71821781941760        6.7737879073406084       0.29875110187586268                0           0   3466.6567986181526        1.9401392259058692E-004  0.25000000000000000              788  -7.2647157067580889E-002           0
          47          48   9.8900608463481726E-002   3.1153535981132970E-002  -9.0443949087021743E-005  0.96929450295796848        1448762.9164048610        126.95392421516813        15.836749893632465       0.81738002628485673                0           0   3247.1256714098058        1.9207619232510233E-004  0.50000000000000000              750  0.40672803759702925                0
         387         388  0.11696728908539532        8.3148869844046139E-002  -2.2937088310442564E-004  0.98796960175494952        1621817.1265872137        158.01627676677953        7.8011679043932176       0.43672661552815145                0           0   2900.6447031078301        3.1241348175606201E-004   4.7316815571563557E-005        1090  0.17579743980368875                0
         103         104   9.4240900685283069E-002   8.1646476448274677E-002  -1.9581474411928143E-004  0.97430932578693863        1543295.6101144454        146.43699954217337        6.4920717557443428       0.16143856528161621                0           0   3048.2269416265021        8.8618227905427590E-004  0.25000000000000000              806  -4.4100871857396723E-002           0
         215         216   9.9764396033006283E-002   5.7531129034738331E-002  -1.3467170227244636E-004  0.99202500142069505        1843377.2888768672        158.82594977762659        17.586801832365015       0.28127585772758673                0           0   2552.0089056272404        1.9606910170443681E-004  0.50000000000000000              918 -0.28030042928323828                0
          65          66   8.1196656538748205E-002   3.2700733033609646E-002  -6.2627861262289943E-005  0.98184767372588766        2149336.5504112290        157.99647215383459        10.410060095358437       0.55491428661226549                0           0   2188.7290088398181        1.9363885980735446E-004  0.50000000000000000              768  0.14597217446656566                0
          15          16  0.12041882448822794        4.7134796559794988E-002  -1.1370748620294229E-004  0.97825164521118502        2263928.7909641471        186.02285177799217        12.219054369421507       0.57367637015623252                0           0   2077.9431210119114        1.1281688166013199E-003  0.25000000000000000              718  0.22033903476746727                0
         243         244  0.10897784068549871        6.2870305948584129E-002  -1.2688985103554134E-004  0.99345305026723485        2514966.0648626112        201.22235189126619        11.762998083292780       0.34665285583516520                0           0   1870.5283237695505        1.2297376519750148E-003  0.50000000000000000              946   8.9654422665888939E-002           0
          37          38  0.10983277472157330        9.0349772612143470E-002  -1.6313461273031012E-004  0.98167519740275366        2786284.6185355540        226.68993556755197        16.004918403715031       0.58367625888230013                0           0   1688.3828831949368        1.3772225981147541E-003  0.50000000000000000              740  -8.2904775005714859E-002           0
         403         404  0.17519688796893346        3.8994197612049461E-002  -1.0593111887353265E-004  0.98389703990443511        2940510.6533115050        240.33783926138130        13.375687763536572       0.46449761530714967                0           0   1599.8293535671839        9.8426101572777732E-004   6.1796856324748770E-004        1106  0.13005122683934239                0
         127         128  0.41687934908818136       0.27898104023835063       -1.0601324713850049E-003  0.99434194081511351        3619474.9262651657        408.83142482301037        11.682757523500131       0.24012480812743631                0           0   1299.7231237899509        2.4997052625840904E-003  0.50000000000000000              830   2.8447948310456092E-002           0
         217         218   8.1228311512873880E-002   6.5270211912634449E-002  -8.4864059256294254E-005  0.97696892315676265        3390006.8490829859        232.81876606981328        15.092535561316740       0.77730378237356768                0           0   1387.7008121435813        1.4110585494170628E-003  0.50000000000000000              920  0.28207987875041934                0
         175         176   8.2952047495663137E-002   3.6571247402372269E-002  -5.1727525799716254E-005  0.99014100751324596        3413584.9671142264        218.55689599046227        15.508869285832047       0.58044535690257881                0           0   1378.1157647942462        8.6788417380694515E-004   1.5814527907856764E-003         878   3.9950562299929132E-002           0
         143         144  0.25022565110097550       0.15769561095085233       -3.9893226177458845E-004  0.97378367469115990        4047244.7606835263        368.61381757316616        8.2513532184790428       0.62673424841326786                0           0   1162.3500766111972        2.2305190603367172E-003  0.50000000000000000              846  0.20701611014763527                0
          61          62  0.16574606629006447        5.1105325148539382E-002  -1.0680914848388477E-004  0.98146224652464376        3985102.7316611102        295.54272204541036        9.2265290110066367       0.42587333103107117                0           0   1180.4752786595950        1.7952874583487142E-003  0.50000000000000000              764  0.31632776484820591                0
          29          30   9.2064989403419284E-002   3.8673592252436655E-002  -4.8326417632826574E-005  0.98790084533106615        4595724.3541263249        274.56410217347485        5.8504463440100691       0.79192480012525379                0           0   1023.6286807368981        1.6733196375634911E-003  0.25000000000000000              732  0.46461480696691726                0
         237         238  0.17519413512811899        4.8620481183886892E-002  -9.6133046925272949E-005  0.99516489023133436        4632593.2409340926        330.20636827131904        17.513165281842316       0.56090192253990490                0           0   1015.4820449326151        1.9984115928462558E-004  0.50000000000000000              940  0.71364422178894404                0
         147         148  0.31456825641218544       0.25964081492902225       -6.6243600918377415E-004  0.98456015427272825        4747337.3481747657        459.47645601886813        15.576513737806339       0.45865589261224576                0           0   990.93763780099937        1.9668248657376449E-004  0.50000000000000000              850  0.11992906161690875                0
         399         400  0.17014458503807270        6.6018282057290864E-002  -2.6982714624763462E-005  0.99085644796955219        45925985.911024019        1551.3723495269749        10.404576687120267       0.23352567954696518                0           0   102.43253714267121        9.0621061010804985E-003   5.4759733731811130E-005        1102 -0.15301452777767977                0
         281         282   8.0478030877779258E-002   1.6466831233086777E-002  -1.7957731194275250E-005  0.98262868463943165        5350085.1553546861        275.01428048488390        14.338841640700119       0.53223131296884352                0           0   879.29726743440756        1.5435083493677514E-003   2.2555773713227190E-003         984  0.45114529781002660                0
          45          46   8.6894120985331738E-002   8.6164685909330241E-002  -8.2040856412477007E-005  0.98387083180607882        5506893.1944410549        340.10174038637848        9.4573582635336475       0.60747469415821709                0           0   854.25939664011355        2.0685513436049150E-003  0.50000000000000000              748  0.51233626772344798                0
         161         162   9.3309048906446132E-002   9.2827486138433946E-002  -9.1369696877789333E-005  0.98809321582777687        5621479.9781929832        353.27874110649856        7.7890829652415201       0.50536030652544650                0           0   836.84639559224365        2.1532733183606385E-003   1.8976714537550857E-003         864  0.15892222253576216                0
         309         310  0.10545420084030525        5.3264404142991120E-002  -5.7855495593977865E-005  0.98363597107776712        6309425.5400360068        361.80592593708820        13.767905817873981       0.52768685198205079                0           0   745.60120058377254        2.2003001492994592E-003  0.25000000000000000             1012  -2.5243741747026094E-002           0
         189         190  0.11107991559331475        5.1209466390144058E-002  -5.9401457297079668E-005  0.98671314114777653        6112335.9088638304        356.86834591407722        18.283269147477224       0.14842904197109238                0           0   769.64278923590894        2.1736268209196817E-003  0.25000000000000000              892 -0.14513599975642985                0
         289         290  0.10428359770713377        2.3242149003040714E-002  -2.7029413380876735E-005  0.98098618390854297        6248183.7158107068        334.17580462691467        14.715383311260428       0.16381953027806342                0           0   752.90924076715839        1.8304245894383137E-003   1.0769802623108774E-003         992  -5.9873642103000946E-002           0
         115         116   9.5073144526220191E-002   4.6025486525321645E-002  -4.6726263478262970E-005  0.98361077625756288        6339435.9430684811        348.99124241529205        10.883435853761034       0.44837436457481089                0           0   742.07158174513086        2.1223306805025111E-003  0.25000000000000000              818  0.19405052391136379                0
         223         224  0.13901763968801717        6.0776114313866474E-002  -7.7058775491136252E-005  0.98944496533285198        6749154.6718983212        408.60160981996836        8.1339742777320723       0.38976344886939962                0           0   697.02288454467862        1.7301385883150241E-003   8.5432474795436701E-004         926  0.15341038004661767                0
         299         300   9.2079428251349071E-002   8.2023039557947389E-002  -6.9096092427418492E-005  0.98687518415811593        7196713.9900407260        407.34681180602962        17.373574457142226       0.11665779135127809                0           0   653.67545023393950        1.0256645840790914E-003   7.0603407704899741E-004        1002 -0.35642333163273660                0
         199         200  0.11230093762090229        4.7925291740752780E-002  -4.9845320530023470E-005  0.98557578802919299        7365259.5215128316        402.38621163417127        12.856409676453703       0.26293318483536710                0           0   638.71683596540686        2.4494184751019071E-003  0.50000000000000000              902  0.84847068040995677                0
         373         374  0.15845034820673778       0.15233439132851201       -1.7085489093770069E-004  0.97952360898211244        7914709.9143431820        526.48145747912326        7.1255339199686123       0.44791639752895207                0           0   594.37620690551364        2.0739644495523287E-003   3.6921040768738615E-004        1076  0.13801492691180289                0
          69          70  0.10464422723177559       0.10349050793134676       -8.6377732787562200E-005  0.98042651398566583        8085705.8082159301        467.23280664956275        12.303151263386818       0.17964744996761431                0           0   581.80638391081243        2.8368343572848856E-003  0.50000000000000000              772 -0.15171075771706219                0
         267         268  0.11152016154947933        1.9237634443879208E-002  -2.0549552802552451E-005  0.97571195811900346        7751566.1358488295        389.06487001386228        4.6418465590556037       0.52469597918195954                0           0   606.88577962182615        8.0330893149849485E-004   6.9524948620642180E-004         970  0.14446946408881203                0
         183         184  0.10185732075756881        5.4219839429199369E-002  -4.3501470783679831E-005  0.97497116412316509        9514135.9656952936        473.11407767433582        16.711109709593746       0.33120204503080014                0           0   494.45533200354799        2.8617886201064069E-003   7.7014283365780322E-005         886   1.2695958468028308                0
         265         266   8.4095384718170976E-002   3.6296916915751078E-002  -2.5177878703482314E-005  0.98208038567762090        10108902.625230238        451.79570517666241        6.4005943956171558       0.45749901879416888                0           0   465.36359405654264        2.6575473916488103E-003   1.3376111817332897E-003         968  0.24282638172135657                0
         367         368  0.20322917187314732       0.17631903439505672       -1.9839626741211176E-004  0.98270944812588024        10352932.457502928        673.08681786051159        16.794641584291774       0.54433781783177759                0           0   454.39447006490172        3.8814163621476157E-003   2.3212518768617632E-004        1070   1.6164383696765667                0
         305         306   8.5255713978393793E-002   1.6586699482616780E-002  -1.1931200371230782E-005  0.97557216214542408        10624387.113807641        441.69112072417624        14.248619639539641       0.30317838182369522                0           0   442.78462439785847        2.6751951435917505E-003  0.25000000000000000             1008  0.11422841743297579                0
         325         326  0.14296285691723640        1.8018411898666035E-002  -1.7591034512000332E-005  0.98525910189351285        11605238.715074902        545.71725305743564        6.1042798689356763       0.34355285595712065                0           0   405.36135215676182        1.9976652747874619E-004  0.12500000000000000             1028   2.7454296306372483E-002           0
         119         120  0.12744757891135747        8.2887871857059842E-002  -6.3848789170769046E-005  0.98269985033698937        12193204.574003790        616.57973866081329        6.2922042546148633       0.27651269998256456                0           0   385.81451078697370        3.7479255214838184E-003  0.50000000000000000              822   2.6450522252863595E-002           0
         133         134  0.13034205300579016        4.8697333779162973E-002  -3.8327295585801645E-005  0.98105820266752797        13234797.033288660        617.16444900257090        9.5391528518541211       0.41369111927665170                0           0   355.45050262669628        2.8726880323821117E-003   5.8213569432328139E-004         836  0.24007029983683445                0
          17          18   8.8310858010865509E-002   3.6165089814597706E-002  -2.2321003472730643E-005  0.98140412768925933        12747100.610456508        533.22349031307033        9.9075256748008602       0.37152029449521912                0           0   369.04982563531280        3.2391129273980847E-003  0.50000000000000000              720  -4.7269680994696778E-002           0
         275         276  0.13196141201412448        6.9014568623332620E-002  -4.7733360154041334E-005  0.97882935781197278        15447056.573662281        711.02531020234790        12.396813700945780       0.40638482586251712                0           0   304.54444412832470        1.2845869047675490E-003   3.5949425007706417E-004         978  0.41823283750726370                0
         221         222  0.10685030920939192        6.9974509155263417E-002  -3.1625157619122367E-005  0.98405910183155376        22715486.174195088        881.05350123134758        11.467511210952372       0.17132487105032437                0           0   207.09727370875689        5.0109127270683458E-003   4.6729636436433847E-005         924 -0.22786828065104031                0
         157         158  0.17882018552997023        8.7937108552675433E-002  -4.2075652661359005E-005  0.98508624993267602        36757661.077423468        1392.7629249214128        7.3265669234464337       0.37295998910448408                0           0   127.98189873223872        7.3196607413376453E-003   3.7559187667864568E-004         860   2.4356318139508396E-002           0
         145         146  0.11284151051838727        7.1741434973604884E-002  -2.4259761104411940E-005  0.99377411918026182        37282247.763564147        1243.5743807863257        13.230650521728796       0.40350969403784204                0           0   126.18110601803033        6.7371541782910464E-003   4.3618817679052342E-004         848  0.16480020064146142                0
         405         406   8.7236661288412828E-002   5.5735761705262711E-002  -1.4072219982536795E-005  0.99445045527554632        44632234.652881853        1287.6258805654079        14.907217498367144       0.60147026391389014                0           0   105.40174145954420        7.8733128566099032E-003  0.50000000000000000             1108   1.3786937383141828                0
          51          52  0.11606384615255892        9.5064690585184505E-002  -1.2276543213329298E-004  0.98205345115529663        4872545.5793825211        334.93415447263214        2.0889792821621191       0.44151237242020253                0           0   965.47383313362923        1.9892380511386115E-004   6.5078773671020280E-003         754   4.7824083617206872E-002           0
