 122 322   1   452 101   0      0.3   0.46   4.88  5.686     0.0  -0.2385   0.0000
  -1.208671   0.000000   0.287028   0.062472  -0.571267   0.053723   0.000000   0.000000   0.000000   0.000000
   0.00000   0.00000   0.15023   0.03422   0.00000  -1.20867   0.00000   0.00000  -0.92164   0.77512   0.20854   0.00000   0.00000
 NAME(I1)    NAME(I2)    M1[M*]                    M2[M*]                    EB[NB]                    ECC                       P[Days]                   SEMI[AU]                  RI[PC]                    VI[km/s]                  K*(I1)      K*(I2)      ZN[NB]                    RP[NB]                    STEP(I1)[NB]              NAME(ICM)                 ECM[NB]                   K*(ICM)      
           3           4   8.7970317491499028E-002   4.9196061553816367E-002  -9.2897646351125171E-004  0.98018963898304645        71340.815372945974        17.361255191394889        7.5972353923200622       0.17600231621509166                0           0   65941.428242054317        1.0539810829294615E-004  0.25000000000000000              706  0.11232813432125559                0
          57          58   8.8793517676333700E-002   7.4789808565780366E-002  -1.3944536633748324E-003  0.99288618157622466        67519.482439442989        17.747571380570307        13.941412321456626       0.58579843146920196                0           0   69673.449613065080        1.0843421479498632E-004  0.50000000000000000              760   1.1541395802731529                0
          59          60  0.52934127945164156       0.11516011942956719       -3.1001072744619322E-002  0.99635260950274573        9025.0375450904266        7.3279160146024838        17.533666521965753       0.80141004661014048                0           0   521251.59969045070        4.4850020571511419E-005  0.50000000000000000              762   1.4517536027459990                0
          63          64  0.11284127030153632        5.3401276685359052E-002  -1.4468849236327175E-003  0.97984293960292113        54774.265105649982        15.520472950299069        12.010622741996292       0.39427471426320426                0           0   85885.502043175962        9.4206442072616631E-005  0.25000000000000000              766  0.23325517204126056                0
          83          84  0.10272953417562042        4.1373672231505683E-002  -1.2819188696754095E-003  0.97370419826673227        41789.837138321200        12.356008093958177        13.988529670196185       0.35142960476793661                0           0   112570.79662870750        7.4766174595093939E-005  0.50000000000000000              786  0.23223957634835868                0
          87          88  0.10306885414503236        3.0345968261083246E-002  -4.1821248241819420E-003  0.98428134930470224        4652.7998571211401        2.7870887101701558        15.225847883071287       0.30005425400906244                0           0   1011071.9141389197        1.6955045282497800E-005  0.25000000000000000              790   8.8355954266061631E-002           0
         105         106  0.12790761581087476        8.1406408734692293E-002  -3.3640542461646258E-002  0.96974758674909145        989.02684361157492        1.1534833915785283        18.443538738290922       0.33484487382193107                0           0   4756509.1767037120        6.9657331703446991E-006  0.25000000000000000              808  0.11608480148529596                0
         131         132   8.4797441590329786E-002   6.4637458177469395E-002  -7.7121942017657882E-004  0.98912831439601701        128788.41655396212        26.485513546867381        7.8516837389520582       0.45942662927652794                0           0   36527.471829531067        1.6151620773559698E-004  0.25000000000000000              834  0.12330092203741354                0
         137         138  0.13717930409073115       0.13193897190263901       -4.0334545728335997E-003  0.97817964388784162        48147.574536657077        16.722602131164937        11.784361032564865       0.16561006636089126                0           0   97706.173216745112        1.0141787278782275E-004  0.25000000000000000              840  0.66845127843509122                0
         167         168  0.11739175763496201        6.6852661947444644E-002  -1.3371095085191684E-003  0.97921691183512483        87047.450602289726        21.873015901955345        12.755821466933940       0.67262171186529940                0           0   54043.113555826756        1.3272323952673876E-004  0.25000000000000000              870  0.41894783452806283                0
         177         178  0.17518944591650459       0.15841447355487015       -4.8844045916293037E-002  0.97081544669269548        1948.4551180766894        2.1174370246531056        3.7271505305823771       0.80592551337281226                0           0   2414382.1502485364        1.2793853451865820E-005  0.25000000000000000              880  0.51014350122007690                0
         181         182  0.16494482085752635        4.8117280213717237E-002  -2.2342341753636167E-003  0.98308070947828008        38113.841390388654        13.238244572811659        5.2133489187061404       0.30681326400893766                0           0   123428.00111539195        8.0485139620415977E-005  0.25000000000000000              884   5.2536791534690930E-002           0
         193         194  0.13607741833753259        1.4509867592654014E-002  -3.3139095177587647E-004  0.98026160729439438        98477.807758994706        22.203845682541278        15.663685850568568       0.69954987824211634                0           0   47770.308506030713        1.3480179630591914E-004  0.50000000000000000              896   1.1971904572953012                0
         195         196  0.23980714281985319       0.16746154432118399       -1.7866781603804005E-002  0.96643523058497638        13874.745800257982        8.3762612435180923        11.054297040459977       0.98094802425936911                0           0   339055.96004197007        5.0498069052990366E-005  0.25000000000000000              898  0.74769129045701976                0
         207         208   9.9440827635248155E-002   5.0100703362626467E-002  -8.7683211256005204E-003  0.98112175417415370        2910.2243960466299        2.1174416066239212        3.9105209750052445       0.74539876331565280                0           0   1616478.5313583727        1.2860786271453537E-005  0.25000000000000000              910  0.45596163686228997                0
         225         226  0.11258739991983015        4.7810171057872303E-002  -9.4939383745014589E-004  0.98185672257896206        88575.957032427817        21.129198100363176        15.893545099729879       0.60861934609798218                0           0   53110.521356517827        1.2838083044770557E-004  0.50000000000000000              928   1.1142549645195194                0
         235         236   9.9158490776633662E-002   3.5661683213779022E-002  -5.1301121046354124E-003  0.96614283730650707        4095.4263718306088        2.5687641194955386        6.9956500371275130       0.29287583842386533                0           0   1148675.3345151674        1.5484037106406675E-005  0.25000000000000000              938  0.12698813955209354                0
         239         240   8.3253089810449737E-002   5.9845060969569666E-002  -7.4110620056441019E-004  0.97866503909393976        121080.59857328323        25.053451414275163        15.813856294248959       0.46861917197637087                0           0   38852.758518512826        1.5197941044801133E-004  0.25000000000000000              942  0.14847545733088735                0
         247         248  0.12867704596478571        5.6124925773135610E-002  -4.8755267774440045E-002  0.97148621675522984        348.47281385192167       0.55201979559906922        18.863259087336250       0.62095535215815800                0           0   13499805.639483234        3.3365167437779866E-006  0.25000000000000000              950  0.54681433922421097                0
         249         250   8.3325272192247987E-002   6.4931060179189190E-002  -5.9417119074347373E-003  0.97581540753508467        5929.7866670524481        3.3934150410168407        16.314996084872543       0.52264094410499173                0           0   793336.34104971308        2.0555510157367267E-005  0.50000000000000000              952   1.3354888583489122                0
         271         272  0.13618545113931463       0.10282415591629936       -1.7643068358636144E-003  0.98806680624688603        120181.93023047518        29.578155387187675        6.6565142329080071       0.50453924212293377                0           0   39143.282593508091        1.8027976026539725E-004  0.25000000000000000              974   8.5773662658857885E-002           0
         287         288   8.8414603939471620E-002   4.2704642040310346E-002  -5.8515194294090581E-004  0.98093659039144399        118941.02246670357        24.046383900145148        3.0284741787434113       0.61605869203525443                0           0   39551.663169548527        1.4603779329379048E-004  0.25000000000000000              990  0.21439707623248438                0
         291         292  0.10251315781699964        2.9651563345757474E-002  -1.1831110334550475E-003  0.98075559013170377        29765.556837160901        9.5746088155111213        9.1586234852903896       0.59171133420060695                0           0   158045.59892431262        5.8142920318824777E-005   6.2500000000000000E-002         994  0.24133864038143429                0
         303         304  0.77980953382043972       0.33783563817501155       -5.2382472905160467E-002  0.97671789874474535        28033.625192942258        18.742492285908785        5.9289931088549688       0.63516997671030273                0           0   167809.73653129677        1.1358394461059082E-004  0.25000000000000000             1006  0.23057225146109997                0
         311         312  0.16827131513595273       0.11782564957455051       -9.1314488263872420E-003  0.97485864189666582        15717.300866973132        8.0915100549741776        14.436339967463573       0.17979571772068295                0           0   299308.08714936365        4.8990345746074786E-005  0.25000000000000000             1014 -0.14215392669966312                0
         321         322  0.12252965187021556        4.0765808550071510E-002  -1.0952504619379879E-003  0.97557453106160041        63331.226025514967        16.995860241612995        16.588068305972573       0.46023835317612266                0           0   74281.133539866772        1.0293936416602254E-004  0.50000000000000000             1024  0.78521935490443007                0
         323         324  0.13577855073708561        2.1714876777924844E-002  -1.0672784058174505E-003  0.97737634574565457        30402.145619620234        10.295090097572151        11.980565475010970       0.59736581415098500                0           0   154736.29119810546        6.2411468000077191E-005  0.50000000000000000             1026  0.38852096093886657                0
         337         338  0.14234346256931027        4.8688670540606271E-002  -2.7220309402593351E-003  0.98436219341894415        24424.438780536861        9.4883723855236379        16.249350501340352       0.47844648243841797                0           0   192606.89262565569        5.7724153992768256E-005  0.50000000000000000             1040   1.5594375964694451                0
         357         358   7.9717634398698847E-002   3.5168480550120958E-002  -1.1543449013877967E-003  0.99034897964864510        29342.295402160125        9.0508997532508531        13.616034884539141       0.50993017540396268                0           0   160325.40035359471        5.5228836842580753E-005  0.50000000000000000             1060  0.89687400421883079                0
         363         364   8.0030474895858961E-002   2.5241398542184282E-002  -3.2505135387658957E-004  0.96900162088983910        125469.53716214608        23.159872534501439        9.8931038790546815       0.68362232860753658                0           0   37493.684634903126        1.3980643129274424E-004  0.50000000000000000             1066  0.47842726678999864                0
         371         372   9.0756420354949963E-002   8.9399293653254358E-002  -1.4941626717007766E-003  0.97790038526241019        78336.750524128642        20.236383406048532        7.9242697733684411       0.39353634081418154                0           0   60052.468683849453        1.2271064128272370E-004  0.50000000000000000             1074  0.20509568956346733                0
         383         384   9.3433970454860987E-002   6.5975786712685114E-002  -2.9999592269293533E-003  0.97176827062077331        19385.313257799193        7.6576121486429507        12.384521356861240       0.52953833449919574                0           0   242674.19334851863        4.6290742961604388E-005  0.50000000000000000             1086  0.51679731186618894                0
         395         396  0.10118924464727580        7.2387835402996439E-002  -4.0679476328368365E-003  0.98184110250843104        15239.121285685993        6.7103307468978812        7.3201411662760654       0.47336957477057823                0           0   308699.90266850201        4.0771591993552411E-005  0.25000000000000000             1098   5.8092442196006407E-002           0
         401         402  0.11008182267075275        8.1520559788653676E-002  -2.1754919003101718E-003  0.98946501741247106        50292.904508829961        15.372504553420699        9.4100985638466383       0.47670814140350648                0           0   93538.349069078395        9.3761781152373525E-005  0.25000000000000000             1104  0.16310314587343594                0
         219         220   5.9461379470541447        2.5291364086335988      -0.75299076982192070       0.98221912150944157        80559.862777643633        74.428097414589246        9.4109412342605374       0.25711034672121025                0           0   58395.273967004177        4.5230718866207646E-004  0.25000000000000000              922  0.17487604885662486                0
         159         160  0.52009082554844766       0.13749382338007102       -6.8562166579241961E-003  0.98252657550525302        109146.58921206869        38.868446659729038        4.8298338322365471       0.56752318081266451                0           0   43100.891119047374        2.3624417772278330E-004  0.25000000000000000              862  0.23036938586709377                0
           1           2   2.0244841138268650       0.61000484406818434       -7.0741485713423660E-002  0.98738152934187551        118081.33591071346        65.056817812538299        14.065862831745273       0.45972664726220447                0           0   39839.617509086311        3.9638661146352313E-004  0.25000000000000000              704  0.10271878748661016                0
         283         284  0.18094602805437388        8.1870494517192083E-002  -1.6064068193646895E-003  0.97697797871714775        143540.44546752289        34.366892541613126        5.2186221160501418       0.30563289159899026                0           0   32773.447527785116        2.0829891525217590E-004  0.25000000000000000              986  -4.4022969294704582E-002           0
         185         186  0.24628085064239766        6.9358336926096664E-002  -1.8551080494142963E-003  0.99057546901522908        130681.44545928008        34.314639623851313        10.086136145586382       0.56954545612647067                0           0   35998.341165507023        2.0941269287605858E-004  0.25000000000000000              888  0.25160542193281610                0
         191         192  0.17819880543248182        5.0730547014061628E-002  -8.9966543292994278E-004  0.98450778698896024        174927.64032278312        37.446621017460309        15.752349687293764       0.61898401103204637                0           0   26892.921261409472        2.2782970840593575E-004  0.25000000000000000              894  0.50378725863692264                0
          71          72  0.16939743337267674        2.6319217633798585E-002  -4.7647967898261517E-004  0.96976219828091648        170003.73667627125        34.870225322542275        10.023497522344455       0.26441606972446896                0           0   27671.834452691655        1.5082883319385277E-004  0.25000000000000000              774 -0.14206349829931628                0
          53          54  0.10539273585624893        8.3691576402142989E-002  -9.4861616487088496E-004  0.98840746126056767        171334.30925667207        34.651436372167325        12.256970339939421       0.31033362304676992                0           0   27456.936547351612        2.1096666920612941E-004  0.25000000000000000              756 -0.16947329341247963                0
         245         246  0.10614450888457336        7.9534736728126665E-002  -8.8338078697462622E-004  0.97533507163214717        180155.36208468804        35.614411017835778        12.294365741988239       0.23774739350685678                0           0   26112.546433302068        2.1568078356416255E-004  0.25000000000000000              948  0.14733793453818486                0
         331         332  0.12214104311112879        9.8521910482032543E-002  -1.1537755047203683E-003  0.97154055198387024        188414.45473505274        38.868024797675822        13.664961432574335       0.29968453212024959                0           0   24967.910579153504        2.3493249830021899E-004  0.25000000000000000             1034   2.8883209470125917E-002           0
         203         204  0.10958957416913398        5.6611292613942377E-002  -6.2817234305771752E-004  0.98494187057407623        200051.97130642890        36.805509599966030        13.042947506069865       0.17330763974078750                0           0   23515.465640870621        1.6988547057778460E-004  0.25000000000000000              906 -0.19218537726923515                0
          21          22  0.17137201111473407        1.8580527211685235E-002  -2.8964617018065918E-004  0.97725619083110171        219756.57682243298        40.968444197440832        7.7617390248808409       0.25396684989822133                0           0   21406.937283364805        1.8343950172520064E-004  0.25000000000000000              724   9.8478131923114942E-002           0
         369         370  0.35577330781196675       0.28758888866695975       -6.5923629871082615E-003  0.96841922705639494        200307.85819162280        57.839387851881206        17.339202748223038       0.48817431167625602                0           0   23485.425385280789        3.4904883910831302E-004  0.25000000000000000             1072   1.6889426831685943                0
          77          78   9.3430964505624117E-002   2.0354482771848002E-002  -1.6334883162896549E-004  0.97425183352183942        309441.22681298596        43.386459025179242        13.675598617894602       0.51465709381076608                0           0   15202.613129787858        1.8457846561722538E-004  0.25000000000000000              780  0.92544146968078367                0
         315         316  0.30834333591613694       0.21242803698149326       -3.5544000840579989E-003  0.96932722246065328        288048.63087816222        68.675120176768687        10.025210980945307       0.37812916880698016                0           0   16331.670257563481        4.1463143421502049E-004  0.25000000000000000             1018  0.23049625551156142                0
          89          90  0.20842321107894346       0.10223825271363279       -1.3435582502014560E-003  0.98702482580270168        297769.38109927031        59.104743533761280        7.2723067573958513       0.77691406475322733                0           0   15798.519109916271        3.6005640583131949E-004  0.25000000000000000              792  0.43014944860392118                0
         155         156  0.50373356431637750       0.18870347651975347       -4.6345267489272665E-003  0.98128177235206437        293320.33962033020        76.435433608783669        11.544623638442436       0.66882239733737792                0           0   16038.148816184937        4.6428632181207922E-004  0.25000000000000000              858  0.41840068555326909                0
         187         188  0.16652052450678573        4.4390738220572948E-002  -5.1200105471243477E-004  0.98740860044556455        313872.49940009229        53.803263366689940        6.9498157819320214       0.68063084327302104                0           0   14987.981637882163        1.5401396217716847E-004  0.25000000000000000              890  0.30737741894335413                0
         255         256   8.3811449474318997E-002   3.0344259974373743E-002  -1.9498774621546684E-004  0.99476358635673934        366335.73421504453        48.606227887337262        11.212301531389013       0.47397382634138158                0           0   12841.540746017587        1.7373772739312873E-004  0.25000000000000000              958  0.28439583732107587                0
          93          94   8.5361728603296438E-002   7.1347741082274679E-002  -4.1080252103106030E-004  0.97812880800934654        378910.90214675880        55.249666982163497        12.993677455079030       0.37376624544846321                0           0   12415.359998859836        1.7179347800011020E-004  0.25000000000000000              796  0.39366558769002097                0
          95          96  0.62290701776509083        9.1312241257938784E-002  -2.4693952920485560E-003  0.98241856778884384        343712.92695116811        85.838268109883174        10.422297274031576       0.63687331287026216                0           0   13686.756850763173        3.0804850173919680E-004   3.2763920267558173E-005         798  0.38383878237369590                0
          67          68  0.52597586808430075       0.46375414949012228       -9.5351984985231255E-003  0.98266064699714351        341740.68956755206        95.332992401100725        16.789327010881905       0.39032705021061370                0           0   13765.745201713413        5.7947742737167690E-004  0.25000000000000000              770  0.11796797548937069                0
         213         214   8.6717284611907239E-002   1.7710005955573944E-002  -1.1427078035879827E-004  0.98213695314694749        400632.33674856107        50.085097135765906        8.0639237723736858       0.36757973763338259                0           0   11742.225542311169        1.5552041722878169E-004  0.25000000000000000              916  0.17905794859784468                0
         313         314  0.11479116130453372        5.7685466757393881E-002  -3.9453446450446250E-004  0.99253727403468150        435049.79924732697        62.547398305763593        4.7645740337365963       0.38434296733548357                0           0   10813.279918261374        1.7042172232509015E-004  0.25000000000000000             1016   9.2268301413510237E-002           0
         365         366  0.29906545429998188       0.27572229150032296       -3.4223050706489746E-003  0.97703614846779008        409915.73603235272        89.792227251814452        13.489461607077189       0.28890304763142505                0           0   11476.298283102440        5.4424978456707430E-004  0.25000000000000000             1068 -0.23237262914373374                0
         201         202  0.41909726131645580       0.36316033186407948       -5.4401348907038797E-003  0.97784193266974673        439642.50440806977        104.26124217537117        13.368689711121625       0.39187042249173015                0           0   10700.319487940789        6.3220712582260643E-004  0.25000000000000000              904   4.8139982118892900E-002           0
         171         172  0.11855449161888632       0.10910379859810015       -6.3808363105355751E-004  0.99690688946593098        502629.43037454027        75.543937317710842        2.8685701130687842       0.23063242343692439                0           0   9359.4106778413025        1.6222029374787257E-004  0.25000000000000000              874  -8.1862681321556413E-002           0
         347         348  0.19457293008789711        9.8264029982305379E-002  -8.4213227326918961E-004  0.97623178622328566        525292.62380639045        84.608893442837001        5.7586577771288443       0.44262861852188190                0           0   8955.6088253366652        5.1262384884362530E-004   6.2500000000000000E-002        1050  0.17551416376541723                0
         343         344   9.9716206803828866E-002   3.9838043689421537E-002  -1.9541286924161294E-004  0.98547806040898511        644708.77578794607        75.758248904357316        17.379586929206599       0.66774914943541130                0           0   7296.8066114739531        4.6110969753691106E-004  0.25000000000000000             1046   1.8188172828828684                0
          55          56   8.3915877860446200E-002   1.7498204653530233E-002  -7.7740196882517218E-005  0.96898154446861051        677342.13462491788        70.390059717499767        13.568869065600865       0.14757494032406393                0           0   6945.2570823012566        1.8325936041652929E-004  0.25000000000000000              758 -0.19794570166123937                0
          99         100  0.11123848720615616        3.9011678252708890E-002  -1.9764343022701515E-004  0.98119635498491209        697449.45099556562        81.825121918085514        10.505875309045527       0.54327770281004251                0           0   6745.0268272914218        1.9609050585244134E-004  0.25000000000000000              802  0.14321344227882768                0
         391         392  0.13558686976987694        5.7578981684498085E-002  -2.5446740011902898E-004  0.98428057182237338        1015963.8259505472        114.33226250480101        12.623439279590499       0.37327390636905744                0           0   4630.3964151906221        1.9855493643177781E-004  0.25000000000000000             1094  0.14403006561469550                0
         385         386  0.12648191059682606        5.9749107023494945E-002  -2.5030111744847215E-004  0.99192399726360403        1010156.8010307509        112.51654391747591        14.077744542411317       0.28180062917203397                0           0   4657.0148840700185        1.9971473045980897E-004  0.25000000000000000             1088  -1.0750836003470918E-002           0
          41          42  0.11122608390456809        8.6847116325004775E-002  -3.0034655602715249E-004  0.97689552612968544        1076875.4069236529        119.85571002551679        3.5724276926055505       0.81630574815217216                0           0   4368.4861102769009        1.9934720720389158E-004  0.25000000000000000              744  0.51197250876722034                0
         345         346  0.55774375829353751       0.47607345656862060       -4.7923803546830179E-003  0.97923176074338625        1065819.0059203701        206.47940675782556        2.2860191513543775       0.23542239379013175                0           0   4413.8031237137029        1.2529054742208931E-003  0.50000000000000000             1048  -3.1073484138096817E-002           0
          73          74  0.94128231410560004       0.69908498357263338       -1.0547991353088345E-002  0.98595090542721642        1010924.7705775029        232.48741209934116        13.657862433804622       0.46710231260854534                0           0   4653.4770880699325        1.4155097427745917E-003  0.25000000000000000              776  0.32386654945000337                0
         285         286   8.9462339041284894E-002   4.2834040765278178E-002  -1.2838168338598593E-004  0.97556116315563901        1178106.6063545495        111.23605151706303        8.6618971066975146       0.64894395814702144                0           0   3993.1150816660524        1.4410236536712358E-004  0.25000000000000000              988  0.21721523446491814                0
         293         294  0.55382231722128972       0.12326253909399966       -1.3046202120956597E-003  0.97555013427591697        1208714.8768618368        195.00098063437505        13.143941017705012       0.45850655478926172                0           0   3891.9974823661364        1.1809822740092247E-003  0.25000000000000000              996  0.99356966308234806                0
         123         124  0.67985937278035102       0.12376754478802159       -1.4259437356367586E-003  0.97763450747397851        1328700.8239903566        219.90890269502705        10.096083575759197       0.52507990552531880                0           0   3540.5376234484115        1.3330674591925293E-003  0.25000000000000000              826  0.34891111742762149                0
           7           8  0.10772050310063933        1.1526931384030817E-002  -3.7943697728780554E-005  0.99082248886431246        1424470.1409572540        121.95279694780302        9.0940459242437868       0.43054419030746355                0           0   3302.5018372680170        1.6260639909577266E-004  0.25000000000000000              710  -2.5305018960556466E-002           0
         355         356  0.32294731613854971       0.22153041596011064       -1.4146791448691402E-003  0.98835597978780254        1280677.5733209376        188.46314208734015        6.9302915254615023       0.41251281050030225                0           0   3673.3018174480535        1.1488556879049804E-003  0.25000000000000000             1058   6.7121097772244176E-002           0
         117         118  0.40216802461087314       0.11268199431891886       -9.3948131643061938E-004  0.97690707695788359        1226845.1060164988        179.76007936485891        14.874122806689559       0.56615402105809998                0           0   3834.4818221751120        1.0894929361876689E-003  0.25000000000000000              820  0.95943769139727952                0
          85          86   8.0567479673496034E-002   7.0359839832317903E-002  -1.6540594186675728E-004  0.98642166572395873        1357017.8794508749        127.71821781941760        6.6973880255012634       0.29488365311924997                0           0   3466.6567986181526        1.9401392259058692E-004  0.25000000000000000              788  -7.2736588736637853E-002           0
          47          48   9.8900608463481726E-002   3.1153535981132970E-002  -9.0443949087021743E-005  0.96929450295796848        1448762.9164048610        126.95392421516813        16.015926793480745       0.82392889247012990                0           0   3247.1256714098058        1.9207619232510233E-004  0.25000000000000000              750  0.40683201296952631                0
         387         388  0.11696728908539532        8.3148869844046139E-002  -2.2937123029039515E-004  0.98800894126626404        1621813.4443123860        158.01603758667758        7.8607954056613893       0.44076811008617867                0           0   2900.6512889275568        9.5260829592558501E-004   7.9735631713444773E-005        1090  0.20003703667107986                0
         103         104   9.4240900685283069E-002   8.1646476448274677E-002  -1.9581474411928143E-004  0.97430932578693863        1543295.6101144454        146.43699954217337        6.4164969802436032       0.16588067771615553                0           0   3048.2269416265021        8.8618227905427590E-004  0.25000000000000000              806  -4.3775414718359190E-002           0
         215         216   9.9764396033006283E-002   5.7531129034738331E-002  -1.3467170227244636E-004  0.99202500142069505        1843377.2888768672        158.82594977762659        17.530387348169864       0.27460745417938820                0           0   2552.0089056272404        1.9606910170443681E-004  0.25000000000000000              918 -0.28021027112905827                0
          65          66   8.1196656538748205E-002   3.2700733033609646E-002  -6.2627861262289943E-005  0.98184767372588766        2149336.5504112290        157.99647215383459        10.325062777979724       0.55302150676108974                0           0   2188.7290088398181        1.9363885980735446E-004  0.25000000000000000              768  0.14613375695766845                0
          15          16  0.12041882448822794        4.7134796559794988E-002  -1.1370748620294229E-004  0.97825164521118502        2263928.7909641471        186.02285177799217        12.046819589153987       0.56856053085535574                0           0   2077.9431210119114        1.1281688166013199E-003  0.25000000000000000              718  0.22038330680131166                0
         243         244  0.10897784068549871        6.2870305948584129E-002  -1.2688985103554134E-004  0.99345305026723485        2514966.0648626112        201.22235189126619        11.652988318228791       0.34321373777108583                0           0   1870.5283237695505        1.2297376519750148E-003  0.25000000000000000              946   8.9807983668389657E-002           0
          37          38  0.10983277472157330        9.0349772612143470E-002  -1.6313461273031012E-004  0.98167519740275366        2786284.6185355540        226.68993556755197        15.947066577543978       0.58216718134137502                0           0   1688.3828831949368        1.3772225981147541E-003  0.25000000000000000              740  -8.3032398941064678E-002           0
         403         404  0.17519688796893346        3.8994197612049461E-002  -1.0593117415715309E-004  0.98389938063122073        2940508.3514104602        240.33771383328153        13.309146927961288       0.46806592768991201                0           0   1599.8306059522893        1.4549683327336148E-003   7.5691054226432563E-004        1106  0.13059684235722591                0
         127         128  0.41687934908818136       0.27898104023835063       -1.0601324713850049E-003  0.99434194081511351        3619474.9262651657        408.83142482301037        11.670521761014125       0.23171138941224553                0           0   1299.7231237899509        2.4997052625840904E-003  0.25000000000000000              830   2.8455093938320047E-002           0
         217         218   8.1228311512873880E-002   6.5270211912634449E-002  -8.4864059256294254E-005  0.97696892315676265        3390006.8490829859        232.81876606981328        15.222274952476532       0.78278997603459943                0           0   1387.7008121435813        1.4110585494170628E-003  0.25000000000000000              920  0.28220928062263206                0
         175         176   8.2952047495663137E-002   3.6571247402372269E-002  -5.1727618813550777E-005  0.99014083022655897        3413575.7599297925        218.55650299315403        15.350070741418563       0.57363541696582032                0           0   1378.1194818835711        1.3058016091194004E-003   1.9185470412053293E-003         878   3.9681880440092437E-002           0
         143         144  0.25022565110097550       0.15769561095085233       -3.9893226177458845E-004  0.97378367469115990        4047244.7606835263        368.61381757316616        8.2034912992877871       0.62565590691114836                0           0   1162.3500766111972        2.2305190603367172E-003  0.25000000000000000              846  0.20764582232529960                0
          61          62  0.16574606629006447        5.1105325148539382E-002  -1.0680914848388477E-004  0.98146224652464376        3985102.7316611102        295.54272204541036        9.1943245479910409       0.42637652184539887                0           0   1180.4752786595950        1.7952874583487142E-003  0.25000000000000000              764  0.31608983273340452                0
          29          30   9.2064989403419284E-002   3.8673592252436655E-002  -4.8326417632826574E-005  0.98790084533106615        4595724.3541263249        274.56410217347485        5.9994505477742246       0.78720718827772518                0           0   1023.6286807368981        1.6733196375634911E-003  0.25000000000000000              732  0.46449174362718099                0
         237         238  0.17519413512811899        4.8620481183886892E-002  -9.6133046925272949E-005  0.99516489023133436        4632593.2409340926        330.20636827131904        17.709927694923412       0.55588706500412788                0           0   1015.4820449326151        1.9984115928462558E-004  0.25000000000000000              940  0.71367336672422255                0
         147         148  0.31456825641218544       0.25964081492902225       -6.6243600918377415E-004  0.98456015427272825        4747337.3481747657        459.47645601886813        15.638659336622791       0.45724260909053049                0           0   990.93763780099937        1.9668248657376449E-004  0.25000000000000000              850  0.11996882272031537                0
         399         400  0.17014458503807270        6.6018282057290864E-002  -2.6982662224977082E-005  0.99085259134566217        45926119.692097940        1551.3753622608201        10.488855853028713       0.23898742176721197                0           0   102.43223876051060        8.0575054923816766E-003   5.1679816365144990E-005        1102 -0.15282386423673269                0
         281         282   8.0478030877779258E-002   1.6466831233086777E-002  -1.7957705155170181E-005  0.98262619305460641        5350096.7919874387        275.01467926221562        14.544111802635884       0.52223194475726986                0           0   879.29535493454455        1.0774867338723840E-003   9.5170030410256538E-004         984  0.45032067492200911                0
          45          46   8.6894120985331738E-002   8.6164685909330241E-002  -8.2040856412477007E-005  0.98387083180607882        5506893.1944410549        340.10174038637848        9.4696825195835910       0.60398421437321637                0           0   854.25939664011355        2.0685513436049150E-003  0.25000000000000000              748  0.51240768374712675                0
         161         162   9.3309048906446132E-002   9.2827486138433946E-002  -9.1370926302936943E-005  0.98808715218258025        5621366.5203478541        353.27398762761845        7.6609587365491851       0.50997662744445404                0           0   836.86328593170208        1.4972822388987748E-003   8.1592165241651366E-004         864  0.15862300707572341                0
         309         310  0.10545420084030525        5.3264404142991120E-002  -5.7855495593977865E-005  0.98363597107776712        6309425.5400360068        361.80592593708820        13.681775545984452       0.52213531177188333                0           0   745.60120058377254        2.2003001492994592E-003  0.25000000000000000             1012  -2.5396829482585481E-002           0
         189         190  0.11107991559331475        5.1209466390144058E-002  -5.9401457297079668E-005  0.98671314114777653        6112335.9088638304        356.86834591407722        18.314738357619955       0.14093821116472527                0           0   769.64278923590894        2.1736268209196817E-003  0.25000000000000000              892 -0.14500221113593342                0
         289         290  0.10428359770713377        2.3242149003040714E-002  -2.7029419066845466E-005  0.98098580603087771        6248181.7442380693        334.17573432894892        14.720332183411626       0.16505182716551262                0           0   752.90947834271549        1.8256357337480002E-003   1.0705505304545036E-003         992  -5.9487260928550688E-002           0
         115         116   9.5073144526220191E-002   4.6025486525321645E-002  -4.6726263478262970E-005  0.98361077625756288        6339435.9430684811        348.99124241529205        10.807126157153865       0.44337326093795576                0           0   742.07158174513086        2.1223306805025111E-003  0.25000000000000000              818  0.19398820049323082                0
         223         224  0.13901763968801717        6.0776114313866474E-002  -7.7059145007532805E-005  0.98944389965946222        6749106.1263235407        408.59965048088577        8.0674508319386806       0.39775486150912348                0           0   697.02789815328583        2.4227923861163438E-003   1.0054109119097896E-003         926  0.15482304837782362                0
         299         300   9.2079428251349071E-002   8.2023039557947389E-002  -6.9096447822587895E-005  0.98687521994288230        7196658.4660410257        407.34471663191073        17.350731663587073       0.12398638867660551                0           0   653.68049350168303        2.4720762514791523E-003   1.0843557618187962E-003        1002 -0.35671195791873878                0
         199         200  0.11230093762090229        4.7925291740752780E-002  -4.9845320530023470E-005  0.98557578802919299        7365259.5215128316        402.38621163417127        12.886814311614410       0.24526349637707373                0           0   638.71683596540686        2.4494184751019071E-003  0.25000000000000000              902  0.84835277180365698                0
         373         374  0.15845034820673778       0.15233439132851201       -1.7085446636171077E-004  0.97953025646844583        7914739.4166262299        526.48276579368326        6.9899702305462128       0.45509829299103421                0           0   594.37399136130307        1.7020077655356754E-003   3.3397782923153240E-004        1076  0.13943451357648801                0
          69          70  0.10464422723177559       0.10349050793134676       -8.6377732787562200E-005  0.98042651398566583        8085705.8082159301        467.23280664956275        12.308984997706235       0.18219131467841884                0           0   581.80638391081243        2.8368343572848856E-003  0.25000000000000000              772 -0.15163496374690266                0
         267         268  0.11152016154947933        1.9237634443879208E-002  -2.0549702745107168E-005  0.97571082811259091        7751481.2961173020        389.06203117082487        4.7414320070252742       0.52418829765362718                0           0   606.89242196857822        2.3283708327186832E-003   6.0020997621684194E-004         970  0.14406181536461610                0
         183         184  0.10185732075756881        5.4219839429199369E-002  -4.3501526109915299E-005  0.97495379763852641        9514117.8152576070        473.11347595703529        16.733534938090173       0.32473041660883173                0           0   494.45627529444124        1.6462730311108560E-003   5.9017881667323629E-005         886   1.2662035606747115                0
         265         266   8.4095384718170976E-002   3.6296916915751078E-002  -2.5177785664537338E-005  0.98208214607493793        10108958.658106787        451.79737468788608        6.3866621294027039       0.45088041411188906                0           0   465.36101459591782        4.9812447315276758E-004   2.8291058350599942E-004         968  0.24374528686166508                0
         367         368  0.20322917187314732       0.17631903439505672       -1.9839463276004525E-004  0.98271374533262823        10353060.410641531        673.09236368976349        16.763874275579486       0.55632487940450592                0           0   454.38885421834971        2.2024477303881490E-003   1.7409528784035822E-004        1070   1.6132316210667774                0
         305         306   8.5255713978393793E-002   1.6586699482616780E-002  -1.1931200371230782E-005  0.97557216214542408        10624387.113807641        441.69112072417624        14.186689906146828       0.31094733686378645                0           0   442.78462439785847        2.6751951435917505E-003  0.25000000000000000             1008  0.11464206239941425                0
         325         326  0.14296285691723640        1.8018411898666035E-002  -1.7591034512000332E-005  0.98525910189351285        11605238.715074902        545.71725305743564        6.1437834488428038       0.33845605828971920                0           0   405.36135215676182        1.9976652747874619E-004   6.2500000000000000E-002        1028   2.7287412659396795E-002           0
         119         120  0.12744757891135747        8.2887871857059842E-002  -6.3848789170769046E-005  0.98269985033698937        12193204.574003790        616.57973866081329        6.3481677348338161       0.27970065540876332                0           0   385.81451078697370        3.7479255214838184E-003  0.25000000000000000              822   2.5921113906986593E-002           0
         133         134  0.13034205300579016        4.8697333779162973E-002  -3.8327472985841907E-005  0.98105925680731487        13234705.146818187        617.16159243547747        9.5544888619472879       0.40050055184819283                0           0   355.45297046347486        3.5849743773873500E-003   6.4806074499213797E-004         836  0.23924555822344154                0
          17          18   8.8310858010865509E-002   3.6165089814597706E-002  -2.2321003472730643E-005  0.98140412768925933        12747100.610456508        533.22349031307033        9.9812513660550177       0.37651007899802830                0           0   369.04982563531280        3.2391129273980847E-003  0.25000000000000000              720  -4.7352321481176241E-002           0
         275         276  0.13196141201412448        6.9014568623332620E-002  -4.7734127133411756E-005  0.97882542296642516        15446684.276308807        711.01388563511421        12.269028701153596       0.40953264336603645                0           0   304.55178428550897        4.2772613745042905E-003   3.3072003585001990E-004         978  0.41882405056562044                0
         221         222  0.10685030920939192        6.9974509155263417E-002  -3.1626760712939132E-005  0.98399201873014730        22713759.095931835        881.00884248703653        11.484698217800231       0.17323225995880695                0           0   207.11302069270130        1.2003261257978947E-003   2.3861895167060165E-005         924 -0.22934412079167099                0
         157         158  0.17882018552997023        8.7937108552675433E-002  -4.2075672512585577E-005  0.98508829646045581        36757635.064129010        1392.7622678183711        7.3497808258545287       0.37357887080515184                0           0   127.98198930473640        5.2516950034673946E-003   1.5949770979699007E-004         860   2.5060664099593566E-002           0
         145         146  0.11284151051838727        7.1741434973604884E-002  -2.4259730717466921E-005  0.99377103374535392        37282317.811371833        1243.5759384469106        13.129799791249749       0.40513945358482245                0           0   126.18086894291359        4.2281927105683311E-003   1.7342126945553768E-004         848  0.16506752046606704                0
         405         406   8.7236661288412828E-002   5.5735761705262711E-002  -1.4072245667668156E-005  0.99445372047850422        44632112.456576385        1287.6235303477763        14.977045974538040       0.59567893254919946                0           0   105.40203003435475        4.1181063884156545E-003   1.9561928995129660E-004        1108   1.3785503603905322                0
          51          52  0.11606384615255892        9.5064690585184505E-002  -1.2275804437135990E-004  0.98216010041314217        4872985.4415746760        334.95431130886374        2.2295922250416504       0.44183689198414278                0           0   965.38668420987369        1.1817280913593094E-003   2.1238780755916840E-005         754   4.8090292952898073E-002           0
