 1021828   1   373 170   0      1.8   7.73   4.63  7.226     0.0  -0.2148   0.0000
  -1.117539   0.000000   0.245505   0.096985  -0.663599   0.060150   0.000000   0.000000   0.000000   0.000000
   0.00000   0.00000   0.14018   0.03050   0.00000  -1.11754   0.00000   0.00000  -0.87203   0.66276   0.19180   0.00000   0.00000
 NAME(I1)    NAME(I2)    M1[M*]                    M2[M*]                    EB[NB]                    ECC                       P[Days]                   SEMI[AU]                  RI[PC]                    VI[km/s]                  K*(I1)      K*(I2)      ZN[NB]                    RP[NB]                    STEP(I1)[NB]              NAME(ICM)                 ECM[NB]                   K*(ICM)      
           3           4   8.7970317491499028E-002   4.9196061553816367E-002  -9.2897646351125171E-004  0.98018963898304645        71340.815372945974        17.361255191394889        4.1117365612430792       0.21657519844075893                0           0   65941.428242054317        1.0539810829294615E-004  0.50000000000000000              706   6.7450481902987677E-002           0
          59          60  0.52934127945164156       0.11516011942956719       -3.1001072744619322E-002  0.99635260950274573        9025.0375450904266        7.3279160146024838        13.519244103985164       0.93255877412491384                0           0   521251.59969045070        4.4850020571511419E-005  0.50000000000000000              762   1.3848985289256615                0
          63          64  0.11284127030153632        5.3401276685359052E-002  -1.4468849236327175E-003  0.97984293960292113        54774.265105649982        15.520472950299069        12.843040810194131       0.36643590832830780                0           0   85885.502043175962        9.4206442072616631E-005  0.25000000000000000              766  0.19057593659257560                0
          83          84  0.10272953417562042        4.1373672231505683E-002  -1.2819188696754095E-003  0.97370419826673227        41789.837138321200        12.356008093958177        15.905073541823509       0.43187669085834046                0           0   112570.79662870750        7.4766174595093939E-005  0.50000000000000000              786  0.30818036537630977                0
         131         132   8.4797441590329786E-002   6.4637458177469395E-002  -7.7121942017657882E-004  0.98912831439601701        128788.41655396212        26.485513546867381        7.1403682042071894       0.50104811054136511                0           0   36527.471829531067        1.6151620773559698E-004   7.8125000000000000E-003         834  0.15081632670017689                0
         137         138  0.13717930409073115       0.13193897190263901       -4.0334545728335997E-003  0.97817964388784162        48147.574536657077        16.722602131164937        8.1241078826851254       0.34020558750528274                0           0   97706.173216745112        1.0141787278782275E-004  0.50000000000000000              840  0.59694664089702754                0
         167         168  0.11739175763496201        6.6852661947444644E-002  -1.3371095085191684E-003  0.97921691183512483        87047.450602289726        21.873015901955345        13.908438150334357       0.70427433755960545                0           0   54043.113555826756        1.3272323952673876E-004  0.25000000000000000              870  0.41154333640541402                0
         177         178  0.17518944591650459       0.15841447355487015       -4.8844045916293037E-002  0.97081544669269548        1948.4551180766894        2.1174370246531056        1.2892162592560035       0.79590185487716225                0           0   2414382.1502485364        1.2793853451865820E-005  0.25000000000000000              880  0.48243411574463302                0
         181         182  0.16494482085752635        4.8117280213717237E-002  -2.2342341753636167E-003  0.98308070947828008        38113.841390388654        13.238244572811659        3.5178710438064167       0.34131666635477409                0           0   123428.00111539195        8.0485139620415977E-005  0.50000000000000000              884   3.0058105382147732E-002           0
         193         194  0.13607741833753259        1.4509867592654014E-002  -3.3139095177587647E-004  0.98026160729439438        98477.807758994706        22.203845682541278        15.050238016706521       0.80095900827910438                0           0   47770.308506030713        1.3480179630591914E-004  0.50000000000000000              896   1.0775143191449978                0
         195         196  0.23980714281985319       0.16746154432118399       -1.7866781603804005E-002  0.96643523058497638        13874.745800257982        8.3762612435180923        11.402283036942087        1.0317107731195940                0           0   339055.96004197007        5.0498069052990366E-005  0.50000000000000000              898  0.79526754018481371                0
         207         208   9.9440827635248155E-002   5.0100703362626467E-002  -8.7683211256005204E-003  0.98112175417415370        2910.2243960466299        2.1174416066239212        2.4449555776466974       0.72025298004173544                0           0   1616478.5313583727        1.2860786271453537E-005  0.25000000000000000              910  0.45445036301598690                0
         225         226  0.11258739991983015        4.7810171057872303E-002  -9.4939383745014589E-004  0.98185672257896206        88575.957032427817        21.129198100363176        14.972932677602149       0.75460857261159542                0           0   53110.521356517827        1.2838083044770557E-004  0.50000000000000000              928   1.0216862999176437                0
         235         236   9.9158490776633662E-002   3.5661683213779022E-002  -5.1301121046354124E-003  0.96614283730650707        4095.4263718306088        2.5687641194955386        3.0097828289192101       0.33993445169500691                0           0   1148675.3345151674        1.5484037106406675E-005  0.12500000000000000              938   9.0842477650593681E-002           0
         249         250   8.3325272192247987E-002   6.4931060179189190E-002  -5.9417119074347373E-003  0.97581540753508467        5929.7866670524481        3.3934150410168407        15.491325076767188       0.41512848363660115                0           0   793336.34104971308        2.0555510157367267E-005  0.25000000000000000              952   1.2426482787293665                0
         271         272  0.13618545113931463       0.10282415591629936       -1.7643068358636144E-003  0.98806680624688603        120181.93023047518        29.578155387187675        6.6650136647694236       0.47698522740143012                0           0   39143.282593508091        1.8027976026539725E-004  0.50000000000000000              974   9.3501324298412875E-002           0
         287         288   8.8414603939471620E-002   4.2704642040310346E-002  -5.8515194294090581E-004  0.98093659039144399        118941.02246670357        24.046383900145148        1.7727718293312258       0.59769989939040646                0           0   39551.663169548527        1.4603779329379048E-004  0.25000000000000000              990  0.19480359413830323                0
         291         292  0.10251315781699964        2.9651563345757474E-002  -1.1831110334550475E-003  0.98075559013170377        29765.556837160901        9.5746088155111213        11.883578657018544       0.58856437199425238                0           0   158045.59892431262        5.8142920318824777E-005   3.1250000000000000E-002         994  0.23383958431543289                0
         303         304  0.77980953382043972       0.33783563817501155       -5.2382472905160467E-002  0.97671789874474535        28033.625192942258        18.742492285908785        5.0324326778679094       0.63140586496494411                0           0   167809.73653129677        1.1358394461059082E-004  0.25000000000000000             1006  0.23034737296254221                0
         311         312  0.16827131513595273       0.11782564957455051       -9.1314488263872420E-003  0.97485864189666582        15717.300866973132        8.0915100549741776        15.869300137406951       0.15117409109039665                0           0   299308.08714936365        4.8990345746074786E-005  0.50000000000000000             1014 -0.12987078823886361                0
         321         322  0.12252965187021556        4.0765808550071510E-002  -1.0952504619379879E-003  0.97557453106160041        63331.226025514967        16.995860241612995        16.662572683535618       0.41330361291128398                0           0   74281.133539866772        1.0293936416602254E-004  0.50000000000000000             1024  0.71930940689828549                0
         323         324  0.13577855073708561        2.1714876777924844E-002  -1.0672784058174505E-003  0.97737634574565457        30402.145619620234        10.295090097572151        13.353288048995363       0.67663502273077059                0           0   154736.29119810546        6.2411468000077191E-005  0.25000000000000000             1026  0.36414104857355079                0
         337         338  0.14234346256931027        4.8688670540606271E-002  -2.7220309402593351E-003  0.98436219341894415        24424.438780536861        9.4883723855236379        13.219028262904104       0.40727547818522769                0           0   192606.89262565569        5.7724153992768256E-005  0.50000000000000000             1040   1.4560542095078057                0
         363         364   8.0030474895858961E-002   2.5241398542184282E-002  -3.2505135387658957E-004  0.96900162088983910        125469.53716214608        23.159872534501439        12.390581228627312       0.71609297238074110                0           0   37493.684634903126        1.3980643129274424E-004  0.50000000000000000             1066  0.54691393339891559                0
         371         372   9.0756420354949963E-002   8.9399293653254358E-002  -1.4941626717007766E-003  0.97790038526241019        78336.750524128642        20.236383406048532        9.8210646959990271       0.48409782892369635                0           0   60052.468683849453        1.2271064128272370E-004  0.50000000000000000             1074  0.26896601094660538                0
         383         384   9.3433970454860987E-002   6.5975786712685114E-002  -2.9999592269293533E-003  0.97176827062077331        19385.313257799193        7.6576121486429507        11.135589643471876       0.45859266728676296                0           0   242674.19334851863        4.6290742961604388E-005  0.50000000000000000             1086  0.46641122429147847                0
         395         396  0.10118924464727580        7.2387835402996439E-002  -4.0679476328368365E-003  0.98184110250843104        15239.121285685993        6.7103307468978812        8.4827558478271001       0.49461299557990718                0           0   308699.90266850201        4.0771591993552411E-005  0.50000000000000000             1098   6.1085420134307580E-002           0
         401         402  0.11008182267075275        8.1520559788653676E-002  -2.1754919003101718E-003  0.98946501741247106        50292.904508829961        15.372504553420699        8.0380930613119101       0.40446671254376904                0           0   93538.349069078395        9.3761781152373525E-005  0.50000000000000000             1104  0.13808034098670499                0
         219         220   5.9461379470541447        2.5291364086335988      -0.75299076982192070       0.98221912150944157        80559.862777643633        74.428097414589246        6.7420092135777629       0.18116297414348961                0           0   58395.273967004177        4.5230718866207646E-004  0.50000000000000000              922  0.12493251052231982                0
         159         160  0.52009082554844766       0.13749382338007102       -6.8562166579241961E-003  0.98252657550525302        109146.58921206869        38.868446659729038        3.2819703288882853       0.57754588242375926                0           0   43100.891119047374        2.3624417772278330E-004  0.25000000000000000              862  0.17668053554373170                0
           1           2   2.0244841138268650       0.61000484406818434       -7.0741485713423660E-002  0.98738152934187551        118081.33591071346        65.056817812538299        15.335948831640964       0.49729120867345589                0           0   39839.617509086311        3.9638661146352313E-004  0.50000000000000000              704  0.12663585912776479                0
         283         284  0.18094602805437388        8.1870494517192083E-002  -1.6064068193646895E-003  0.97697797871714775        143540.44546752289        34.366892541613126        4.8443939280573129       0.28062696802093656                0           0   32773.447527785116        2.0829891525217590E-004   6.2500000000000000E-002         986  -5.1890866417172887E-002           0
         185         186  0.24628085064239766        6.9358336926096664E-002  -1.8551080494142963E-003  0.99057546901522908        130681.44545928008        34.314639623851313        9.4806724787312326       0.52148882411373088                0           0   35998.341165507023        2.0941269287605858E-004  0.50000000000000000              888  0.21733815672956702                0
         191         192  0.17819880543248182        5.0730547014061628E-002  -8.9966543292994278E-004  0.98450778698896024        174927.64032278312        37.446621017460309        17.402682431625237       0.63209118551370536                0           0   26892.921261409472        2.2782970840593575E-004  0.25000000000000000              894  0.46973971397932301                0
          71          72  0.16939743337267674        2.6319217633798585E-002  -4.7647967898261517E-004  0.96976219828091648        170003.73667627125        34.870225322542275        10.948320568325292       0.27873368886320044                0           0   27671.834452691655        1.5082883319385277E-004  0.25000000000000000              774 -0.11736521889713551                0
          53          54  0.10539273585624893        8.3691576402142989E-002  -9.4861616487088496E-004  0.98840746126056767        171334.30925667207        34.651436372167325        13.565258279950157       0.24271955482736726                0           0   27456.936547351612        2.1096666920612941E-004  0.50000000000000000              756 -0.17310176233501764                0
         245         246  0.10614450888457336        7.9534736728126665E-002  -8.8338078697462622E-004  0.97533507163214717        180155.36208468804        35.614411017835778        10.094661788214854       0.14192726359410171                0           0   26112.546433302068        2.1568078356416255E-004  0.50000000000000000              948  0.11134248791556729                0
         331         332  0.12214104311112879        9.8521910482032543E-002  -1.1537755047203683E-003  0.97154055198387024        188414.45473505274        38.868024797675822        15.397868152649529       0.28909904520285912                0           0   24967.910579153504        2.3493249830021899E-004  0.50000000000000000             1034   6.9191257414032148E-002           0
         203         204  0.10958957416913398        5.6611292613942377E-002  -6.2817234305771752E-004  0.98494187057407623        200051.97130642890        36.805509599966030        14.387424458514893       0.11821122721850280                0           0   23515.465640870621        1.6988547057778460E-004  0.50000000000000000              906 -0.16881702957989253                0
          21          22  0.17137201111473407        1.8580527211685235E-002  -2.8964617018065918E-004  0.97725619083110171        219756.57682243298        40.968444197440832        4.3121411116055546       0.24029242095534126                0           0   21406.937283364805        1.8343950172520064E-004  0.50000000000000000              724   6.9442751835934402E-002           0
         369         370  0.35577330781196675       0.28758888866695975       -6.5923629871082615E-003  0.96841922705639494        200307.85819162280        57.839387851881206        14.327611136612092       0.42333992100188805                0           0   23485.425385280789        3.4904883910831302E-004  0.50000000000000000             1072   1.5699260548482623                0
          77          78   9.3430964505624117E-002   2.0354482771848002E-002  -1.6334883162896549E-004  0.97425183352183942        309441.22681298596        43.386459025179242        10.860849183736034       0.58134955295681157                0           0   15202.613129787858        1.8457846561722538E-004  0.50000000000000000              780  0.84351961428991618                0
         315         316  0.30834333591613694       0.21242803698149326       -3.5544000840579989E-003  0.96932722246065328        288048.63087816222        68.675120176768687        8.1657142070503053       0.41881203695891639                0           0   16331.670257563481        4.1463143421502049E-004   3.1250000000000000E-002        1018  0.22791227722663171                0
          89          90  0.20842321107894346       0.10223825271363279       -1.3435582502014560E-003  0.98702482580270168        297769.38109927031        59.104743533761280        7.3589133508534070       0.75657763470817163                0           0   15798.519109916271        3.6005640583131949E-004  0.50000000000000000              792  0.39902343453364741                0
         155         156  0.50373356431637750       0.18870347651975347       -4.6345267489272665E-003  0.98128177235206437        293320.33962033020        76.435433608783669        10.426397675238999       0.74465644467987846                0           0   16038.148816184937        4.6428632181207922E-004  0.50000000000000000              858  0.46009080939077274                0
         187         188  0.16652052450678573        4.4390738220572948E-002  -5.1200105471243477E-004  0.98740860044556455        313872.49940009229        53.803263366689940        6.7181622227551845       0.66611685368866458                0           0   14987.981637882163        1.5401396217716847E-004  0.50000000000000000              890  0.29421828319528587                0
         255         256   8.3811449474318997E-002   3.0344259974373743E-002  -1.9498774621546684E-004  0.99476358635673934        366335.73421504453        48.606227887337262        9.7091396830707648       0.45198688185701014                0           0   12841.540746017587        1.7373772739312873E-004  0.50000000000000000              958  0.23772387284827676                0
          93          94   8.5361728603296438E-002   7.1347741082274679E-002  -4.1080252103106030E-004  0.97812880800934654        378910.90214675880        55.249666982163497        10.451521327544016       0.48221381050341494                0           0   12415.359998859836        1.7179347800011020E-004  0.50000000000000000              796  0.35194982388559504                0
          95         546  0.62290701776509083       0.52092362269304604       -3.7742904091373304E-003  0.93636555202250427        1958534.8747364662        320.39173070838740        8.4366320785699429       0.51657911032859816                0           0   2401.9563390607273        1.1536893179408315E-003   3.2511279114599036E-003         798  0.31345358974368359                0
          67          68  0.52597586808430075       0.46375414949012228       -9.5351984985231255E-003  0.98266064699714351        341740.68956755206        95.332992401100725        16.162472810325944       0.46622400082744159                0           0   13765.745201713413        5.7947742737167690E-004  0.50000000000000000              770   7.0771116989940208E-002           0
         213         214   8.6717284611907239E-002   1.7710005955573944E-002  -1.1427078035879827E-004  0.98213695314694749        400632.33674856107        50.085097135765906        4.7222983792859621       0.34109180061649896                0           0   11742.225542311169        1.5552041722878169E-004  0.50000000000000000              916  0.15407086552755625                0
         313         314  0.11479116130453372        5.7685466757393881E-002  -3.9453446450446250E-004  0.99253727403468150        435049.79924732697        62.547398305763593        2.9060299973595067       0.44040435258672167                0           0   10813.279918261374        1.7042172232509015E-004  0.50000000000000000             1016   7.7344873489766791E-002           0
         365         366  0.29906545429998188       0.27572229150032296       -3.4223050706489746E-003  0.97703614846779008        409915.73603235272        89.792227251814452        13.683535607765263       0.30102341761175833                0           0   11476.298283102440        5.4424978456707430E-004  0.50000000000000000             1068 -0.23616304071264566                0
         201         202  0.41909726131645580       0.36316033186407948       -5.4401348907038797E-003  0.97784193266974673        439642.50440806977        104.26124217537117        14.451909002916882       0.38692264127230125                0           0   10700.319487940789        6.3220712582260643E-004  0.50000000000000000              904   7.2082759120665085E-002           0
         171         172  0.11855449161888632       0.10910379859810015       -6.3808363105355751E-004  0.99690688946593098        502629.43037454027        75.543937317710842        3.8986592872918657       0.23552909177096032                0           0   9359.4106778413025        1.6222029374787257E-004  0.50000000000000000              874  -7.4362682526117940E-002           0
         347         348  0.19457293008789711        9.8264029982305379E-002  -8.4213227326918961E-004  0.97623178622328566        525292.62380639045        84.608893442837001        5.4843270460952898       0.36979464214325719                0           0   8955.6088253366652        5.1262384884362530E-004  0.25000000000000000             1050  0.15737765036013329                0
         343         344   9.9716206803828866E-002   3.9838043689421537E-002  -1.9541286924161294E-004  0.98547806040898511        644708.77578794607        75.758248904357316        14.668866121123960       0.55508151485799151                0           0   7296.8066114739531        4.6110969753691106E-004  0.50000000000000000             1046   1.7398566995971561                0
          99         100  0.11123848720615616        3.9011678252708890E-002  -1.9764343022701515E-004  0.98119635498491209        697449.45099556562        81.825121918085514        9.2748782314559541       0.54600043097466378                0           0   6745.0268272914218        1.9609050585244134E-004  0.25000000000000000              802  0.13279451783209889                0
         391         392  0.13558686976987694        5.7578981684498085E-002  -2.5446740011902898E-004  0.98428057182237338        1015963.8259505472        114.33226250480101        12.811918063859034       0.30311555267985862                0           0   4630.3964151906221        1.9855493643177781E-004  0.50000000000000000             1094  0.10390710768994343                0
         385         386  0.12648191059682606        5.9749107023494945E-002  -2.5030111744847215E-004  0.99192399726360403        1010156.8010307509        112.51654391747591        16.751127377457557       0.27676829394369024                0           0   4657.0148840700185        1.9971473045980897E-004  0.50000000000000000             1088   7.8180767429191569E-003           0
          41          42  0.11122608390456809        8.6847116325004775E-002  -3.0034655602715249E-004  0.97689552612968544        1076875.4069236529        119.85571002551679        1.1982940688458876       0.83555479843300651                0           0   4368.4861102769009        1.9934720720389158E-004  0.25000000000000000              744  0.52084811513101947                0
         345         346  0.55774375829353751       0.47607345656862060       -4.7923803546830179E-003  0.97923176074338625        1065819.0059203701        206.47940675782556        1.5751742319005277       0.25738951471010979                0           0   4413.8031237137029        1.2529054742208931E-003  0.50000000000000000             1048  -4.2122592346046733E-002           0
          73          74  0.94128231410560004       0.69908498357263338       -1.0547991353088345E-002  0.98595090542721642        1010924.7705775029        232.48741209934116        15.198889220625352       0.54979260870906888                0           0   4653.4770880699325        1.4155097427745917E-003  0.50000000000000000              776  0.38502846013561864                0
         285         286   8.9462339041284894E-002   4.2834040765278178E-002  -1.2838168338598593E-004  0.97556116315563901        1178106.6063545495        111.23605151706303        8.8880542965087894       0.67046835463625765                0           0   3993.1150816660524        1.4410236536712358E-004  0.50000000000000000              988  0.22715915775971030                0
         293         294  0.55382231722128972       0.12326253909399966       -1.3046202120956597E-003  0.97555013427591697        1208714.8768618368        195.00098063437505        10.036211079504540       0.56543144955111957                0           0   3891.9974823661364        1.1809822740092247E-003  0.50000000000000000              996  0.92333981398350895                0
         123         124  0.67985937278035102       0.12376754478802159       -1.4259437356367586E-003  0.97763450747397851        1328700.8239903566        219.90890269502705        7.8770492335064715       0.58644615206784789                0           0   3540.5376234484115        1.3330674591925293E-003  0.50000000000000000              826  0.32049878469089266                0
           7           8  0.10772050310063933        1.1526931384030817E-002  -3.7943697728780554E-005  0.99082248886431246        1424470.1409572540        121.95279694780302        11.437675892741723       0.47165213123953814                0           0   3302.5018372680170        1.6260639909577266E-004   6.2500000000000000E-002         710  -9.7647850651677304E-003           0
         355         356  0.32294731613854971       0.22153041596011064       -1.4146791448691402E-003  0.98835597978780254        1280677.5733209376        188.46314208734015        5.6470732014346954       0.43994574138652509                0           0   3673.3018174480535        1.1488556879049804E-003  0.50000000000000000             1058   6.7460318141096987E-002           0
          85          86   8.0567479673496034E-002   7.0359839832317903E-002  -1.6540594186675728E-004  0.98642166572395873        1357017.8794508749        127.71821781941760        8.5208650713679184       0.32253062111227854                0           0   3466.6567986181526        1.9401392259058692E-004   6.2500000000000000E-002         788  -5.6281255089226656E-002           0
         387         388  0.11696728908539532        8.3148869844046139E-002  -2.2929189627352999E-004  0.96331307049081238        1622655.2279033617        158.07071046083757        4.0902955502783245       0.22676781061452750                0           0   2899.1465203136372        9.1365053345485831E-004   1.3261931948689963E-005        1090 -0.32135724129100979                0
         103         104   9.4240900685283069E-002   8.1646476448274677E-002  -1.9581474411928143E-004  0.97430932578693863        1543295.6101144454        146.43699954217337        4.2758617388529023       0.15292738489574936                0           0   3048.2269416265021        8.8618227905427590E-004  0.25000000000000000              806  -4.7949365883366860E-002           0
          65          66   8.1196656538748205E-002   3.2700733033609646E-002  -6.2627861262289943E-005  0.98184767372588766        2149336.5504112290        157.99647215383459        12.816653741397356       0.56276591109756013                0           0   2188.7290088398181        1.9363885980735446E-004  0.50000000000000000              768  0.17589102484237856                0
          15          16  0.12041882448822794        4.7134796559794988E-002  -1.1370748620294229E-004  0.97825164521118502        2263928.7909641471        186.02285177799217        13.133822503578623       0.60828054409430654                0           0   2077.9431210119114        1.1281688166013199E-003  0.50000000000000000              718  0.17922984231195932                0
         243         244  0.10897784068549871        6.2870305948584129E-002  -1.2688985103554134E-004  0.99345305026723485        2514966.0648626112        201.22235189126619        10.452135857118540       0.38071343506107685                0           0   1870.5283237695505        1.2297376519750148E-003  0.50000000000000000              946   7.3615178913511922E-002           0
         265         266   8.4095384718170976E-002   3.6296916915751078E-002  -2.5179282195389497E-005  0.98201123407105551        10108057.432432041        451.77052210706597        3.6079512878562956       0.52605444023215375                0           0   465.40250578224953        2.5664854764708531E-003   1.2935885246288729E-003         968  0.21603099633497058                0
         127         128  0.41687934908818136       0.27898104023835063       -1.0601324713850049E-003  0.99434194081511351        3619474.9262651657        408.83142482301037        12.383605920156096       0.31146173995741538                0           0   1299.7231237899509        2.4997052625840904E-003  0.25000000000000000              830  -2.4105068083287856E-003           0
         217         218   8.1228311512873880E-002   6.5270211912634449E-002  -8.4864059256294254E-005  0.97696892315676265        3390006.8490829859        232.81876606981328        15.863673467078952       0.72084981618949218                0           0   1387.7008121435813        1.4110585494170628E-003  0.50000000000000000              920  0.32155226601673398                0
         143         144  0.25022565110097550       0.15769561095085233       -3.9893226177458845E-004  0.97378367469115990        4047244.7606835263        368.61381757316616        8.8771289077030033       0.64865523472368480                0           0   1162.3500766111972        2.2305190603367172E-003  0.50000000000000000              846  0.21711334979346189                0
          61          62  0.16574606629006447        5.1105325148539382E-002  -1.0680914848388477E-004  0.98146224652464376        3985102.7316611102        295.54272204541036        6.8973086555962766       0.45001254860150858                0           0   1180.4752786595950        1.7952874583487142E-003  0.50000000000000000              764  0.28029430240200676                0
          29          30   9.2064989403419284E-002   3.8673592252436655E-002  -4.8326417632826574E-005  0.98790084533106615        4595724.3541263249        274.56410217347485        5.6595727424909228       0.83704524920253875                0           0   1023.6286807368981        1.6733196375634911E-003  0.25000000000000000              732  0.51029383143441809                0
         405         406   8.7236661288412828E-002   5.5735761705262711E-002  -1.4072219982536795E-005  0.99445045527554632        44632234.652881853        1287.6258805654079        10.427483670152228       0.70593415165513773                0           0   105.40174145954420        7.8733128566099032E-003  0.50000000000000000             1108   1.2958905257729323                0
          45          46   8.6894120985331738E-002   8.6164685909330241E-002  -8.2040856412477007E-005  0.98387083180607882        5506893.1944410549        340.10174038637848        7.2753764684050592       0.65572867726475870                0           0   854.25939664011355        2.0685513436049150E-003  0.50000000000000000              748  0.47183365946827560                0
         161         162   9.3309048906446132E-002   9.2827486138433946E-002  -9.1368140134199976E-005  0.98772431219479317        5621623.6481885938        353.28476032079647        7.1950388168460888       0.41920468807472000                0           0   836.82500858281264        1.9584679295950942E-003   2.7900108866924008E-005         864   9.0534647341633079E-002           0
         289         290  0.10428359770713377        2.3242149003040714E-002  -2.7029369622994468E-005  0.98098930965169184        6248198.8886061814        334.17634562456715        16.671738943306863       0.16193766759410089                0           0   752.90741244220851        1.3889554967798329E-003   9.3088050909629282E-004         992  -4.6951293108128546E-002           0
         115         116   9.5073144526220191E-002   4.6025486525321645E-002  -4.6726263478262970E-005  0.98361077625756288        6339435.9430684811        348.99124241529205        12.508362125087615       0.49248233782813139                0           0   742.07158174513086        2.1223306805025111E-003  0.25000000000000000              818  0.16989064571033480                0
         223         224  0.13901763968801717        6.0776114313866474E-002  -7.7058268297847785E-005  0.98945317331750238        6749221.3058558600        408.60429921331621        5.2608171676696047       0.31904331660442919                0           0   697.01600295179765        1.9064920085901443E-003   2.2222567780301990E-004         926   9.7298736492447330E-002           0
         199         200  0.11230093762090229        4.7925291740752780E-002  -4.9845320530023470E-005  0.98557578802919299        7365259.5215128316        402.38621163417127        9.4149260996619315       0.42840266478780287                0           0   638.71683596540686        2.4494184751019071E-003  0.50000000000000000              902  0.76420078615973319                0
         373         374  0.15845034820673778       0.15233439132851201       -1.7085651223233217E-004  0.97957312248492112        7914597.2580029182        526.47646158198461        5.0440027551724080       0.40128208485956346                0           0   594.38466725365606        2.7593139273297106E-003   2.6682777573444302E-005        1076  0.11229208127239294                0
          69          70  0.10464422723177559       0.10349050793134676       -8.6377732787562200E-005  0.98042651398566583        8085705.8082159301        467.23280664956275        12.203421180376912       0.16513629523320261                0           0   581.80638391081243        2.8368343572848856E-003  0.50000000000000000              772 -0.16246222491163495                0
          51          52  0.11606384615255892        9.5064690585184505E-002  -1.2276543213329298E-004  0.98205345115529663        4872545.5793825211        334.93415447263214        3.9954245454102009       0.45585923688746210                0           0   965.47383313362923        1.9892380511386115E-004  0.50000000000000000              754   6.4448263259863303E-002           0
         267         268  0.11152016154947933        1.9237634443879208E-002  -2.0555998994300209E-005  0.97571144258107456        7747920.1809085021        388.94286247946218        2.3469349468340481       0.54770135861535207                0           0   607.17136312743298        2.3017428321291484E-003   1.1764027469711952E-003         970  0.15320677727620693                0
         367         368  0.20322917187314732       0.17631903439505672       -1.9839283713434129E-004  0.98268287532665966        10353200.967103049        673.09845575420900        13.684647034429272       0.52606369401893194                0           0   454.38268537359289        3.7377194103521710E-004   1.4901864095106620E-004        1070   1.5344313791910360                0
         305         306   8.5255713978393793E-002   1.6586699482616780E-002  -1.1931200371230782E-005  0.97557216214542408        10624387.113807641        441.69112072417624        12.473390048968950       0.24410683361755955                0           0   442.78462439785847        2.6751951435917505E-003  0.50000000000000000             1008   7.6801641732323317E-002           0
         325         326  0.14296285691723640        1.8018411898666035E-002  -1.7591034512000332E-005  0.98525910189351285        11605238.715074902        545.71725305743564        7.3484460115341177       0.38698478212952014                0           0   405.36135215676182        1.9976652747874619E-004  0.50000000000000000             1028   2.6826423419394233E-002           0
         119         120  0.12744757891135747        8.2887871857059842E-002  -6.3848789170769046E-005  0.98269985033698937        12193204.574003790        616.57973866081329        9.1451226821370550       0.25201497228076131                0           0   385.81451078697370        3.7479255214838184E-003  0.50000000000000000              822   6.8351363496542458E-002           0
         133         134  0.13034205300579016        4.8697333779162973E-002  -3.8327440713497645E-005  0.98105036042762839        13234721.862585379        617.16211209583071        6.4066294077956600       0.50456346349535575                0           0   355.45252151795381        3.7326228504625030E-003   6.6209171487545849E-004         836  0.21149053179665822                0
          17          18   8.8310858010865509E-002   3.6165089814597706E-002  -2.2321003472730643E-005  0.98140412768925933        12747100.610456508        533.22349031307033        9.0264980625632880       0.35342136382012723                0           0   369.04982563531280        3.2391129273980847E-003  0.50000000000000000              720  -4.3135122499907141E-002           0
         275         276  0.13196141201412448        6.9014568623332620E-002  -4.7733320961259657E-005  0.97886948626130932        15447075.598524615        711.02589400961676        10.598282278119951       0.42868703058824026                0           0   304.54406904657623        1.1518174456153457E-003   3.4689787519626863E-004         978  0.37003112821136463                0
         399         400  0.17014458503807270        6.6018282057290864E-002  -2.6984344839233582E-005  0.99072333838001880        45921824.160398997        1551.2786259376937        11.010993711037374       0.21849090466715607                0           0   102.44182028164205        9.3548169329018584E-003   1.1384705338459588E-004        1102 -0.12802853087313540                0
         157         158  0.17882018552997023        8.7937108552675433E-002  -4.2075310729081001E-005  0.98506392482645178        36758109.154553629        1392.7742434498177        5.8548918548706101       0.37026147585388830                0           0   127.98033864758759        4.4076195858277004E-003   2.9113955062212883E-004         860   4.2154227086123805E-003           0
         145         146  0.11284151051838727        7.1741434973604884E-002  -2.4259715991801908E-005  0.99380251669462860        37282351.756967470        1243.5766932983975        11.759777740548952       0.41382724133262955                0           0   126.18075405518381        7.0311134093625867E-003   2.2252364483644791E-004         848  0.14715145348274658                0
         221         222  0.10685030920939192        6.9974509155263417E-002  -3.1626094801287268E-005  0.98470682086762484        22714476.483103096        881.02739280307446        12.565811721582659       0.23377857401054106                0           0   207.10647947991322        4.9009068888811822E-003   4.5119763276279034E-005         924 -0.19473656426931119                0
