 1021650   1   373 177   0      1.6   7.73   4.63  7.676     0.0  -0.2148   0.0000
  -1.117539   0.000000   0.245505   0.096985  -0.663599   0.060150   0.000000   0.000000   0.000000   0.000000
   0.00000   0.00000   0.13673   0.02878   0.00000  -1.11754   0.00000   0.00000  -0.87203   0.66276   0.19180   0.00000   0.00000
 NAME(I1)    NAME(I2)    M1[M*]                    M2[M*]                    EB[NB]                    ECC                       P[Days]                   SEMI[AU]                  RI[PC]                    VI[km/s]                  K*(I1)      K*(I2)      ZN[NB]                    RP[NB]                    STEP(I1)[NB]              NAME(ICM)                 ECM[NB]                   K*(ICM)      
           3           4   8.7970317491499028E-002   4.9196061553816367E-002  -9.2897646351125171E-004  0.98018963898304645        71340.815372945974        17.361255191394889        7.1993522380702215       0.20784444252743564                0           0   65941.428242054317        1.0539810829294615E-004  0.50000000000000000              706   6.7083242071234200E-002           0
          59          60  0.52934127945164156       0.11516011942956719       -3.1001072744619322E-002  0.99635260950274573        9025.0375450904266        7.3279160146024838        12.734482489396889       0.91713542059867936                0           0   521251.59969045070        4.4850020571511419E-005  0.50000000000000000              762   1.3849323632137349                0
          63          64  0.11284127030153632        5.3401276685359052E-002  -1.4468849236327175E-003  0.97984293960292113        54774.265105649982        15.520472950299069        10.132785873716614       0.36615652609831939                0           0   85885.502043175962        9.4206442072616631E-005  0.25000000000000000              766  0.19061870096610481                0
          83          84  0.10272953417562042        4.1373672231505683E-002  -1.2819188696754095E-003  0.97370419826673227        41789.837138321200        12.356008093958177        14.191415666679676       0.41988910691413478                0           0   112570.79662870750        7.4766174595093939E-005  0.12500000000000000              786  0.30827967029606707                0
         131         132   8.4797441590329786E-002   6.4637458177469395E-002  -7.7121942017657882E-004  0.98912831439601701        128788.41655396212        26.485513546867381        9.2540385396286187       0.45778290059401733                0           0   36527.471829531067        1.6151620773559698E-004   7.8125000000000000E-003         834  0.11536423562596897                0
         137         138  0.13717930409073115       0.13193897190263901       -4.0334545728335997E-003  0.97817964388784162        48147.574536657077        16.722602131164937        9.5880946181544413       0.31810145624279224                0           0   97706.173216745112        1.0141787278782275E-004  0.50000000000000000              840  0.59683432945332182                0
         167         168  0.11739175763496201        6.6852661947444644E-002  -1.3371095085191684E-003  0.97921691183512483        87047.450602289726        21.873015901955345        10.772212681324421       0.70131292177435234                0           0   54043.113555826756        1.3272323952673876E-004  0.25000000000000000              870  0.41159200596781809                0
         177         178  0.17518944591650459       0.15841447355487015       -4.8844045916293037E-002  0.97081544669269548        1948.4551180766894        2.1174370246531056        4.3724526668588970       0.79611578534642902                0           0   2414382.1502485364        1.2793853451865820E-005  0.25000000000000000              880  0.48196401371823050                0
         181         182  0.16494482085752635        4.8117280213717237E-002  -2.2342341753636167E-003  0.98308070947828008        38113.841390388654        13.238244572811659        6.2198366003762739       0.33765621986563793                0           0   123428.00111539195        8.0485139620415977E-005  0.50000000000000000              884   3.0478438411117428E-002           0
         193         194  0.13607741833753259        1.4509867592654014E-002  -3.3139095177587647E-004  0.98026160729439438        98477.807758994706        22.203845682541278        13.324360717842263       0.78664974277755018                0           0   47770.308506030713        1.3480179630591914E-004  0.50000000000000000              896   1.0804565690614818                0
         195         196  0.23980714281985319       0.16746154432118399       -1.7866781603804005E-002  0.96643523058497638        13874.745800257982        8.3762612435180923        13.172584532236858        1.0259278149571733                0           0   339055.96004197007        5.0498069052990366E-005  0.50000000000000000              898  0.79315671337738836                0
         207         208   9.9440827635248155E-002   5.0100703362626467E-002  -8.7683211256005204E-003  0.98112175417415370        2910.2243960466299        2.1174416066239212        3.2602626736320226       0.72419049526630641                0           0   1616478.5313583727        1.2860786271453537E-005  0.25000000000000000              910  0.45412348369575323                0
         225         226  0.11258739991983015        4.7810171057872303E-002  -9.4939383745014589E-004  0.98185672257896206        88575.957032427817        21.129198100363176        13.361668538204064       0.73591548874339607                0           0   53110.521356517827        1.2838083044770557E-004  0.50000000000000000              928   1.0219211956615282                0
         235         236   9.9158490776633662E-002   3.5661683213779022E-002  -5.1301121046354124E-003  0.96614283730650707        4095.4263718306088        2.5687641194955386        6.3287857188626147       0.33319540048286661                0           0   1148675.3345151674        1.5484037106406675E-005   3.1250000000000000E-002         938   8.6554032349588500E-002           0
         249         250   8.3325272192247987E-002   6.4931060179189190E-002  -5.9417119074347373E-003  0.97581540753508467        5929.7866670524481        3.3934150410168407        15.092081343447367       0.41996925923329009                0           0   793336.34104971308        2.0555510157367267E-005  0.25000000000000000              952   1.2425609173238088                0
         271         272  0.13618545113931463       0.10282415591629936       -1.7643068358636144E-003  0.98806680624688603        120181.93023047518        29.578155387187675        4.7671824052172909       0.48143125254732733                0           0   39143.282593508091        1.8027976026539725E-004  0.50000000000000000              974   9.3248233953352272E-002           0
         287         288   8.8414603939471620E-002   4.2704642040310346E-002  -5.8515194294090581E-004  0.98093659039144399        118941.02246670357        24.046383900145148        4.1983482230517071       0.59864926269636620                0           0   39551.663169548527        1.4603779329379048E-004  0.25000000000000000              990  0.19569207510533432                0
         291         292  0.10251315781699964        2.9651563345757474E-002  -1.1831110334550475E-003  0.98075559013170377        29765.556837160901        9.5746088155111213        8.4254798335289056       0.58848295846019882                0           0   158045.59892431262        5.8142920318824777E-005   3.1250000000000000E-002         994  0.23387707466116425                0
         303         304  0.77980953382043972       0.33783563817501155       -5.2382472905160467E-002  0.97671789874474535        28033.625192942258        18.742492285908785        7.6388639984696942       0.63322220001896024                0           0   167809.73653129677        1.1358394461059082E-004  0.25000000000000000             1006  0.23172178684696779                0
         311         312  0.16827131513595273       0.11782564957455051       -9.1314488263872420E-003  0.97485864189666582        15717.300866973132        8.0915100549741776        13.024568483283314       0.15476281636664466                0           0   299308.08714936365        4.8990345746074786E-005  0.50000000000000000             1014 -0.12945528844698162                0
         321         322  0.12252965187021556        4.0765808550071510E-002  -1.0952504619379879E-003  0.97557453106160041        63331.226025514967        16.995860241612995        15.068266293644186       0.41420407654056174                0           0   74281.133539866772        1.0293936416602254E-004  0.50000000000000000             1024  0.71933115437544315                0
         323         324  0.13577855073708561        2.1714876777924844E-002  -1.0672784058174505E-003  0.97737634574565457        30402.145619620234        10.295090097572151        11.331727245319362       0.66785256704294793                0           0   154736.29119810546        6.2411468000077191E-005  0.25000000000000000             1026  0.36418355048439960                0
         337         338  0.14234346256931027        4.8688670540606271E-002  -2.7220309402593351E-003  0.98436219341894415        24424.438780536861        9.4883723855236379        14.687294321794578       0.40488484069028602                0           0   192606.89262565569        5.7724153992768256E-005  0.50000000000000000             1040   1.4562572011854920                0
         363         364   8.0030474895858961E-002   2.5241398542184282E-002  -3.2505135387658957E-004  0.96900162088983910        125469.53716214608        23.159872534501439        13.008235681102363       0.71208874874149153                0           0   37493.684634903126        1.3980643129274424E-004  0.50000000000000000             1066  0.54679279102050071                0
         371         372   9.0756420354949963E-002   8.9399293653254358E-002  -1.4941626717007766E-003  0.97790038526241019        78336.750524128642        20.236383406048532        10.188504769511551       0.47423778074199019                0           0   60052.468683849453        1.2271064128272370E-004  0.50000000000000000             1074  0.26866422015504748                0
         383         384   9.3433970454860987E-002   6.5975786712685114E-002  -2.9999592269293533E-003  0.97176827062077331        19385.313257799193        7.6576121486429507        14.200802613581992       0.46528030922501701                0           0   242674.19334851863        4.6290742961604388E-005  0.50000000000000000             1086  0.46655515194483582                0
         395         396  0.10118924464727580        7.2387835402996439E-002  -4.0679476328368365E-003  0.98184110250843104        15239.121285685993        6.7103307468978812        9.7101955950321592       0.49379863544250285                0           0   308699.90266850201        4.0771591993552411E-005  0.50000000000000000             1098   6.1638886325477996E-002           0
         401         402  0.11008182267075275        8.1520559788653676E-002  -2.1754919003101718E-003  0.98946501741247106        50292.904508829961        15.372504553420699        10.700413080994378       0.41487651527177222                0           0   93538.349069078395        9.3761781152373525E-005  0.50000000000000000             1104  0.13777656936917232                0
         219         220   5.9461379470541447        2.5291364086335988      -0.75299076982192070       0.98221912150944157        80559.862777643633        74.428097414589246        9.7335984453757352       0.18581689500229620                0           0   58395.273967004177        4.5230718866207646E-004  0.50000000000000000              922  0.12482797330218345                0
         159         160  0.52009082554844766       0.13749382338007102       -6.8562166579241961E-003  0.98252657550525302        109146.58921206869        38.868446659729038        6.2402220755823095       0.57748800070154305                0           0   43100.891119047374        2.3624417772278330E-004  0.25000000000000000              862  0.18063414953026599                0
           1           2   2.0244841138268650       0.61000484406818434       -7.0741485713423660E-002  0.98738152934187551        118081.33591071346        65.056817812538299        12.216471063221000       0.49313334087040006                0           0   39839.617509086311        3.9638661146352313E-004  0.50000000000000000              704  0.12671691416095854                0
         283         284  0.18094602805437388        8.1870494517192083E-002  -1.6064068193646895E-003  0.97697797871714775        143540.44546752289        34.366892541613126        6.5645102622464657       0.28368857370151718                0           0   32773.447527785116        2.0829891525217590E-004   6.2500000000000000E-002         986  -5.1424266791448861E-002           0
         185         186  0.24628085064239766        6.9358336926096664E-002  -1.8551080494142963E-003  0.99057546901522908        130681.44545928008        34.314639623851313        11.536138166865484       0.52560085057407135                0           0   35998.341165507023        2.0941269287605858E-004  0.50000000000000000              888  0.21743031831067583                0
         191         192  0.17819880543248182        5.0730547014061628E-002  -8.9966543292994278E-004  0.98450778698896024        174927.64032278312        37.446621017460309        14.476964803500483       0.62947484990779690                0           0   26892.921261409472        2.2782970840593575E-004  0.25000000000000000              894  0.46978656716246681                0
          71          72  0.16939743337267674        2.6319217633798585E-002  -4.7647967898261517E-004  0.96976219828091648        170003.73667627125        34.870225322542275        10.110827297616417       0.27650075416926811                0           0   27671.834452691655        1.5082883319385277E-004  0.25000000000000000              774 -0.11762690720094159                0
          53          54  0.10539273585624893        8.3691576402142989E-002  -9.4861616487088496E-004  0.98840746126056767        171334.30925667207        34.651436372167325        11.441689986416115       0.24834364611367249                0           0   27456.936547351612        2.1096666920612941E-004  0.50000000000000000              756 -0.17193647801230880                0
         245         246  0.10614450888457336        7.9534736728126665E-002  -8.8338078697462622E-004  0.97533507163214717        180155.36208468804        35.614411017835778        13.077127022588281       0.15158947513606283                0           0   26112.546433302068        2.1568078356416255E-004  0.50000000000000000              948  0.11122937369458902                0
         331         332  0.12214104311112879        9.8521910482032543E-002  -1.1537755047203683E-003  0.97154055198387024        188414.45473505274        38.868024797675822        12.110538798899592       0.28977604976478422                0           0   24967.910579153504        2.3493249830021899E-004  0.50000000000000000             1034   6.9171420796088373E-002           0
         203         204  0.10958957416913398        5.6611292613942377E-002  -6.2817234305771752E-004  0.98494187057407623        200051.97130642890        36.805509599966030        12.034979675890321       0.12527492605694177                0           0   23515.465640870621        1.6988547057778460E-004  0.50000000000000000              906 -0.16872002719096629                0
          21          22  0.17137201111473407        1.8580527211685235E-002  -2.8964617018065918E-004  0.97725619083110171        219756.57682243298        40.968444197440832        7.4084994043350614       0.24030173951141751                0           0   21406.937283364805        1.8343950172520064E-004  0.25000000000000000              724   6.8294983940146409E-002           0
         369         370  0.35577330781196675       0.28758888866695975       -6.5923629871082615E-003  0.96841922705639494        200307.85819162280        57.839387851881206        15.338894998713373       0.41585175262726926                0           0   23485.425385280789        3.4904883910831302E-004  0.50000000000000000             1072   1.5691531104463337                0
          77          78   9.3430964505624117E-002   2.0354482771848002E-002  -1.6334883162896549E-004  0.97425183352183942        309441.22681298596        43.386459025179242        13.312153317974232       0.57025838550345020                0           0   15202.613129787858        1.8457846561722538E-004  0.50000000000000000              780  0.84452642531849931                0
         315         316  0.30834333591613694       0.21242803698149326       -3.5544000840579989E-003  0.96932722246065328        288048.63087816222        68.675120176768687        11.290103919899277       0.40778315375573332                0           0   16331.670257563481        4.1463143421502049E-004   3.1250000000000000E-002        1018  0.21603099516940283                0
          89          90  0.20842321107894346       0.10223825271363279       -1.3435582502014560E-003  0.98702482580270168        297769.38109927031        59.104743533761280        9.5124795328138472       0.75692542967800147                0           0   15798.519109916271        3.6005640583131949E-004  0.50000000000000000              792  0.39938016752458561                0
         155         156  0.50373356431637750       0.18870347651975347       -4.6345267489272665E-003  0.98128177235206437        293320.33962033020        76.435433608783669        12.444032392821805       0.73638727212951360                0           0   16038.148816184937        4.6428632181207922E-004  0.50000000000000000              858  0.45986169211267314                0
         187         188  0.16652052450678573        4.4390738220572948E-002  -5.1200105471243477E-004  0.98740860044556455        313872.49940009229        53.803263366689940        9.1133739373841980       0.66668954987962004                0           0   14987.981637882163        1.5401396217716847E-004  0.50000000000000000              890  0.29348323771567131                0
         255         256   8.3811449474318997E-002   3.0344259974373743E-002  -1.9498774621546684E-004  0.99476358635673934        366335.73421504453        48.606227887337262        12.897196303653526       0.45347810881439010                0           0   12841.540746017587        1.7373772739312873E-004  0.50000000000000000              958  0.23854866399098812                0
          93          94   8.5361728603296438E-002   7.1347741082274679E-002  -4.1080252103106030E-004  0.97812880800934654        378910.90214675880        55.249666982163497        13.876378087400397       0.46998557772613875                0           0   12415.359998859836        1.7179347800011020E-004  0.50000000000000000              796  0.35148658900866203                0
          95         546  0.62290701776509083       0.52092362269304604       -3.7742914880368986E-003  0.93637165254743726        1958534.0349514552        320.39163912285375        11.577838218759920       0.51703098242630197                0           0   2401.9573689774384        1.7820271966818475E-003   2.3841496553730548E-003         798  0.31725998415007922                0
          67          68  0.52597586808430075       0.46375414949012228       -9.5351984985231255E-003  0.98266064699714351        341740.68956755206        95.332992401100725        15.325686039755167       0.45566546436533856                0           0   13765.745201713413        5.7947742737167690E-004  0.50000000000000000              770   7.0817910700565728E-002           0
         213         214   8.6717284611907239E-002   1.7710005955573944E-002  -1.1427078035879827E-004  0.98213695314694749        400632.33674856107        50.085097135765906        7.7529247126580882       0.34388446151271784                0           0   11742.225542311169        1.5552041722878169E-004  0.25000000000000000              916  0.15300990408687451                0
         313         314  0.11479116130453372        5.7685466757393881E-002  -3.9453446450446250E-004  0.99253727403468150        435049.79924732697        62.547398305763593        5.6745926401932136       0.43522036231123845                0           0   10813.279918261374        1.7042172232509015E-004  0.50000000000000000             1016   7.7350021801985441E-002           0
         365         366  0.29906545429998188       0.27572229150032296       -3.4223050706489746E-003  0.97703614846779008        409915.73603235272        89.792227251814452        13.306351319506939       0.29801496663153654                0           0   11476.298283102440        5.4424978456707430E-004  0.50000000000000000             1068 -0.23622310757258652                0
         201         202  0.41909726131645580       0.36316033186407948       -5.4401348907038797E-003  0.97784193266974673        439642.50440806977        104.26124217537117        11.133901626985143       0.38797018410227913                0           0   10700.319487940789        6.3220712582260643E-004  0.50000000000000000              904   7.2009117485378055E-002           0
         171         172  0.11855449161888632       0.10910379859810015       -6.3808363105355751E-004  0.99690688946593098        502629.43037454027        75.543937317710842        5.5903328502397436       0.23559183876266940                0           0   9359.4106778413025        1.6222029374787257E-004  0.50000000000000000              874  -7.4015048977750908E-002           0
         347         348  0.19457293008789711        9.8264029982305379E-002  -8.4213227326918961E-004  0.97623178622328566        525292.62380639045        84.608893442837001        3.8828575670116727       0.37900369987106064                0           0   8955.6088253366652        5.1262384884362530E-004  0.25000000000000000             1050  0.15726613880050061                0
         343         344   9.9716206803828866E-002   3.9838043689421537E-002  -1.9541286924161294E-004  0.98547806040898511        644708.77578794607        75.758248904357316        15.752430401852800       0.56158319677863289                0           0   7296.8066114739531        4.6110969753691106E-004  0.50000000000000000             1046   1.7379716734369708                0
          99         100  0.11123848720615616        3.9011678252708890E-002  -1.9764343022701515E-004  0.98119635498491209        697449.45099556562        81.825121918085514        11.838649640168326       0.54632444515926271                0           0   6745.0268272914218        1.9609050585244134E-004  0.25000000000000000              802  0.13355573208504740                0
         391         392  0.13558686976987694        5.7578981684498085E-002  -2.5446740011902898E-004  0.98428057182237338        1015963.8259505472        114.33226250480101        11.582449707656854       0.30821116364698159                0           0   4630.3964151906221        1.9855493643177781E-004  0.50000000000000000             1094  0.10378459354322321                0
         385         386  0.12648191059682606        5.9749107023494945E-002  -2.5030111744847215E-004  0.99192399726360403        1010156.8010307509        112.51654391747591        13.248117108500558       0.27621151767433949                0           0   4657.0148840700185        1.9971473045980897E-004  0.50000000000000000             1088   7.6774880118401466E-003           0
          41          42  0.11122608390456809        8.6847116325004775E-002  -3.0034655602715249E-004  0.97689552612968544        1076875.4069236529        119.85571002551679        3.7881860570433075       0.83495671512257663                0           0   4368.4861102769009        1.9934720720389158E-004  0.25000000000000000              744  0.52057833335065729                0
         345         346  0.55774375829353751       0.47607345656862060       -4.7923803546830179E-003  0.97923176074338625        1065819.0059203701        206.47940675782556        2.1743873940591412       0.25435646554463781                0           0   4413.8031237137029        1.2529054742208931E-003  0.50000000000000000             1048  -4.2295174680118480E-002           0
          73          74  0.94128231410560004       0.69908498357263338       -1.0547991353088345E-002  0.98595090542721642        1010924.7705775029        232.48741209934116        12.217544492131427       0.53940459587021650                0           0   4653.4770880699325        1.4155097427745917E-003  0.50000000000000000              776  0.38512574337330230                0
         285         286   8.9462339041284894E-002   4.2834040765278178E-002  -1.2838168338598593E-004  0.97556116315563901        1178106.6063545495        111.23605151706303        9.9806669945741202       0.66884942851754758                0           0   3993.1150816660524        1.4410236536712358E-004  0.50000000000000000              988  0.22748246872204136                0
         293         294  0.55382231722128972       0.12326253909399966       -1.3046202120956597E-003  0.97555013427591697        1208714.8768618368        195.00098063437505        12.419226207500138       0.55010005402890239                0           0   3891.9974823661364        1.1809822740092247E-003  0.50000000000000000              996  0.92299507571644857                0
         123         124  0.67985937278035102       0.12376754478802159       -1.4259437356367586E-003  0.97763450747397851        1328700.8239903566        219.90890269502705        11.066416556821091       0.58088054324209359                0           0   3540.5376234484115        1.3330674591925293E-003  0.50000000000000000              826  0.32051170570634729                0
           7           8  0.10772050310063933        1.1526931384030817E-002  -3.7943697728780554E-005  0.99082248886431246        1424470.1409572540        121.95279694780302        10.201846007775272       0.46791952684629690                0           0   3302.5018372680170        1.6260639909577266E-004   6.2500000000000000E-002         710  -9.7081671278927001E-003           0
         355         356  0.32294731613854971       0.22153041596011064       -1.4146791448691402E-003  0.98835597978780254        1280677.5733209376        188.46314208734015        4.4503184768836865       0.43829321817018824                0           0   3673.3018174480535        1.1488556879049804E-003  0.50000000000000000             1058   6.7349050723823967E-002           0
          85          86   8.0567479673496034E-002   7.0359839832317903E-002  -1.6540594186675728E-004  0.98642166572395873        1357017.8794508749        127.71821781941760        7.3222336997137765       0.31779371364185383                0           0   3466.6567986181526        1.9401392259058692E-004   6.2500000000000000E-002         788  -5.6283847844213378E-002           0
         387         388  0.11696728908539532        8.3148869844046139E-002  -2.2937398115291076E-004  0.96120512232409172        1621784.2689952082        158.01414251386907        7.5351729451842120       0.53732349440437532                0           0   2900.7034706036243        5.8395647007059633E-004   1.5819897509091676E-005        1090  0.13133031915636420                0
         103         104   9.4240900685283069E-002   8.1646476448274677E-002  -1.9581474411928143E-004  0.97430932578693863        1543295.6101144454        146.43699954217337        6.9997515076033521       0.15598718242495452                0           0   3048.2269416265021        8.8618227905427590E-004  0.25000000000000000              806  -4.9960610984914181E-002           0
          65          66   8.1196656538748205E-002   3.2700733033609646E-002  -6.2627861262289943E-005  0.98184767372588766        2149336.5504112290        157.99647215383459        10.936249188387830       0.55975866452508471                0           0   2188.7290088398181        1.9363885980735446E-004  0.50000000000000000              768  0.17592938296006827                0
          15          16  0.12041882448822794        4.7134796559794988E-002  -1.1370748620294229E-004  0.97825164521118502        2263928.7909641471        186.02285177799217        11.878079537719140       0.60091159179212439                0           0   2077.9431210119114        1.1281688166013199E-003  0.50000000000000000              718  0.17954377804251709                0
         243         244  0.10897784068549871        6.2870305948584129E-002  -1.2688985103554134E-004  0.99345305026723485        2514966.0648626112        201.22235189126619        13.547508219505103       0.37736934115687515                0           0   1870.5283237695505        1.2297376519750148E-003  0.50000000000000000              946   7.3524781245620896E-002           0
         265         266   8.4095384718170976E-002   3.6296916915751078E-002  -2.5179301505372085E-005  0.98201195228909621        10108045.804644696        451.77017564467849        6.5975629067358756       0.51846671933208333                0           0   465.40304115787711        2.7451050779540363E-003   1.6743733780863031E-004         968  0.21588001127031559                0
         127         128  0.41687934908818136       0.27898104023835063       -1.0601324713850049E-003  0.99434194081511351        3619474.9262651657        408.83142482301037        10.894776463851731       0.30175082238336220                0           0   1299.7231237899509        2.4997052625840904E-003  0.25000000000000000              830  -2.3565504000915144E-003           0
         217         218   8.1228311512873880E-002   6.5270211912634449E-002  -8.4864059256294254E-005  0.97696892315676265        3390006.8490829859        232.81876606981328        13.555906760195910       0.73069602304074233                0           0   1387.7008121435813        1.4110585494170628E-003  0.50000000000000000              920  0.32160613212227124                0
         143         144  0.25022565110097550       0.15769561095085233       -3.9893226177458845E-004  0.97378367469115990        4047244.7606835263        368.61381757316616        10.512991979996267       0.64658294569859986                0           0   1162.3500766111972        2.2305190603367172E-003  0.50000000000000000              846  0.21783605442957371                0
          61          62  0.16574606629006447        5.1105325148539382E-002  -1.0680914848388477E-004  0.98146224652464376        3985102.7316611102        295.54272204541036        8.0312280901565618       0.44567440204147624                0           0   1180.4752786595950        1.7952874583487142E-003  0.50000000000000000              764  0.28017366700232532                0
          29          30   9.2064989403419284E-002   3.8673592252436655E-002  -4.8326417632826574E-005  0.98790084533106615        4595724.3541263249        274.56410217347485        7.0067291336715920       0.83354167780269839                0           0   1023.6286807368981        1.6733196375634911E-003  0.25000000000000000              732  0.51033849897018335                0
         405         406   8.7236661288412828E-002   5.5735761705262711E-002  -1.4072219982536795E-005  0.99445045527554632        44632234.652881853        1287.6258805654079        12.773948188597009       0.68966220584539528                0           0   105.40174145954420        7.8733128566099032E-003  0.50000000000000000             1108   1.2956974392767597                0
          45          46   8.6894120985331738E-002   8.6164685909330241E-002  -8.2040856412477007E-005  0.98387083180607882        5506893.1944410549        340.10174038637848        9.0260188269398522       0.64927794459255994                0           0   854.25939664011355        2.0685513436049150E-003  0.50000000000000000              748  0.47187280108120166                0
         161         162   9.3309048906446132E-002   9.2827486138433946E-002  -9.1368488331777952E-005  0.98842891589628212        5621591.5129211284        353.28341398246772        9.3105439759884039       0.46329964204548152                0           0   836.82979220955110        6.8249071700327284E-004   1.7006905918507717E-005         864  0.12291098795498244                0
         289         290  0.10428359770713377        2.3242149003040714E-002  -2.7029372239879276E-005  0.98098915759991401        6248197.9812146127        334.17631327083757        13.283127428767541       0.16263683842867055                0           0   752.90752178282798        1.4213025546085515E-003   9.5178005362669092E-004         992  -4.6618487187114928E-002           0
         115         116   9.5073144526220191E-002   4.6025486525321645E-002  -4.6726263478262970E-005  0.98361077625756288        6339435.9430684811        348.99124241529205        9.9156639382890965       0.48641399540287339                0           0   742.07158174513086        2.1223306805025111E-003  0.25000000000000000              818  0.16990533019118551                0
         223         224  0.13901763968801717        6.0776114313866474E-002  -7.7057874764431712E-005  0.98945938987519355        6749273.0081805522        408.60638594937251        8.1531096841583519       0.32524845531692798                0           0   697.01066351040049        2.2992078388298777E-003   2.4522821165535850E-004         926   9.9758395088562990E-002           0
         199         200  0.11230093762090229        4.7925291740752780E-002  -4.9845320530023470E-005  0.98557578802919299        7365259.5215128316        402.38621163417127        10.331450922560204       0.40445797976491576                0           0   638.71683596540686        2.4494184751019071E-003  0.50000000000000000              902  0.76409248559126342                0
         373         374  0.15845034820673778       0.15233439132851201       -1.7085723155421537E-004  0.97952817057933239        7914547.2764748288        526.47424507621338        7.8304919910607120       0.40121477315826404                0           0   594.38842088009915        2.7466505585239192E-003   1.0620431323761768E-004        1076  0.10793039665013247                0
          69          70  0.10464422723177559       0.10349050793134676       -8.6377732787562200E-005  0.98042651398566583        8085705.8082159301        467.23280664956275        10.816512181306587       0.16613841155999698                0           0   581.80638391081243        2.8368343572848856E-003  0.50000000000000000              772 -0.16234022124284606                0
          51          52  0.11606384615255892        9.5064690585184505E-002  -1.2276543213329298E-004  0.98205345115529663        4872545.5793825211        334.93415447263214        2.8628436095131771       0.45510590657634709                0           0   965.47383313362923        1.9892380511386115E-004  0.50000000000000000              754   6.4403729348603625E-002           0
         267         268  0.11152016154947933        1.9237634443879208E-002  -2.0555825937403467E-005  0.97570981988989858        7748018.0242534168        388.94613694019154        4.3171142279970258       0.54622117341080256                0           0   607.16369565984076        8.7912190208477988E-004   7.3651954952149649E-004         970  0.15285679873795732                0
         367         368  0.20322917187314732       0.17631903439505672       -1.9839468285356613E-004  0.98268512788160278        10353056.489509111        673.09219373779740        14.679231653118228       0.52362889137735635                0           0   454.38902631427806        3.1026758160654197E-003   4.1589844373682311E-004        1070   1.5337979636393027                0
         305         306   8.5255713978393793E-002   1.6586699482616780E-002  -1.1931200371230782E-005  0.97557216214542408        10624387.113807641        441.69112072417624        15.698198904890914       0.25025478954886687                0           0   442.78462439785847        2.6751951435917505E-003  0.50000000000000000             1008   7.7397495270951300E-002           0
         325         326  0.14296285691723640        1.8018411898666035E-002  -1.7591034512000332E-005  0.98525910189351285        11605238.715074902        545.71725305743564        5.1234262032963658       0.38322616740252657                0           0   405.36135215676182        1.9976652747874619E-004  0.50000000000000000             1028   2.6764205295639040E-002           0
         119         120  0.12744757891135747        8.2887871857059842E-002  -6.3848789170769046E-005  0.98269985033698937        12193204.574003790        616.57973866081329        7.9770803576238318       0.25295991634388920                0           0   385.81451078697370        3.7479255214838184E-003  0.50000000000000000              822   6.8189947194476158E-002           0
         133         134  0.13034205300579016        4.8697333779162973E-002  -3.8327258469370229E-005  0.98105105981123830        13234816.258322289        617.16504666968456        9.7723001726715033       0.49422969614658813                0           0   355.44998629554874        2.6340549997483785E-003   5.5463345133732517E-004         836  0.21080570763593059                0
          17          18   8.8310858010865509E-002   3.6165089814597706E-002  -2.2321003472730643E-005  0.98140412768925933        12747100.610456508        533.22349031307033        8.2955015100653640       0.35719046791140963                0           0   369.04982563531280        3.2391129273980847E-003  0.50000000000000000              720  -4.3160876442658883E-002           0
         275         276  0.13196141201412448        6.9014568623332620E-002  -4.7734024117843865E-005  0.97886485356306929        15446734.279943760        711.01542008565673        13.509797955870637       0.42475829516486974                0           0   304.55079840098671        4.3131233407516269E-003   6.6406144322955069E-004         978  0.37030475989339007                0
         221         222  0.10685030920939192        6.9974509155263417E-002  -3.1625955526084556E-005  0.98463532280779376        22714626.529168762        881.03127269434378        10.529420210806537       0.21650980558071056                0           0   207.10511139612015        3.9178697793776814E-003   4.1717120675385409E-005         924 -0.19813590237332351                0
         157         158  0.17882018552997023        8.7937108552675433E-002  -4.2075864684578861E-005  0.98506928274738348        36757383.241142608        1392.7559066917920        8.4247890442753768       0.37097105671075353                0           0   127.98286610291707        8.4192969141556606E-003   4.0262631425810782E-004         860   5.6692975200093552E-003           0
         145         146  0.11284151051838727        7.1741434973604884E-002  -2.4259772744677013E-005  0.99379691439654871        37282220.930551395        1243.5737840974950        14.987392694945727       0.41398481798781345                0           0   126.18119683395126        6.0444529586410724E-003   2.0641778017707458E-004         848  0.14772660143732941                0
         399         400  0.17014458503807270        6.6018282057290864E-002  -2.6984159308157691E-005  0.99072570786349745        45922297.768265978        1551.2892918394616        8.9650239796879703       0.22145613042025766                0           0   102.44076377414244        5.4505736885051611E-003   8.7393727188344325E-005        1102 -0.12817504764383653                0
