 122 187   1   452 105   0      0.2   0.46   4.88  5.768     0.0  -0.2385   0.0000
  -1.208671   0.000000   0.287028   0.062472  -0.571267   0.053723   0.000000   0.000000   0.000000   0.000000
   0.00000   0.00000   0.15018   0.03387   0.00000  -1.20867   0.00000   0.00000  -0.92164   0.77512   0.20854   0.00000   0.00000
 NAME(I1)    NAME(I2)    M1[M*]                    M2[M*]                    EB[NB]                    ECC                       P[Days]                   SEMI[AU]                  RI[PC]                    VI[km/s]                  K*(I1)      K*(I2)      ZN[NB]                    RP[NB]                    STEP(I1)[NB]              NAME(ICM)                 ECM[NB]                   K*(ICM)      
           3           4   8.7970317491499028E-002   4.9196061553816367E-002  -9.2897646351125171E-004  0.98018963898304645        71340.815372945974        17.361255191394889        7.6422562146048900       0.17493664086469213                0           0   65941.428242054317        1.0539810829294615E-004  0.12500000000000000              706  0.11313739293047756                0
          57          58   8.8793517676333700E-002   7.4789808565780366E-002  -1.3944536633748324E-003  0.99288618157622466        67519.482439442989        17.747571380570307        14.082953127957438       0.56267540222635259                0           0   69673.449613065080        1.0843421479498632E-004  0.50000000000000000              760   1.1548171468617663                0
          59          60  0.52934127945164156       0.11516011942956719       -3.1001072744619322E-002  0.99635260950274573        9025.0375450904266        7.3279160146024838        17.744303694163907       0.79277849931059763                0           0   521251.59969045070        4.4850020571511419E-005  0.25000000000000000              762   1.4517293186443374                0
          63          64  0.11284127030153632        5.3401276685359052E-002  -1.4468849236327175E-003  0.97984293960292113        54774.265105649982        15.520472950299069        11.983258556745675       0.39700063184736994                0           0   85885.502043175962        9.4206442072616631E-005  0.12500000000000000              766  0.23324247433170314                0
          83          84  0.10272953417562042        4.1373672231505683E-002  -1.2819188696754095E-003  0.97370419826673227        41789.837138321200        12.356008093958177        14.002246620373883       0.34814417504797318                0           0   112570.79662870750        7.4766174595093939E-005  0.50000000000000000              786  0.23225787276544274                0
          87          88  0.10306885414503236        3.0345968261083246E-002  -4.1821248241819420E-003  0.98428134930470224        4652.7998571211401        2.7870887101701558        15.212868434509019       0.29653722732816401                0           0   1011071.9141389197        1.6955045282497800E-005  0.12500000000000000              790   8.8512525101057837E-002           0
         105         106  0.12790761581087476        8.1406408734692293E-002  -3.3640542461646258E-002  0.96974758674909145        989.02684361157492        1.1534833915785283        18.373336447046043       0.34020171671943367                0           0   4756509.1767037120        6.9657331703446991E-006  0.25000000000000000              808  0.11608082678956008                0
         131         132   8.4797441590329786E-002   6.4637458177469395E-002  -7.7121942017657882E-004  0.98912831439601701        128788.41655396212        26.485513546867381        7.7912393037396663       0.46397306640819491                0           0   36527.471829531067        1.6151620773559698E-004  0.12500000000000000              834  0.12379588040262113                0
         137         138  0.13717930409073115       0.13193897190263901       -4.0334545728335997E-003  0.97817964388784162        48147.574536657077        16.722602131164937        11.816507795178955       0.15543077069785929                0           0   97706.173216745112        1.0141787278782275E-004  0.25000000000000000              840  0.66835663406181400                0
         167         168  0.11739175763496201        6.6852661947444644E-002  -1.3371095085191684E-003  0.97921691183512483        87047.450602289726        21.873015901955345        12.745300332047540       0.67078934155758574                0           0   54043.113555826756        1.3272323952673876E-004  0.25000000000000000              870  0.41894334334765537                0
         177         178  0.17518944591650459       0.15841447355487015       -4.8844045916293037E-002  0.97081544669269548        1948.4551180766894        2.1174370246531056        3.7505752503614129       0.80597041837985062                0           0   2414382.1502485364        1.2793853451865820E-005  0.25000000000000000              880  0.51046255179203381                0
         181         182  0.16494482085752635        4.8117280213717237E-002  -2.2342341753636167E-003  0.98308070947828008        38113.841390388654        13.238244572811659        5.1839887521276840       0.30642583976840820                0           0   123428.00111539195        8.0485139620415977E-005  0.12500000000000000              884   5.3808031469719644E-002           0
         193         194  0.13607741833753259        1.4509867592654014E-002  -3.3139095177587647E-004  0.98026160729439438        98477.807758994706        22.203845682541278        15.656603615494308       0.69157730596988298                0           0   47770.308506030713        1.3480179630591914E-004  0.25000000000000000              896   1.2002376747407302                0
         195         196  0.23980714281985319       0.16746154432118399       -1.7866781603804005E-002  0.96643523058497638        13874.745800257982        8.3762612435180923        11.106021327267893       0.97783211302194162                0           0   339055.96004197007        5.0498069052990366E-005  0.25000000000000000              898  0.74687961249785018                0
         207         208   9.9440827635248155E-002   5.0100703362626467E-002  -8.7683211256005204E-003  0.98112175417415370        2910.2243960466299        2.1174416066239212        3.8910029796509624       0.74940547037790273                0           0   1616478.5313583727        1.2860786271453537E-005  0.25000000000000000              910  0.45584272907937523                0
         225         226  0.11258739991983015        4.7810171057872303E-002  -9.4939383745014589E-004  0.98185672257896206        88575.957032427817        21.129198100363176        15.906034600147857       0.59607526790752807                0           0   53110.521356517827        1.2838083044770557E-004  0.25000000000000000              928   1.1145599998273825                0
         235         236   9.9158490776633662E-002   3.5661683213779022E-002  -5.1301121046354124E-003  0.96614283730650707        4095.4263718306088        2.5687641194955386        7.0717452586210410       0.28986857067454397                0           0   1148675.3345151674        1.5484037106406675E-005  0.12500000000000000              938  0.12792015095631110                0
         239         240   8.3253089810449737E-002   5.9845060969569666E-002  -7.4110620056441019E-004  0.97866503909393976        121080.59857328323        25.053451414275163        15.878410505915628       0.46421579394291723                0           0   38852.758518512826        1.5197941044801133E-004  0.25000000000000000              942  0.14856112553182840                0
         247         248  0.12867704596478571        5.6124925773135610E-002  -4.8755267774440045E-002  0.97148621675522984        348.47281385192167       0.55201979559906922        18.732915639288404       0.62693206642767663                0           0   13499805.639483234        3.3365167437779866E-006  0.12500000000000000              950  0.54678909536985176                0
         249         250   8.3325272192247987E-002   6.4931060179189190E-002  -5.9417119074347373E-003  0.97581540753508467        5929.7866670524481        3.3934150410168407        16.197462748755228       0.53981426073100713                0           0   793336.34104971308        2.0555510157367267E-005  0.50000000000000000              952   1.3353487258005821                0
         271         272  0.13618545113931463       0.10282415591629936       -1.7643068358636144E-003  0.98806680624688603        120181.93023047518        29.578155387187675        6.6984945431367189       0.50769931858185202                0           0   39143.282593508091        1.8027976026539725E-004  0.25000000000000000              974   8.5739306789326911E-002           0
         287         288   8.8414603939471620E-002   4.2704642040310346E-002  -5.8515194294090581E-004  0.98093659039144399        118941.02246670357        24.046383900145148        3.0905092268875105       0.61716345924331051                0           0   39551.663169548527        1.4603779329379048E-004  0.25000000000000000              990  0.21481502149735404                0
         291         292  0.10251315781699964        2.9651563345757474E-002  -1.1831110334550475E-003  0.98075559013170377        29765.556837160901        9.5746088155111213        9.0360751551322220       0.59150212255397672                0           0   158045.59892431262        5.8142920318824777E-005   6.2500000000000000E-002         994  0.24131201403875624                0
         303         304  0.77980953382043972       0.33783563817501155       -5.2382472905160467E-002  0.97671789874474535        28033.625192942258        18.742492285908785        5.9531312365991740       0.63497434208363590                0           0   167809.73653129677        1.1358394461059082E-004  0.25000000000000000             1006  0.23075951367812511                0
         311         312  0.16827131513595273       0.11782564957455051       -9.1314488263872420E-003  0.97485864189666582        15717.300866973132        8.0915100549741776        14.423156613445952       0.18221024406383113                0           0   299308.08714936365        4.8990345746074786E-005  0.25000000000000000             1014 -0.14201212501066890                0
         321         322  0.12252965187021556        4.0765808550071510E-002  -1.0952504619379879E-003  0.97557453106160041        63331.226025514967        16.995860241612995        16.505069079903986       0.47057870689521725                0           0   74281.133539866772        1.0293936416602254E-004  0.50000000000000000             1024  0.78541019066725482                0
         323         324  0.13577855073708561        2.1714876777924844E-002  -1.0672784058174505E-003  0.97737634574565457        30402.145619620234        10.295090097572151        11.903699955976540       0.59175109515758850                0           0   154736.29119810546        6.2411468000077191E-005  0.25000000000000000             1026  0.38851834614847242                0
         337         338  0.14234346256931027        4.8688670540606271E-002  -2.7220309402593351E-003  0.98436219341894415        24424.438780536861        9.4883723855236379        16.204331958353524       0.49545822492373920                0           0   192606.89262565569        5.7724153992768256E-005  0.50000000000000000             1040   1.5594694167085277                0
         357         358   7.9717634398698847E-002   3.5168480550120958E-002  -1.1543449013877967E-003  0.99034897964864510        29342.295402160125        9.0508997532508531        13.618587478224210       0.51061844310145599                0           0   160325.40035359471        5.5228836842580753E-005  0.25000000000000000             1060  0.89786499823843002                0
         363         364   8.0030474895858961E-002   2.5241398542184282E-002  -3.2505135387658957E-004  0.96900162088983910        125469.53716214608        23.159872534501439        9.8381426781035071       0.68316282956642671                0           0   37493.684634903126        1.3980643129274424E-004  0.25000000000000000             1066  0.47810669289667551                0
         371         372   9.0756420354949963E-002   8.9399293653254358E-002  -1.4941626717007766E-003  0.97790038526241019        78336.750524128642        20.236383406048532        7.9433684843909749       0.38741349865398095                0           0   60052.468683849453        1.2271064128272370E-004  0.25000000000000000             1074  0.20476888420126729                0
         383         384   9.3433970454860987E-002   6.5975786712685114E-002  -2.9999592269293533E-003  0.97176827062077331        19385.313257799193        7.6576121486429507        12.241022666830288       0.53968932016864790                0           0   242674.19334851863        4.6290742961604388E-005  0.25000000000000000             1086  0.51767916651783707                0
         395         396  0.10118924464727580        7.2387835402996439E-002  -4.0679476328368365E-003  0.98184110250843104        15239.121285685993        6.7103307468978812        7.2006632078096198       0.47320793533629768                0           0   308699.90266850201        4.0771591993552411E-005  0.25000000000000000             1098   5.8181491129692599E-002           0
         401         402  0.11008182267075275        8.1520559788653676E-002  -2.1754919003101718E-003  0.98946501741247106        50292.904508829961        15.372504553420699        9.3639821951063009       0.48269468696942180                0           0   93538.349069078395        9.3761781152373525E-005  0.25000000000000000             1104  0.16279173069761094                0
         219         220   5.9461379470541447        2.5291364086335988      -0.75299076982192070       0.98221912150944157        80559.862777643633        74.428097414589246        9.4119474049443532       0.26534544012846412                0           0   58395.273967004177        4.5230718866207646E-004  0.12500000000000000              922  0.17554291016465701                0
         159         160  0.52009082554844766       0.13749382338007102       -6.8562166579241961E-003  0.98252657550525302        109146.58921206869        38.868446659729038        4.8352251578734675       0.56637586135390761                0           0   43100.891119047374        2.3624417772278330E-004  0.12500000000000000              862  0.23457438054135088                0
           1           2   2.0244841138268650       0.61000484406818434       -7.0741485713423660E-002  0.98738152934187551        118081.33591071346        65.056817812538299        14.112642624509702       0.45623233286425974                0           0   39839.617509086311        3.9638661146352313E-004  0.12500000000000000              704  0.10276991912214078                0
         283         284  0.18094602805437388        8.1870494517192083E-002  -1.6064068193646895E-003  0.97697797871714775        143540.44546752289        34.366892541613126        5.2204028048967892       0.30810031643247104                0           0   32773.447527785116        2.0829891525217590E-004  0.12500000000000000              986  -4.3843133154980229E-002           0
         185         186  0.24628085064239766        6.9358336926096664E-002  -1.8551080494142963E-003  0.99057546901522908        130681.44545928008        34.314639623851313        9.9308611052775451       0.57419799536400817                0           0   35998.341165507023        2.0941269287605858E-004  0.12500000000000000              888  0.25171437299999505                0
         191         192  0.17819880543248182        5.0730547014061628E-002  -8.9966543292994278E-004  0.98450778698896024        174927.64032278312        37.446621017460309        15.645780372247529       0.61939563591651081                0           0   26892.921261409472        2.2782970840593575E-004  0.12500000000000000              894  0.50379133458043512                0
          71          72  0.16939743337267674        2.6319217633798585E-002  -4.7647967898261517E-004  0.96976219828091648        170003.73667627125        34.870225322542275        10.016229741280238       0.26278965292369294                0           0   27671.834452691655        1.5082883319385277E-004  0.12500000000000000              774 -0.14200974955952272                0
          53          54  0.10539273585624893        8.3691576402142989E-002  -9.4861616487088496E-004  0.98840746126056767        171334.30925667207        34.651436372167325        12.212296481175816       0.31801584054932586                0           0   27456.936547351612        2.1096666920612941E-004  0.12500000000000000              756 -0.16737412817046637                0
         245         246  0.10614450888457336        7.9534736728126665E-002  -8.8338078697462622E-004  0.97533507163214717        180155.36208468804        35.614411017835778        12.244847552226586       0.24888111682901762                0           0   26112.546433302068        2.1568078356416255E-004  0.12500000000000000              948  0.14732233369178310                0
         331         332  0.12214104311112879        9.8521910482032543E-002  -1.1537755047203683E-003  0.97154055198387024        188414.45473505274        38.868024797675822        13.737526774886488       0.30084088412630650                0           0   24967.910579153504        2.3493249830021899E-004  0.12500000000000000             1034   2.8629229684837054E-002           0
         203         204  0.10958957416913398        5.6611292613942377E-002  -6.2817234305771752E-004  0.98494187057407623        200051.97130642890        36.805509599966030        13.039593987059419       0.17763803233095712                0           0   23515.465640870621        1.6988547057778460E-004  0.12500000000000000              906 -0.19203328704278827                0
          21          22  0.17137201111473407        1.8580527211685235E-002  -2.8964617018065918E-004  0.97725619083110171        219756.57682243298        40.968444197440832        7.7830721874614950       0.25868612163036953                0           0   21406.937283364805        1.8343950172520064E-004  0.12500000000000000              724   9.9300847682692095E-002           0
         369         370  0.35577330781196675       0.28758888866695975       -6.5923629871082615E-003  0.96841922705639494        200307.85819162280        57.839387851881206        17.307321841878021       0.50859628659775002                0           0   23485.425385280789        3.4904883910831302E-004  0.12500000000000000             1072   1.6923347087857976                0
          77          78   9.3430964505624117E-002   2.0354482771848002E-002  -1.6334883162896549E-004  0.97425183352183942        309441.22681298596        43.386459025179242        13.668210172496694       0.51426928365452707                0           0   15202.613129787858        1.8457846561722538E-004  0.12500000000000000              780  0.92610080306489806                0
         315         316  0.30834333591613694       0.21242803698149326       -3.5544000840579989E-003  0.96932722246065328        288048.63087816222        68.675120176768687        9.9652938862980278       0.38370625897238070                0           0   16331.670257563481        4.1463143421502049E-004  0.12500000000000000             1018  0.23542735974012211                0
          89          90  0.20842321107894346       0.10223825271363279       -1.3435582502014560E-003  0.98702482580270168        297769.38109927031        59.104743533761280        7.0942237549568965       0.77868958283224388                0           0   15798.519109916271        3.6005640583131949E-004  0.12500000000000000              792  0.43088030952616552                0
         155         156  0.50373356431637750       0.18870347651975347       -4.6345267489272665E-003  0.98128177235206437        293320.33962033020        76.435433608783669        11.699334444635738       0.66169066293410217                0           0   16038.148816184937        4.6428632181207922E-004  0.12500000000000000              858  0.41807483823813324                0
         187         188  0.16652052450678573        4.4390738220572948E-002  -5.1200105471243477E-004  0.98740860044556455        313872.49940009229        53.803263366689940        6.7901302045440168       0.68099750875430132                0           0   14987.981637882163        1.5401396217716847E-004  0.12500000000000000              890  0.30577790994594017                0
         255         256   8.3811449474318997E-002   3.0344259974373743E-002  -1.9498774621546684E-004  0.99476358635673934        366335.73421504453        48.606227887337262        11.127614530837903       0.47779376235192045                0           0   12841.540746017587        1.7373772739312873E-004  0.12500000000000000              958  0.28497359947651080                0
          93          94   8.5361728603296438E-002   7.1347741082274679E-002  -4.1080252103106030E-004  0.97812880800934654        378910.90214675880        55.249666982163497        12.977367264981753       0.36564039589361763                0           0   12415.359998859836        1.7179347800011020E-004  0.12500000000000000              796  0.39352150625702498                0
          95          96  0.62290701776509083        9.1312241257938784E-002  -2.4694065292243401E-003  0.98229530168768975        343710.58082580991        85.837877497929924        10.412707855096549       0.50780719020403453                0           0   13686.850274850505        5.1651411299788094E-004   2.2808663259841005E-004         798  0.34483561582742051                0
          67          68  0.52597586808430075       0.46375414949012228       -9.5351984985231255E-003  0.98266064699714351        341740.68956755206        95.332992401100725        16.773070219342607       0.38329874658781066                0           0   13765.745201713413        5.7947742737167690E-004  0.12500000000000000              770  0.11795861968964885                0
         213         214   8.6717284611907239E-002   1.7710005955573944E-002  -1.1427078035879827E-004  0.98213695314694749        400632.33674856107        50.085097135765906        8.0738109320324636       0.37319128017197367                0           0   11742.225542311169        1.5552041722878169E-004  0.12500000000000000              916  0.17926424320190534                0
         313         314  0.11479116130453372        5.7685466757393881E-002  -3.9453446450446250E-004  0.99253727403468150        435049.79924732697        62.547398305763593        4.7685348639556517       0.37988399360819119                0           0   10813.279918261374        1.7042172232509015E-004  0.12500000000000000             1016   9.2917938873711359E-002           0
         365         366  0.29906545429998188       0.27572229150032296       -3.4223050706489746E-003  0.97703614846779008        409915.73603235272        89.792227251814452        13.453621091823202       0.28644945766119551                0           0   11476.298283102440        5.4424978456707430E-004  0.12500000000000000             1068 -0.23262809153595088                0
         201         202  0.41909726131645580       0.36316033186407948       -5.4401348907038797E-003  0.97784193266974673        439642.50440806977        104.26124217537117        13.469694663441889       0.39202085317528651                0           0   10700.319487940789        6.3220712582260643E-004  0.12500000000000000              904   4.7959627849180092E-002           0
         171         172  0.11855449161888632       0.10910379859810015       -6.3808363105355751E-004  0.99690688946593098        502629.43037454027        75.543937317710842        2.7990879397627690       0.23102526778570792                0           0   9359.4106778413025        1.6222029374787257E-004  0.12500000000000000              874  -8.1430069086853879E-002           0
         347         348  0.19457293008789711        9.8264029982305379E-002  -8.4213227326918961E-004  0.97623178622328566        525292.62380639045        84.608893442837001        5.6948105493433250       0.45002834132186270                0           0   8955.6088253366652        5.1262384884362530E-004   6.2500000000000000E-002        1050  0.17537718613791409                0
         343         344   9.9716206803828866E-002   3.9838043689421537E-002  -1.9541286924161294E-004  0.98547806040898511        644708.77578794607        75.758248904357316        17.322603588717062       0.68586526880805354                0           0   7296.8066114739531        4.6110969753691106E-004  0.12500000000000000             1046   1.8166985015807957                0
          55          56   8.3915877860446200E-002   1.7498204653530233E-002  -7.7740196882517218E-005  0.96898154446861051        677342.13462491788        70.390059717499767        13.577697829060073       0.14583463076368439                0           0   6945.2570823012566        1.8325936041652929E-004  0.12500000000000000              758 -0.19802565997378280                0
          99         100  0.11123848720615616        3.9011678252708890E-002  -1.9764343022701515E-004  0.98119635498491209        697449.45099556562        81.825121918085514        10.562417261972890       0.54328049500485565                0           0   6745.0268272914218        1.9609050585244134E-004  0.12500000000000000              802  0.14381884541555645                0
         391         392  0.13558686976987694        5.7578981684498085E-002  -2.5446740011902898E-004  0.98428057182237338        1015963.8259505472        114.33226250480101        12.527100709491492       0.38029015618792311                0           0   4630.3964151906221        1.9855493643177781E-004  0.12500000000000000             1094  0.14396443391819663                0
         385         386  0.12648191059682606        5.9749107023494945E-002  -2.5030111744847215E-004  0.99192399726360403        1010156.8010307509        112.51654391747591        14.009092332725489       0.28186041069722256                0           0   4657.0148840700185        1.9971473045980897E-004  0.12500000000000000             1088  -1.0641751023843739E-002           0
          41          42  0.11122608390456809        8.6847116325004775E-002  -3.0034655602715249E-004  0.97689552612968544        1076875.4069236529        119.85571002551679        3.6827755137575751       0.81660690073264142                0           0   4368.4861102769009        1.9934720720389158E-004  0.12500000000000000              744  0.51209746210572205                0
         345         346  0.55774375829353751       0.47607345656862060       -4.7923803546830179E-003  0.97923176074338625        1065819.0059203701        206.47940675782556        2.3250951726272335       0.23311167489928505                0           0   4413.8031237137029        1.2529054742208931E-003  0.12500000000000000             1048  -3.0876240332092054E-002           0
          73          74  0.94128231410560004       0.69908498357263338       -1.0547991353088345E-002  0.98595090542721642        1010924.7705775029        232.48741209934116        13.780250461967748       0.46068893034477837                0           0   4653.4770880699325        1.4155097427745917E-003  0.12500000000000000              776  0.32378328248808008                0
         285         286   8.9462339041284894E-002   4.2834040765278178E-002  -1.2838168338598593E-004  0.97556116315563901        1178106.6063545495        111.23605151706303        8.7170242475531570       0.64660452117540079                0           0   3993.1150816660524        1.4410236536712358E-004  0.12500000000000000              988  0.21734613456635488                0
         293         294  0.55382231722128972       0.12326253909399966       -1.3046202120956597E-003  0.97555013427591697        1208714.8768618368        195.00098063437505        13.127065479182336       0.45566504123743562                0           0   3891.9974823661364        1.1809822740092247E-003  0.12500000000000000              996  0.99343710889702086                0
         123         124  0.67985937278035102       0.12376754478802159       -1.4259437356367586E-003  0.97763450747397851        1328700.8239903566        219.90890269502705        10.090957432856531       0.52051892773242769                0           0   3540.5376234484115        1.3330674591925293E-003  0.12500000000000000              826  0.34945279332963386                0
           7           8  0.10772050310063933        1.1526931384030817E-002  -3.7943697728780554E-005  0.99082248886431246        1424470.1409572540        121.95279694780302        9.0115630674028573       0.42825237902636282                0           0   3302.5018372680170        1.6260639909577266E-004  0.12500000000000000              710  -2.5394322633125244E-002           0
         355         356  0.32294731613854971       0.22153041596011064       -1.4146791448691402E-003  0.98835597978780254        1280677.5733209376        188.46314208734015        7.0445878969879949       0.41125361621531575                0           0   3673.3018174480535        1.1488556879049804E-003  0.12500000000000000             1058   6.7019006684538085E-002           0
         117         118  0.40216802461087314       0.11268199431891886       -9.3948131643061938E-004  0.97690707695788359        1226845.1060164988        179.76007936485891        14.707589363241835       0.58525199582041554                0           0   3834.4818221751120        1.0894929361876689E-003  0.12500000000000000              820  0.95977469104723678                0
          85          86   8.0567479673496034E-002   7.0359839832317903E-002  -1.6540594186675728E-004  0.98642166572395873        1357017.8794508749        127.71821781941760        6.6313722929079759       0.29166078881811291                0           0   3466.6567986181526        1.9401392259058692E-004  0.12500000000000000              788  -7.2819320004719523E-002           0
          47          48   9.8900608463481726E-002   3.1153535981132970E-002  -9.0443949087021743E-005  0.96929450295796848        1448762.9164048610        126.95392421516813        16.150723347754990       0.82923432757137139                0           0   3247.1256714098058        1.9207619232510233E-004  0.12500000000000000              750  0.40691291503043336                0
         387         388  0.11696728908539532        8.3148869844046139E-002  -2.2937100081602425E-004  0.98803405086059592        1621815.8781295095        158.01619567392785        7.9472224382881125       0.43947580759338195                0           0   2900.6469359952230        9.5257738068434139E-004   3.1803068013000913E-004        1090  0.21266208483468882                0
         103         104   9.4240900685283069E-002   8.1646476448274677E-002  -1.9581474411928143E-004  0.97430932578693863        1543295.6101144454        146.43699954217337        6.3844852407081349       0.17021730591443254                0           0   3048.2269416265021        8.8618227905427590E-004  0.25000000000000000              806  -4.3195164393608099E-002           0
         215         216   9.9764396033006283E-002   5.7531129034738331E-002  -1.3467170227244636E-004  0.99202500142069505        1843377.2888768672        158.82594977762659        17.465989971049872       0.26915961763405216                0           0   2552.0089056272404        1.9606910170443681E-004  0.12500000000000000              918 -0.28014122190384028                0
          65          66   8.1196656538748205E-002   3.2700733033609646E-002  -6.2627861262289943E-005  0.98184767372588766        2149336.5504112290        157.99647215383459        10.244862952722604       0.55150527153451934                0           0   2188.7290088398181        1.9363885980735446E-004  0.25000000000000000              768  0.14625988155451686                0
          15          16  0.12041882448822794        4.7134796559794988E-002  -1.1370748620294229E-004  0.97825164521118502        2263928.7909641471        186.02285177799217        11.910715026792468       0.56453179955856858                0           0   2077.9431210119114        1.1281688166013199E-003  0.25000000000000000              718  0.22039615342450530                0
         243         244  0.10897784068549871        6.2870305948584129E-002  -1.2688985103554134E-004  0.99345305026723485        2514966.0648626112        201.22235189126619        11.592849238395948       0.34051432901194328                0           0   1870.5283237695505        1.2297376519750148E-003  0.25000000000000000              946   8.9936964744517275E-002           0
          37          38  0.10983277472157330        9.0349772612143470E-002  -1.6313461273031012E-004  0.98167519740275366        2786284.6185355540        226.68993556755197        15.890357535971079       0.58091366774898812                0           0   1688.3828831949368        1.3772225981147541E-003  0.25000000000000000              740  -8.3158506620661321E-002           0
         403         404  0.17519688796893346        3.8994197612049461E-002  -1.0593115443068271E-004  0.98390157386802668        2940509.1727814814        240.33775858890442        13.227203993303192       0.47095072278768890                0           0   1599.8301590723706        1.4513339240898612E-003   3.7853632757690219E-004        1106  0.13101579595986676                0
         127         128  0.41687934908818136       0.27898104023835063       -1.0601324713850049E-003  0.99434194081511351        3619474.9262651657        408.83142482301037        11.653416757337359       0.22503631672555008                0           0   1299.7231237899509        2.4997052625840904E-003  0.12500000000000000              830   2.8456986221598791E-002           0
         217         218   8.1228311512873880E-002   6.5270211912634449E-002  -8.4864059256294254E-005  0.97696892315676265        3390006.8490829859        232.81876606981328        15.321283656617108       0.78710557229253331                0           0   1387.7008121435813        1.4110585494170628E-003  0.25000000000000000              920  0.28230886873273220                0
         175         176   8.2952047495663137E-002   3.6571247402372269E-002  -5.1727598172234531E-005  0.99014064075536101        3413577.8031535153        218.55659020566833        15.200258950450802       0.56823475530178025                0           0   1378.1186569993645        1.0909046468571644E-003   8.7336848173078690E-004         878   3.9481322256275708E-002           0
         143         144  0.25022565110097550       0.15769561095085233       -3.9893226177458845E-004  0.97378367469115990        4047244.7606835263        368.61381757316616        8.1849371075442789       0.62478155053817808                0           0   1162.3500766111972        2.2305190603367172E-003  0.12500000000000000              846  0.20814417041096347                0
          61          62  0.16574606629006447        5.1105325148539382E-002  -1.0680914848388477E-004  0.98146224652464376        3985102.7316611102        295.54272204541036        9.1886021257855823       0.42729088703415091                0           0   1180.4752786595950        1.7952874583487142E-003  0.12500000000000000              764  0.31588286638886665                0
          29          30   9.2064989403419284E-002   3.8673592252436655E-002  -4.8326417632826574E-005  0.98790084533106615        4595724.3541263249        274.56410217347485        6.1331738544469365       0.78306446502211480                0           0   1023.6286807368981        1.6733196375634911E-003  0.25000000000000000              732  0.46438212361218856                0
         237         238  0.17519413512811899        4.8620481183886892E-002  -9.6133046925272949E-005  0.99516489023133436        4632593.2409340926        330.20636827131904        17.842153912150781       0.55236353403673355                0           0   1015.4820449326151        1.9984115928462558E-004  0.25000000000000000              940  0.71369789447180398                0
         147         148  0.31456825641218544       0.25964081492902225       -6.6243600918377415E-004  0.98456015427272825        4747337.3481747657        459.47645601886813        15.683151799982113       0.45643704022261539                0           0   990.93763780099937        1.9668248657376449E-004  0.25000000000000000              850  0.11999706933584695                0
         399         400  0.17014458503807270        6.6018282057290864E-002  -2.6982754969005962E-005  0.99084785066475911        45925882.909212947        1551.3700299364684        10.550284678133677       0.24375910326696151                0           0   102.43276687667239        9.4527496206337283E-003   5.5804066671661799E-005        1102 -0.15261019607593701                0
         281         282   8.0478030877779258E-002   1.6466831233086777E-002  -1.7957728848208072E-005  0.98262507477014693        5350086.2037884565        275.01431641381362        14.679294236377332       0.51415521646728513                0           0   879.29709512223997        1.6579928041274854E-003   1.1708355362774537E-003         984  0.44963383476899016                0
          45          46   8.6894120985331738E-002   8.6164685909330241E-002  -8.2040856412477007E-005  0.98387083180607882        5506893.1944410549        340.10174038637848        9.4943033127796923       0.60143380357261678                0           0   854.25939664011355        2.0685513436049150E-003  0.25000000000000000              748  0.51246682838655355                0
         161         162   9.3309048906446132E-002   9.2827486138433946E-002  -9.1370605921328629E-005  0.98808171909355069        5621396.0864868872        353.27522634642952        7.5778974369427337       0.51363955797089234                0           0   836.85888438876088        5.9923098830710756E-004   2.6454773880937930E-004         864  0.15834541778205657                0
         309         310  0.10545420084030525        5.3264404142991120E-002  -5.7855495593977865E-005  0.98363597107776712        6309425.5400360068        361.80592593708820        13.600820677357479       0.51766399405834551                0           0   745.60120058377254        2.2003001492994592E-003  0.12500000000000000             1012  -2.5542344533064587E-002           0
         189         190  0.11107991559331475        5.1209466390144058E-002  -5.9401457297079668E-005  0.98671314114777653        6112335.9088638304        356.86834591407722        18.321546483514052       0.13473953985960291                0           0   769.64278923590894        2.1736268209196817E-003  0.12500000000000000              892 -0.14490121636785128                0
         289         290  0.10428359770713377        2.3242149003040714E-002  -2.7029401458164470E-005  0.98098526865643076        6248187.8499369277        334.17595203239722        14.699591157172078       0.16600275220682270                0           0   752.90874260322551        1.1365957430369766E-003   4.2003158751435663E-004         992  -5.9183329409224182E-002           0
         115         116   9.5073144526220191E-002   4.6025486525321645E-002  -4.6726263478262970E-005  0.98361077625756288        6339435.9430684811        348.99124241529205        10.731395411121179       0.43941127276836989                0           0   742.07158174513086        2.1223306805025111E-003  0.12500000000000000              818  0.19392642577847027                0
         223         224  0.13901763968801717        6.0776114313866474E-002  -7.7059048874836370E-005  0.98944293986962761        6749118.7557937112        408.60016021707810        8.0427808023095757       0.40428104076230192                0           0   697.02659382106617        1.9606747207253925E-003   4.5121856686282125E-004         926  0.15600271956753395                0
         299         300   9.2079428251349071E-002   8.2023039557947389E-002  -6.9096407859679316E-005  0.98687547912738427        7196664.7094794670        407.34495222562936        17.343274152680390       0.13029210444566278                0           0   653.67992640371665        2.2321060519485429E-003   5.1438738489187905E-004        1002 -0.35698129078984431                0
         199         200  0.11230093762090229        4.7925291740752780E-002  -4.9845320530023470E-005  0.98557578802919299        7365259.5215128316        402.38621163417127        12.925904784688713       0.23202496367114667                0           0   638.71683596540686        2.4494184751019071E-003  0.25000000000000000              902  0.84825626674376053                0
         373         374  0.15845034820673778       0.15233439132851201       -1.7085684476742514E-004  0.97953496372201299        7914574.1519922288        526.47543691189117        6.9096636132480151       0.46104420011607145                0           0   594.38640251549214        2.9134452847735339E-003   2.1925313603063159E-004        1076  0.14075454720546204                0
          69          70  0.10464422723177559       0.10349050793134676       -8.6377732787562200E-005  0.98042651398566583        8085705.8082159301        467.23280664956275        12.315596758469603       0.18454276399995023                0           0   581.80638391081243        2.8368343572848856E-003  0.25000000000000000              772 -0.15158454184414141                0
         267         268  0.11152016154947933        1.9237634443879208E-002  -2.0549701936858366E-005  0.97571005584687576        7751481.7534323689        389.06204647318407        4.8512457741549646       0.52389621847389667                0           0   606.89238616367572        2.2785295853392645E-003   5.9273629931214859E-004         970  0.14372764094404950                0
         183         184  0.10185732075756881        5.4219839429199369E-002  -4.3501503750870766E-005  0.97494252851370478        9514125.1504044235        473.11371912943997        16.714272905668118       0.32258298623528536                0           0   494.45589408131690        2.3378657691888452E-003   6.9651512261608418E-005         886   1.2636924655412418                0
         265         266   8.4095384718170976E-002   3.6296916915751078E-002  -2.5177882587235232E-005  0.98208311356000400        10108900.286244119        451.79563548601698        6.4052886704409744       0.44565931560894650                0           0   465.36370173185406        2.1362252100681472E-003   3.0103479995930013E-004         968  0.24454133684387327                0
         367         368  0.20322917187314732       0.17631903439505672       -1.9839614924491538E-004  0.98271805687074831        10352941.707005925        673.08721875933190        16.752106139198212       0.56719690965228586                0           0   454.39406410076776        3.7667496205222757E-003   2.2821779371451933E-004        1070   1.6101971678588660                0
         305         306   8.5255713978393793E-002   1.6586699482616780E-002  -1.1931200371230782E-005  0.97557216214542408        10624387.113807641        441.69112072417624        14.160396487270008       0.31747578377798669                0           0   442.78462439785847        2.6751951435917505E-003  0.12500000000000000             1008  0.11497257736628186                0
         325         326  0.14296285691723640        1.8018411898666035E-002  -1.7591034512000332E-005  0.98525910189351285        11605238.715074902        545.71725305743564        6.1638667752890361       0.33420168138626022                0           0   405.36135215676182        1.9976652747874619E-004   6.2500000000000000E-002        1028   2.7138529808363485E-002           0
         119         120  0.12744757891135747        8.2887871857059842E-002  -6.3848789170769046E-005  0.98269985033698937        12193204.574003790        616.57973866081329        6.3702855659150002       0.28246806951484849                0           0   385.81451078697370        3.7479255214838184E-003  0.12500000000000000              822   2.5437092028404662E-002           0
         133         134  0.13034205300579016        4.8697333779162973E-002  -3.8327386909679677E-005  0.98106036952019815        13234749.730862085        617.16297846530210        9.5995924845124261       0.38943702630750821                0           0   355.45177304522656        2.7523089281356536E-003   2.8351083911378258E-004         836  0.23854896998206784                0
          17          18   8.8310858010865509E-002   3.6165089814597706E-002  -2.2321003472730643E-005  0.98140412768925933        12747100.610456508        533.22349031307033        10.048141593204587       0.38070558354039058                0           0   369.04982563531280        3.2391129273980847E-003  0.12500000000000000              720  -4.7422011123659930E-002           0
         275         276  0.13196141201412448        6.9014568623332620E-002  -4.7734132757267392E-005  0.97882276368584897        15446681.546503691        711.01380186613767        12.189196507003119       0.41275959558916164                0           0   304.55183810723219        4.1535260276431849E-003   3.2562294276779820E-004         978  0.41936672960461274                0
         221         222  0.10685030920939192        6.9974509155263417E-002  -3.1624899132609127E-005  0.98393046389162697        22715764.672734685        881.06070253328858        11.494074924441010       0.17633425748448198                0           0   207.09473466641720        5.3235748264054746E-003   4.7615173481883939E-005         924 -0.23069860459257802                0
         157         158  0.17882018552997023        8.7937108552675433E-002  -4.2075751344464014E-005  0.98508945136684900        36757531.762156874        1392.7596583803388        7.3952940082660508       0.37410143124060885                0           0   127.98234898046161        8.2008507181511557E-003   9.9452119732761421E-005         860   2.5580961202656252E-002           0
         145         146  0.11284151051838727        7.1741434973604884E-002  -2.4259738284049343E-005  0.99376909571850836        37282300.368909843        1243.5755505771106        13.078140488908936       0.40669963391951419                0           0   126.18092797642250        7.2423996698120739E-003   1.1318576187045244E-004         848  0.16528108379609463                0
         405         406   8.7236661288412828E-002   5.5735761705262711E-002  -1.4072219925743851E-005  0.99445696462918032        44632234.923073344        1287.6258857620342        15.057362468492711       0.59215368680004388                0           0   105.40174082147053        7.8733449665020893E-003   7.5407924480730693E-003        1108   1.3784341169046948                0
          51          52  0.11606384615255892        9.5064690585184505E-002  -1.2275456129205955E-004  0.98222101835291364        4873192.8446431570        334.96381541539967        2.3251340402943721       0.44225509718595102                0           0   965.34559735635480        1.8175486232312630E-003   4.2151668552879864E-004         754   4.8474807084202855E-002           0
