 1021671   1   373 176   0      1.7   7.73   4.63  7.703     0.0  -0.2148   0.0000
  -1.117539   0.000000   0.245505   0.096985  -0.663599   0.060150   0.000000   0.000000   0.000000   0.000000
   0.00000   0.00000   0.13709   0.02894   0.00000  -1.11754   0.00000   0.00000  -0.87203   0.66276   0.19180   0.00000   0.00000
 NAME(I1)    NAME(I2)    M1[M*]                    M2[M*]                    EB[NB]                    ECC                       P[Days]                   SEMI[AU]                  RI[PC]                    VI[km/s]                  K*(I1)      K*(I2)      ZN[NB]                    RP[NB]                    STEP(I1)[NB]              NAME(ICM)                 ECM[NB]                   K*(ICM)      
           3           4   8.7970317491499028E-002   4.9196061553816367E-002  -9.2897646351125171E-004  0.98018963898304645        71340.815372945974        17.361255191394889        7.0962410483441687       0.20885371191774779                0           0   65941.428242054317        1.0539810829294615E-004  0.50000000000000000              706   6.7117156316781140E-002           0
          59          60  0.52934127945164156       0.11516011942956719       -3.1001072744619322E-002  0.99635260950274573        9025.0375450904266        7.3279160146024838        12.726039083579936       0.91894679028514770                0           0   521251.59969045070        4.4850020571511419E-005  0.50000000000000000              762   1.3849274266749805                0
          63          64  0.11284127030153632        5.3401276685359052E-002  -1.4468849236327175E-003  0.97984293960292113        54774.265105649982        15.520472950299069        10.211705497226852       0.36616653152664225                0           0   85885.502043175962        9.4206442072616631E-005  0.25000000000000000              766  0.19061391619118140                0
          83          84  0.10272953417562042        4.1373672231505683E-002  -1.2819188696754095E-003  0.97370419826673227        41789.837138321200        12.356008093958177        14.233238949051652       0.42127300780466909                0           0   112570.79662870750        7.4766174595093939E-005  0.50000000000000000              786  0.30826792351080534                0
         131         132   8.4797441590329786E-002   6.4637458177469395E-002  -7.7121942017657882E-004  0.98912831439601701        128788.41655396212        26.485513546867381        9.1826768134624803       0.46156958110566398                0           0   36527.471829531067        1.6151620773559698E-004   7.8125000000000000E-003         834  0.11811821596866459                0
         137         138  0.13717930409073115       0.13193897190263901       -4.0334545728335997E-003  0.97817964388784162        48147.574536657077        16.722602131164937        9.5327894751445452       0.32069898412475822                0           0   97706.173216745112        1.0141787278782275E-004  0.50000000000000000              840  0.59684752025798882                0
         167         168  0.11739175763496201        6.6852661947444644E-002  -1.3371095085191684E-003  0.97921691183512483        87047.450602289726        21.873015901955345        10.865956623316077       0.70165794467252662                0           0   54043.113555826756        1.3272323952673876E-004  0.25000000000000000              870  0.41158663110632387                0
         177         178  0.17518944591650459       0.15841447355487015       -4.8844045916293037E-002  0.97081544669269548        1948.4551180766894        2.1174370246531056        4.2874098383463686       0.79608277270371397                0           0   2414382.1502485364        1.2793853451865820E-005  0.25000000000000000              880  0.48202358289215075                0
         181         182  0.16494482085752635        4.8117280213717237E-002  -2.2342341753636167E-003  0.98308070947828008        38113.841390388654        13.238244572811659        6.1356831403828354       0.33807173013192188                0           0   123428.00111539195        8.0485139620415977E-005  0.50000000000000000              884   3.0424460076903498E-002           0
         193         194  0.13607741833753259        1.4509867592654014E-002  -3.3139095177587647E-004  0.98026160729439438        98477.807758994706        22.203845682541278        13.369240854060592       0.78833027778319831                0           0   47770.308506030713        1.3480179630591914E-004  0.50000000000000000              896   1.0801072083503922                0
         195         196  0.23980714281985319       0.16746154432118399       -1.7866781603804005E-002  0.96643523058497638        13874.745800257982        8.3762612435180923        13.105839939455386        1.0266010641528291                0           0   339055.96004197007        5.0498069052990366E-005  0.50000000000000000              898  0.79339544105993121                0
         207         208   9.9440827635248155E-002   5.0100703362626467E-002  -8.7683211256005204E-003  0.98112175417415370        2910.2243960466299        2.1174416066239212        3.2072718173297403       0.72371708283561442                0           0   1616478.5313583727        1.2860786271453537E-005  0.25000000000000000              910  0.45416341265613713                0
         225         226  0.11258739991983015        4.7810171057872303E-002  -9.4939383745014589E-004  0.98185672257896206        88575.957032427817        21.129198100363176        13.399212692018693       0.73812170096559659                0           0   53110.521356517827        1.2838083044770557E-004  0.50000000000000000              928   1.0218922927911658                0
         235         236   9.9158490776633662E-002   3.5661683213779022E-002  -5.1301121046354124E-003  0.96614283730650707        4095.4263718306088        2.5687641194955386        6.2170056853145699       0.33413382341647146                0           0   1148675.3345151674        1.5484037106406675E-005   3.1250000000000000E-002         938   8.7252720608151813E-002           0
         249         250   8.3325272192247987E-002   6.4931060179189190E-002  -5.9417119074347373E-003  0.97581540753508467        5929.7866670524481        3.3934150410168407        15.104800827814742       0.41925214021736912                0           0   793336.34104971308        2.0555510157367267E-005  0.25000000000000000              952   1.2425713524400701                0
         271         272  0.13618545113931463       0.10282415591629936       -1.7643068358636144E-003  0.98806680624688603        120181.93023047518        29.578155387187675        4.7985473487113453       0.48091488872310229                0           0   39143.282593508091        1.8027976026539725E-004  0.50000000000000000              974   9.3278275872976379E-002           0
         287         288   8.8414603939471620E-002   4.2704642040310346E-002  -5.8515194294090581E-004  0.98093659039144399        118941.02246670357        24.046383900145148        4.0999992102074154       0.59854115393410079                0           0   39551.663169548527        1.4603779329379048E-004  0.25000000000000000              990  0.19559305090890020                0
         291         292  0.10251315781699964        2.9651563345757474E-002  -1.1831110334550475E-003  0.98075559013170377        29765.556837160901        9.5746088155111213        8.5423860130475404       0.58849195524987863                0           0   158045.59892431262        5.8142920318824777E-005   3.1250000000000000E-002         994  0.23387281564398582                0
         303         304  0.77980953382043972       0.33783563817501155       -5.2382472905160467E-002  0.97671789874474535        28033.625192942258        18.742492285908785        7.5459336162260886       0.63302812466061109                0           0   167809.73653129677        1.1358394461059082E-004  0.25000000000000000             1006  0.23157720477315213                0
         311         312  0.16827131513595273       0.11782564957455051       -9.1314488263872420E-003  0.97485864189666582        15717.300866973132        8.0915100549741776        13.110074973121677       0.15433710397978728                0           0   299308.08714936365        4.8990345746074786E-005  0.50000000000000000             1014 -0.12950232693959915                0
         321         322  0.12252965187021556        4.0765808550071510E-002  -1.0952504619379879E-003  0.97557453106160041        63331.226025514967        16.995860241612995        15.115105115857672       0.41400820845969705                0           0   74281.133539866772        1.0293936416602254E-004  0.50000000000000000             1024  0.71932755893671096                0
         323         324  0.13577855073708561        2.1714876777924844E-002  -1.0672784058174505E-003  0.97737634574565457        30402.145619620234        10.295090097572151        11.389404032498234       0.66888180381360618                0           0   154736.29119810546        6.2411468000077191E-005  0.25000000000000000             1026  0.36417890305630224                0
         337         338  0.14234346256931027        4.8688670540606271E-002  -2.7220309402593351E-003  0.98436219341894415        24424.438780536861        9.4883723855236379        14.640864884782422       0.40498903556083993                0           0   192606.89262565569        5.7724153992768256E-005  0.50000000000000000             1040   1.4562351274776075                0
         363         364   8.0030474895858961E-002   2.5241398542184282E-002  -3.2505135387658957E-004  0.96900162088983910        125469.53716214608        23.159872534501439        12.975395302854249       0.71254109806930399                0           0   37493.684634903126        1.3980643129274424E-004  0.50000000000000000             1066  0.54680987834311157                0
         371         372   9.0756420354949963E-002   8.9399293653254358E-002  -1.4941626717007766E-003  0.97790038526241019        78336.750524128642        20.236383406048532        10.148412456776832       0.47539945081528373                0           0   60052.468683849453        1.2271064128272370E-004  0.50000000000000000             1074  0.26870143680949821                0
         383         384   9.3433970454860987E-002   6.5975786712685114E-002  -2.9999592269293533E-003  0.97176827062077331        19385.313257799193        7.6576121486429507        14.123858067915162       0.46444147567325611                0           0   242674.19334851863        4.6290742961604388E-005  0.50000000000000000             1086  0.46653307504390928                0
         395         396  0.10118924464727580        7.2387835402996439E-002  -4.0679476328368365E-003  0.98184110250843104        15239.121285685993        6.7103307468978812        9.6662581134342140       0.49389480202209812                0           0   308699.90266850201        4.0771591993552411E-005  0.50000000000000000             1098   6.1575955614434408E-002           0
         401         402  0.11008182267075275        8.1520559788653676E-002  -2.1754919003101718E-003  0.98946501741247106        50292.904508829961        15.372504553420699        10.616214060682619       0.41367737771600521                0           0   93538.349069078395        9.3761781152373525E-005  0.50000000000000000             1104  0.13781091292260145                0
         219         220   5.9461379470541447        2.5291364086335988      -0.75299076982192070       0.98221912150944157        80559.862777643633        74.428097414589246        9.6376207910800602       0.18521177038651720                0           0   58395.273967004177        4.5230718866207646E-004  0.50000000000000000              922  0.12483009050695161                0
         159         160  0.52009082554844766       0.13749382338007102       -6.8562166579241961E-003  0.98252657550525302        109146.58921206869        38.868446659729038        6.1588993435100852       0.57747873543039507                0           0   43100.891119047374        2.3624417772278330E-004  0.25000000000000000              862  0.18012574089484779                0
           1           2   2.0244841138268650       0.61000484406818434       -7.0741485713423660E-002  0.98738152934187551        118081.33591071346        65.056817812538299        12.305071172076296       0.49363451281183229                0           0   39839.617509086311        3.9638661146352313E-004  0.50000000000000000              704  0.12670764225180400                0
         283         284  0.18094602805437388        8.1870494517192083E-002  -1.6064068193646895E-003  0.97697797871714775        143540.44546752289        34.366892541613126        6.4869350932737841       0.28333364425807833                0           0   32773.447527785116        2.0829891525217590E-004   6.2500000000000000E-002         986  -5.1480827740343092E-002           0
         185         186  0.24628085064239766        6.9358336926096664E-002  -1.8551080494142963E-003  0.99057546901522908        130681.44545928008        34.314639623851313        11.490711635640492       0.52510090006488008                0           0   35998.341165507023        2.0941269287605858E-004  0.50000000000000000              888  0.21741764619937615                0
         191         192  0.17819880543248182        5.0730547014061628E-002  -8.9966543292994278E-004  0.98450778698896024        174927.64032278312        37.446621017460309        14.573444805259546       0.62976538518382674                0           0   26892.921261409472        2.2782970840593575E-004  0.25000000000000000              894  0.46978133141312062                0
          71          72  0.16939743337267674        2.6319217633798585E-002  -4.7647967898261517E-004  0.96976219828091648        170003.73667627125        34.870225322542275        10.122868436822332       0.27676416378178420                0           0   27671.834452691655        1.5082883319385277E-004  0.25000000000000000              774 -0.11759262237080333                0
          53          54  0.10539273585624893        8.3691576402142989E-002  -9.4861616487088496E-004  0.98840746126056767        171334.30925667207        34.651436372167325        11.504164938556439       0.24766550415333649                0           0   27456.936547351612        2.1096666920612941E-004  0.50000000000000000              756 -0.17207812690911614                0
         245         246  0.10614450888457336        7.9534736728126665E-002  -8.8338078697462622E-004  0.97533507163214717        180155.36208468804        35.614411017835778        12.997128040906297       0.15039520739076045                0           0   26112.546433302068        2.1568078356416255E-004  0.50000000000000000              948  0.11124259904455555                0
         331         332  0.12214104311112879        9.8521910482032543E-002  -1.1537755047203683E-003  0.97154055198387024        188414.45473505274        38.868024797675822        12.193409240716427       0.28968081870983503                0           0   24967.910579153504        2.3493249830021899E-004  0.50000000000000000             1034   6.9175157975158677E-002           0
         203         204  0.10958957416913398        5.6611292613942377E-002  -6.2817234305771752E-004  0.98494187057407623        200051.97130642890        36.805509599966030        12.102248933440332       0.12444086111934018                0           0   23515.465640870621        1.6988547057778460E-004  0.50000000000000000              906 -0.16873175356302700                0
          21          22  0.17137201111473407        1.8580527211685235E-002  -2.8964617018065918E-004  0.97725619083110171        219756.57682243298        40.968444197440832        7.3162182050885285       0.24024853652968867                0           0   21406.937283364805        1.8343950172520064E-004  0.25000000000000000              724   6.8422109397879460E-002           0
         369         370  0.35577330781196675       0.28758888866695975       -6.5923629871082615E-003  0.96841922705639494        200307.85819162280        57.839387851881206        15.304213549397801       0.41651351968388794                0           0   23485.425385280789        3.4904883910831302E-004  0.50000000000000000             1072   1.5692203549644330                0
          77          78   9.3430964505624117E-002   2.0354482771848002E-002  -1.6334883162896549E-004  0.97425183352183942        309441.22681298596        43.386459025179242        13.234352851351540       0.57151396619898176                0           0   15202.613129787858        1.8457846561722538E-004  0.50000000000000000              780  0.84440347539037552                0
         315         316  0.30834333591613694       0.21242803698149326       -3.5544000840579989E-003  0.96932722246065328        288048.63087816222        68.675120176768687        11.206139155862779       0.40912272194187754                0           0   16331.670257563481        4.1463143421502049E-004   3.1250000000000000E-002        1018  0.21745204402530707                0
          89          90  0.20842321107894346       0.10223825271363279       -1.3435582502014560E-003  0.98702482580270168        297769.38109927031        59.104743533761280        9.4619793491318731       0.75687250403485751                0           0   15798.519109916271        3.6005640583131949E-004  0.50000000000000000              792  0.39933689975961179                0
         155         156  0.50373356431637750       0.18870347651975347       -4.6345267489272665E-003  0.98128177235206437        293320.33962033020        76.435433608783669        12.349935838474781       0.73738021920805774                0           0   16038.148816184937        4.6428632181207922E-004  0.50000000000000000              858  0.45989068677643491                0
         187         188  0.16652052450678573        4.4390738220572948E-002  -5.1200105471243477E-004  0.98740860044556455        313872.49940009229        53.803263366689940        9.0544417398437460       0.66661686934625786                0           0   14987.981637882163        1.5401396217716847E-004  0.50000000000000000              890  0.29357435681400113                0
         255         256   8.3811449474318997E-002   3.0344259974373743E-002  -1.9498774621546684E-004  0.99476358635673934        366335.73421504453        48.606227887337262        12.810149961597018       0.45328174413673883                0           0   12841.540746017587        1.7373772739312873E-004  0.50000000000000000              958  0.23843778579013125                0
          93          94   8.5361728603296438E-002   7.1347741082274679E-002  -4.1080252103106030E-004  0.97812880800934654        378910.90214675880        55.249666982163497        13.781327636910151       0.47142650936967351                0           0   12415.359998859836        1.7179347800011020E-004  0.50000000000000000              796  0.35154085160912746                0
          95         546  0.62290701776509083       0.52092362269304604       -3.7742852745196540E-003  0.93637087551286791        1958538.8713863518        320.39216657608790        11.490824157179192       0.51693043760613888                0           0   2401.9514375606000        8.4875850263789671E-004   1.0898068867344238E-003         798  0.31677491221735588                0
          67          68  0.52597586808430075       0.46375414949012228       -9.5351984985231255E-003  0.98266064699714351        341740.68956755206        95.332992401100725        15.351842824537668       0.45690831703405205                0           0   13765.745201713413        5.7947742737167690E-004  0.50000000000000000              770   7.0811631728288582E-002           0
         213         214   8.6717284611907239E-002   1.7710005955573944E-002  -1.1427078035879827E-004  0.98213695314694749        400632.33674856107        50.085097135765906        7.6649514572241237       0.34351950242583157                0           0   11742.225542311169        1.5552041722878169E-004  0.25000000000000000              916  0.15312462750375122                0
         313         314  0.11479116130453372        5.7685466757393881E-002  -3.9453446450446250E-004  0.99253727403468150        435049.79924732697        62.547398305763593        5.5894872485514409       0.43583084065689404                0           0   10813.279918261374        1.7042172232509015E-004  0.50000000000000000             1016   7.7348479194326900E-002           0
         365         366  0.29906545429998188       0.27572229150032296       -3.4223050706489746E-003  0.97703614846779008        409915.73603235272        89.792227251814452        13.317119322532651       0.29836864722267908                0           0   11476.298283102440        5.4424978456707430E-004  0.50000000000000000             1068 -0.23621479224576042                0
         201         202  0.41909726131645580       0.36316033186407948       -5.4401348907038797E-003  0.97784193266974673        439642.50440806977        104.26124217537117        11.218074360772221       0.38784753061759275                0           0   10700.319487940789        6.3220712582260643E-004  0.50000000000000000              904   7.2019272938675993E-002           0
         171         172  0.11855449161888632       0.10910379859810015       -6.3808363105355751E-004  0.99690688946593098        502629.43037454027        75.543937317710842        5.5212567596316804       0.23558229852153634                0           0   9359.4106778413025        1.6222029374787257E-004  0.50000000000000000              874  -7.4056443240719291E-002           0
         347         348  0.19457293008789711        9.8264029982305379E-002  -8.4213227326918961E-004  0.97623178622328566        525292.62380639045        84.608893442837001        3.9123935261222180       0.37791749466645758                0           0   8955.6088253366652        5.1262384884362530E-004  0.25000000000000000             1050  0.15728010082523297                0
         343         344   9.9716206803828866E-002   3.9838043689421537E-002  -1.9541286924161294E-004  0.98547806040898511        644708.77578794607        75.758248904357316        15.722043872449689       0.56067867290992046                0           0   7296.8066114739531        4.6110969753691106E-004  0.50000000000000000             1046   1.7382003218803606                0
          99         100  0.11123848720615616        3.9011678252708890E-002  -1.9764343022701515E-004  0.98119635498491209        697449.45099556562        81.825121918085514        11.746279341336248       0.54628057978788036                0           0   6745.0268272914218        1.9609050585244134E-004  0.25000000000000000              802  0.13346300052511267                0
         391         392  0.13558686976987694        5.7578981684498085E-002  -2.5446740011902898E-004  0.98428057182237338        1015963.8259505472        114.33226250480101        11.626651048261699       0.30757759898841008                0           0   4630.3964151906221        1.9855493643177781E-004  0.50000000000000000             1094  0.10379911569413182                0
         385         386  0.12648191059682606        5.9749107023494945E-002  -2.5030111744847215E-004  0.99192399726360403        1010156.8010307509        112.51654391747591        13.357326527933525       0.27627848129048505                0           0   4657.0148840700185        1.9971473045980897E-004  0.50000000000000000             1088   7.6939177131267172E-003           0
          41          42  0.11122608390456809        8.6847116325004775E-002  -3.0034655602715249E-004  0.97689552612968544        1076875.4069236529        119.85571002551679        3.7082045225747726       0.83501679818831409                0           0   4368.4861102769009        1.9934720720389158E-004  0.25000000000000000              744  0.52061423807650553                0
         345         346  0.55774375829353751       0.47607345656862060       -4.7923803546830179E-003  0.97923176074338625        1065819.0059203701        206.47940675782556        2.0826182826297246       0.25471441068697398                0           0   4413.8031237137029        1.2529054742208931E-003  0.50000000000000000             1048  -4.2279589533211592E-002           0
          73          74  0.94128231410560004       0.69908498357263338       -1.0547991353088345E-002  0.98595090542721642        1010924.7705775029        232.48741209934116        12.278244328304474       0.54063262351541563                0           0   4653.4770880699325        1.4155097427745917E-003  0.50000000000000000              776  0.38511489174888935                0
         285         286   8.9462339041284894E-002   4.2834040765278178E-002  -1.2838168338598593E-004  0.97556116315563901        1178106.6063545495        111.23605151706303        9.9187403363737943       0.66905780454995678                0           0   3993.1150816660524        1.4410236536712358E-004  0.50000000000000000              988  0.22744310568901460                0
         293         294  0.55382231722128972       0.12326253909399966       -1.3046202120956597E-003  0.97555013427591697        1208714.8768618368        195.00098063437505        12.346925012059032       0.55185896151007285                0           0   3891.9974823661364        1.1809822740092247E-003  0.50000000000000000              996  0.92303694284989146                0
         123         124  0.67985937278035102       0.12376754478802159       -1.4259437356367586E-003  0.97763450747397851        1328700.8239903566        219.90890269502705        10.976656761165723       0.58153147480425249                0           0   3540.5376234484115        1.3330674591925293E-003  0.50000000000000000              826  0.32050801678963858                0
           7           8  0.10772050310063933        1.1526931384030817E-002  -3.7943697728780554E-005  0.99082248886431246        1424470.1409572540        121.95279694780302        10.223739676103992       0.46836190449540366                0           0   3302.5018372680170        1.6260639909577266E-004   6.2500000000000000E-002         710  -9.7140199283226453E-003           0
         355         356  0.32294731613854971       0.22153041596011064       -1.4146791448691402E-003  0.98835597978780254        1280677.5733209376        188.46314208734015        4.4550830982939837       0.43848634790901997                0           0   3673.3018174480535        1.1488556879049804E-003  0.50000000000000000             1058   6.7361531358147417E-002           0
          85          86   8.0567479673496034E-002   7.0359839832317903E-002  -1.6540594186675728E-004  0.98642166572395873        1357017.8794508749        127.71821781941760        7.3470960983023188       0.31835560775037725                0           0   3466.6567986181526        1.9401392259058692E-004   6.2500000000000000E-002         788  -5.6282899711501286E-002           0
         387         388  0.11696728908539532        8.3148869844046139E-002  -2.2937373409711862E-004  0.96119220073083400        1621786.8892034900        158.01431270907167        7.4308042332941220       0.52536852887696051                0           0   2900.6987841387704        4.3164284051865043E-004   1.3092600866383107E-005        1090  0.11563852486868126                0
         103         104   9.4240900685283069E-002   8.1646476448274677E-002  -1.9581474411928143E-004  0.97430932578693863        1543295.6101144454        146.43699954217337        6.9212118405842817       0.15564434170583552                0           0   3048.2269416265021        8.8618227905427590E-004  0.25000000000000000              806  -4.9712490878116224E-002           0
          65          66   8.1196656538748205E-002   3.2700733033609646E-002  -6.2627861262289943E-005  0.98184767372588766        2149336.5504112290        157.99647215383459        10.987676668779374       0.56010802769325774                0           0   2188.7290088398181        1.9363885980735446E-004  0.50000000000000000              768  0.17592237838766589                0
          15          16  0.12041882448822794        4.7134796559794988E-002  -1.1370748620294229E-004  0.97825164521118502        2263928.7909641471        186.02285177799217        11.931402763559914       0.60176798127333420                0           0   2077.9431210119114        1.1281688166013199E-003  0.50000000000000000              718  0.17951016250428969                0
         243         244  0.10897784068549871        6.2870305948584129E-002  -1.2688985103554134E-004  0.99345305026723485        2514966.0648626112        201.22235189126619        13.464890035917648       0.37776452143803024                0           0   1870.5283237695505        1.2297376519750148E-003  0.50000000000000000              946   7.3537219560960626E-002           0
         265         266   8.4095384718170976E-002   3.6296916915751078E-002  -2.5179293298622335E-005  0.98201178510769294        10108050.746455899        451.77032289125646        6.5098751179906076       0.51935461879529865                0           0   465.40281362301215        2.4915040909302445E-003   3.1852846507964894E-004         968  0.21589108455479367                0
         127         128  0.41687934908818136       0.27898104023835063       -1.0601324713850049E-003  0.99434194081511351        3619474.9262651657        408.83142482301037        10.923554862015061       0.30289455703085622                0           0   1299.7231237899509        2.4997052625840904E-003  0.25000000000000000              830  -2.3625662025687638E-003           0
         217         218   8.1228311512873880E-002   6.5270211912634449E-002  -8.4864059256294254E-005  0.97696892315676265        3390006.8490829859        232.81876606981328        13.615742381849843       0.72955048344597795                0           0   1387.7008121435813        1.4110585494170628E-003  0.50000000000000000              920  0.32159977615819657                0
         143         144  0.25022565110097550       0.15769561095085233       -3.9893226177458845E-004  0.97378367469115990        4047244.7606835263        368.61381757316616        10.450308069860800       0.64682185315704177                0           0   1162.3500766111972        2.2305190603367172E-003  0.50000000000000000              846  0.21774844874555421                0
          61          62  0.16574606629006447        5.1105325148539382E-002  -1.0680914848388477E-004  0.98146224652464376        3985102.7316611102        295.54272204541036        7.9973807867809370       0.44615543867917523                0           0   1180.4752786595950        1.7952874583487142E-003  0.50000000000000000              764  0.28018920184000817                0
          29          30   9.2064989403419284E-002   3.8673592252436655E-002  -4.8326417632826574E-005  0.98790084533106615        4595724.3541263249        274.56410217347485        6.9391302825634291       0.83397510719225654                0           0   1023.6286807368981        1.6733196375634911E-003  0.25000000000000000              732  0.51033483701973026                0
         405         406   8.7236661288412828E-002   5.5735761705262711E-002  -1.4072219982536795E-005  0.99445045527554632        44632234.652881853        1287.6258805654079        12.692004241800177       0.69153248814175994                0           0   105.40174145954420        7.8733128566099032E-003  0.50000000000000000             1108   1.2957198906762251                0
          45          46   8.6894120985331738E-002   8.6164685909330241E-002  -8.2040856412477007E-005  0.98387083180607882        5506893.1944410549        340.10174038637848        8.9621356997602408       0.65002138418863920                0           0   854.25939664011355        2.0685513436049150E-003  0.50000000000000000              748  0.47186631955274849                0
         161         162   9.3309048906446132E-002   9.2827486138433946E-002  -9.1369633179271505E-005  0.98840672608532720        5621485.8567325892        353.27898739546129        9.2416775788939205       0.45973859456042698                0           0   836.84552047936324        1.7071602594951442E-003   2.6971083261854839E-005         864  0.12009170315376438                0
         289         290  0.10428359770713377        2.3242149003040714E-002  -2.7029408204707915E-005  0.98098918422032233        6248185.5106144464        334.17586862204053        13.383145514570593       0.16255805044986968                0           0   752.90902449247869        1.6934722211002979E-003   1.0368612477193759E-003         992  -4.6658768549146044E-002           0
         115         116   9.5073144526220191E-002   4.6025486525321645E-002  -4.6726263478262970E-005  0.98361077625756288        6339435.9430684811        348.99124241529205        9.9914029712781076       0.48712516621055385                0           0   742.07158174513086        2.1223306805025111E-003  0.25000000000000000              818  0.16990416309302936                0
         223         224  0.13901763968801717        6.0776114313866474E-002  -7.7057731700173979E-005  0.98945880540760833        6749291.8040916175        408.60714456201293        8.0652674943154974       0.32445970543653530                0           0   697.00872242519870        2.4030240662051101E-003   2.4994903910561357E-004         926   9.9446569522294095E-002           0
         199         200  0.11230093762090229        4.7925291740752780E-002  -4.9845320530023470E-005  0.98557578802919299        7365259.5215128316        402.38621163417127        10.289790870159640       0.40727756106524815                0           0   638.71683596540686        2.4494184751019071E-003  0.50000000000000000              902  0.76410552553306410                0
         373         374  0.15845034820673778       0.15233439132851201       -1.7085686609547558E-004  0.97953048069057347        7914572.6700286809        526.47537119199978        7.7540792736643658       0.40108009749323431                0           0   594.38651381132820        2.5802800120275169E-003   1.0338853809746616E-004        1076  0.10835970038225290                0
          69          70  0.10464422723177559       0.10349050793134676       -8.6377732787562200E-005  0.98042651398566583        8085705.8082159301        467.23280664956275        10.852535240174653       0.16600307579922494                0           0   581.80638391081243        2.8368343572848856E-003  0.50000000000000000              772 -0.16235439926046227                0
          51          52  0.11606384615255892        9.5064690585184505E-002  -1.2276543213329298E-004  0.98205345115529663        4872545.5793825211        334.93415447263214        2.8408707683873620       0.45519470812753693                0           0   965.47383313362923        1.9892380511386115E-004  0.50000000000000000              754   6.4411658186481896E-002           0
         267         268  0.11152016154947933        1.9237634443879208E-002  -2.0555863423704355E-005  0.97570988165332995        7747996.8299793145        388.94542764612692        4.2376700345440526       0.54638901713593435                0           0   607.16535652703965        1.3779482145051586E-003   9.1684986511809746E-004         970  0.15290047078481850                0
         367         368  0.20322917187314732       0.17631903439505672       -1.9839536369486613E-004  0.98268480514918155        10353003.196058137        673.08988386041074        14.645526143646999       0.52380703890982006                0           0   454.39136534178903        3.6498563249911984E-003   4.5056482996411824E-004        1070   1.5338916720226492                0
         305         306   8.5255713978393793E-002   1.6586699482616780E-002  -1.1931200371230782E-005  0.97557216214542408        10624387.113807641        441.69112072417624        15.601252419594818       0.24951129851474257                0           0   442.78462439785847        2.6751951435917505E-003  0.50000000000000000             1008   7.7327182221292548E-002           0
         325         326  0.14296285691723640        1.8018411898666035E-002  -1.7591034512000332E-005  0.98525910189351285        11605238.715074902        545.71725305743564        5.1656293249651224       0.38367609446737438                0           0   405.36135215676182        1.9976652747874619E-004  0.50000000000000000             1028   2.6772445014863512E-002           0
         119         120  0.12744757891135747        8.2887871857059842E-002  -6.3848789170769046E-005  0.98269985033698937        12193204.574003790        616.57973866081329        7.9784243862109916       0.25282200535934612                0           0   385.81451078697370        3.7479255214838184E-003  0.50000000000000000              822   6.8210256851545886E-002           0
         133         134  0.13034205300579016        4.8697333779162973E-002  -3.8327182083601188E-005  0.98105094357083134        13234855.823667305        617.16627667471369        9.6743411362475058       0.49546797202495324                0           0   355.44892368470278        1.9310880690240524E-003   4.7393479914405363E-004         836  0.21088910899041721                0
          17          18   8.8310858010865509E-002   3.6165089814597706E-002  -2.2321003472730643E-005  0.98140412768925933        12747100.610456508        533.22349031307033        8.3038496935240627       0.35673787404697099                0           0   369.04982563531280        3.2391129273980847E-003  0.50000000000000000              720  -4.3156726495314976E-002           0
         275         276  0.13196141201412448        6.9014568623332620E-002  -4.7734035474291135E-005  0.97886583645826919        15446728.767524442        711.01525092733937        13.429265309920078       0.42517460477766178                0           0   304.55090708495015        4.2777893761915958E-003   6.6113257681091309E-004         978  0.37027011797172593                0
         221         222  0.10685030920939192        6.9974509155263417E-002  -3.1624930841648235E-005  0.98464723219474437        22715730.508475482        881.05981912935613        10.586908003366501       0.21841055381365976                0           0   207.09504613507951        5.3600418803773486E-003   4.7323616459693460E-005         924 -0.19775030767900023                0
         157         158  0.17882018552997023        8.7937108552675433E-002  -4.2075858412892681E-005  0.98506858267486519        36757391.459541120        1392.7561142913112        8.3300870746711890       0.37089364532582120                0           0   127.98283748787793        8.4760373830052235E-003   4.0390512183568431E-004         860   5.4961301602981516E-003           0
         145         146  0.11284151051838727        7.1741434973604884E-002  -2.4259805131993203E-005  0.99379748733186812        37282146.271830849        1243.5721239020759        14.900804812134680       0.41395902093965076                0           0   126.18144951593592        4.3531125320990663E-003   1.7514082057792446E-004         848  0.14765846272277178                0
         399         400  0.17014458503807270        6.6018282057290864E-002  -2.6984303921600917E-005  0.99072553708979250        45921928.610733338        1551.2809782180843        9.0130186006799562       0.22109158726388742                0           0   102.44158727569690        8.3891531428431920E-003   1.0801770346827718E-004        1102 -0.12815882537521400                0
