 1021916   1   373  33   0      1.9   7.73   4.63  2.344     0.0  -0.2148   0.0000
  -1.117539   0.000000   0.245505   0.096985  -0.663599   0.060150   0.000000   0.000000   0.000000   0.000000
   0.00000   0.00000   0.13985   0.02923   0.00000  -1.11754   0.00000   0.00000  -0.87203   0.66276   0.19180   0.00000   0.00000
 NAME(I1)    NAME(I2)    M1[M*]                    M2[M*]                    EB[NB]                    ECC                       P[Days]                   SEMI[AU]                  RI[PC]                    VI[km/s]                  K*(I1)      K*(I2)      ZN[NB]                    RP[NB]                    STEP(I1)[NB]              NAME(ICM)                 ECM[NB]                   K*(ICM)      
           3           4   8.7970317491499028E-002   4.9196061553816367E-002  -9.2897646351125171E-004  0.98018963898304645        71340.815372945974        17.361255191394889        2.5383111723714911       0.22102053199497637                0           0   65941.428242054317        1.0539810829294615E-004  0.50000000000000000              706   6.7683934116508665E-002           0
          59          60  0.52934127945164156       0.11516011942956719       -3.1001072744619322E-002  0.99635260950274573        9025.0375450904266        7.3279160146024838        16.093661213579807       0.94024781559574866                0           0   521251.59969045070        4.4850020571511419E-005  0.50000000000000000              762   1.3848912582642807                0
          63          64  0.11284127030153632        5.3401276685359052E-002  -1.4468849236327175E-003  0.97984293960292113        54774.265105649982        15.520472950299069        16.512251209560052       0.36673556278361924                0           0   85885.502043175962        9.4206442072616631E-005  0.25000000000000000              766  0.19055307157033907                0
          83          84  0.10272953417562042        4.1373672231505683E-002  -1.2819188696754095E-003  0.97370419826673227        41789.837138321200        12.356008093958177        18.768296669538628       0.43800551358521733                0           0   112570.79662870750        7.4766174595093939E-005  0.50000000000000000              786  0.30813153814836614                0
         131         132   8.4797441590329786E-002   6.4637458177469395E-002  -7.7121942017657882E-004  0.98912831439601701        128788.41655396212        26.485513546867381        5.5302613568189845       0.51594636649795811                0           0   36527.471829531067        1.6151620773559698E-004   3.9062500000000000E-003         834  0.16758438405800050                0
         137         138  0.13717930409073115       0.13193897190263901       -4.0334545728335997E-003  0.97817964388784162        48147.574536657077        16.722602131164937        8.9462942985024014       0.35118857465023195                0           0   97706.173216745112        1.0141787278782275E-004  0.50000000000000000              840  0.59700267107480653                0
         167         168  0.11739175763496201        6.6852661947444644E-002  -1.3371095085191684E-003  0.97921691183512483        87047.450602289726        21.873015901955345        17.865744980602653       0.70576748783892984                0           0   54043.113555826756        1.3272323952673876E-004  0.25000000000000000              870  0.41151663596552773                0
         177         178  0.17518944591650459       0.15841447355487015       -4.8844045916293037E-002  0.97081544669269548        1948.4551180766894        2.1174370246531056        3.6052450174298594       0.79584966716822880                0           0   2414382.1502485364        1.2793853451865820E-005  0.50000000000000000              880  0.48265473370492779                0
         181         182  0.16494482085752635        4.8117280213717237E-002  -2.2342341753636167E-003  0.98308070947828008        38113.841390388654        13.238244572811659        2.6274966540224525       0.34323388199295934                0           0   123428.00111539195        8.0485139620415977E-005  0.50000000000000000              884   2.9870219301014141E-002           0
         193         194  0.13607741833753259        1.4509867592654014E-002  -3.3139095177587647E-004  0.98026160729439438        98477.807758994706        22.203845682541278        18.026116887146415       0.80807536052146511                0           0   47770.308506030713        1.3480179630591914E-004  0.50000000000000000              896   1.0760720872542660                0
         195         196  0.23980714281985319       0.16746154432118399       -1.7866781603804005E-002  0.96643523058497638        13874.745800257982        8.3762612435180923        9.5205451889967527        1.0346347526777515                0           0   339055.96004197007        5.0498069052990366E-005  0.50000000000000000              898  0.79638609746980682                0
         207         208   9.9440827635248155E-002   5.0100703362626467E-002  -8.7683211256005204E-003  0.98112175417415370        2910.2243960466299        2.1174416066239212        5.5132836720217080       0.71837301503070738                0           0   1616478.5313583727        1.2860786271453537E-005  0.25000000000000000              910  0.45460202398046917                0
         225         226  0.11258739991983015        4.7810171057872303E-002  -9.4939383745014589E-004  0.98185672257896206        88575.957032427817        21.129198100363176        17.825336198394655       0.76383139133818290                0           0   53110.521356517827        1.2838083044770557E-004  0.50000000000000000              928   1.0215773930511265                0
         235         236   9.9158490776633662E-002   3.5661683213779022E-002  -5.1301121046354124E-003  0.96614283730650707        4095.4263718306088        2.5687641194955386        2.1949872529753578       0.34299312953103045                0           0   1148675.3345151674        1.5484037106406675E-005  0.12500000000000000              938   9.2071502749340728E-002           0
         249         250   8.3325272192247987E-002   6.4931060179189190E-002  -5.9417119074347373E-003  0.97581540753508467        5929.7866670524481        3.3934150410168407        17.021287211303193       0.41379117684283595                0           0   793336.34104971308        2.0555510157367267E-005  0.25000000000000000              952   1.2426907329829464                0
         271         272  0.13618545113931463       0.10282415591629936       -1.7643068358636144E-003  0.98806680624688603        120181.93023047518        29.578155387187675        10.467005778645026       0.47473542240851802                0           0   39143.282593508091        1.8027976026539725E-004  0.50000000000000000              974   9.3621030068523403E-002           0
         287         288   8.8414603939471620E-002   4.2704642040310346E-002  -5.8515194294090581E-004  0.98093659039144399        118941.02246670357        24.046383900145148        3.9128211075276731       0.59723372006321240                0           0   39551.663169548527        1.4603779329379048E-004  0.25000000000000000              990  0.19425506244663596                0
         291         292  0.10251315781699964        2.9651563345757474E-002  -1.1831110334550475E-003  0.98075559013170377        29765.556837160901        9.5746088155111213        16.084106326186642       0.58860881609454929                0           0   158045.59892431262        5.8142920318824777E-005   3.1250000000000000E-002         994  0.23382008328482135                0
         303         304  0.77980953382043972       0.33783563817501155       -5.2382472905160467E-002  0.97671789874474535        28033.625192942258        18.742492285908785        3.2200096894795873       0.63030211366391453                0           0   167809.73653129677        1.1358394461059082E-004   6.2500000000000000E-002        1006  0.22967505116777076                0
         311         312  0.16827131513595273       0.11782564957455051       -9.1314488263872420E-003  0.97485864189666582        15717.300866973132        8.0915100549741776        19.851320932720544       0.14941739258323272                0           0   299308.08714936365        4.8990345746074786E-005  0.50000000000000000             1014 -0.13009054818277210                0
         321         322  0.12252965187021556        4.0765808550071510E-002  -1.0952504619379879E-003  0.97557453106160041        63331.226025514967        16.995860241612995        19.206004270764041       0.41349881823105605                0           0   74281.133539866772        1.0293936416602254E-004  0.50000000000000000             1024  0.71930550838419027                0
         323         324  0.13577855073708561        2.1714876777924844E-002  -1.0672784058174505E-003  0.97737634574565457        30402.145619620234        10.295090097572151        16.038238257570956       0.68102234231898640                0           0   154736.29119810546        6.2411468000077191E-005  0.25000000000000000             1026  0.36411733703641380                0
         337         338  0.14234346256931027        4.8688670540606271E-002  -2.7220309402593351E-003  0.98436219341894415        24424.438780536861        9.4883723855236379        13.169694381425359       0.40970396531032133                0           0   192606.89262565569        5.7724153992768256E-005  0.50000000000000000             1040   1.4559396142157954                0
         363         364   8.0030474895858961E-002   2.5241398542184282E-002  -3.2505135387658957E-004  0.96900162088983910        125469.53716214608        23.159872534501439        11.990400038040661       0.71821061110655682                0           0   37493.684634903126        1.3980643129274424E-004  0.50000000000000000             1066  0.54695418306362997                0
         371         372   9.0756420354949963E-002   8.9399293653254358E-002  -1.4941626717007766E-003  0.97790038526241019        78336.750524128642        20.236383406048532        10.216632211461969       0.48897950719152833                0           0   60052.468683849453        1.2271064128272370E-004  0.50000000000000000             1074  0.26910336155539161                0
         383         384   9.3433970454860987E-002   6.5975786712685114E-002  -2.9999592269293533E-003  0.97176827062077331        19385.313257799193        7.6576121486429507        7.4170859650077103       0.45564879468172403                0           0   242674.19334851863        4.6290742961604388E-005  0.50000000000000000             1086  0.46637460754710086                0
         395         396  0.10118924464727580        7.2387835402996439E-002  -4.0679476328368365E-003  0.98184110250843104        15239.121285685993        6.7103307468978812        7.6496807587998914       0.49501485312318250                0           0   308699.90266850201        4.0771591993552411E-005  0.50000000000000000             1098   6.0796392630818444E-002           0
         401         402  0.11008182267075275        8.1520559788653676E-002  -2.1754919003101718E-003  0.98946501741247106        50292.904508829961        15.372504553420699        5.2602869442147853       0.39911686567001570                0           0   93538.349069078395        9.3761781152373525E-005  0.50000000000000000             1104  0.13824296033599368                0
         219         220   5.9461379470541447        2.5291364086335988      -0.75299076982192070       0.98221912150944157        80559.862777643633        74.428097414589246        3.8215238348222296       0.17928022086392373                0           0   58395.273967004177        4.5230718866207646E-004  0.50000000000000000              922  0.12505459323039031                0
         159         160  0.52009082554844766       0.13749382338007102       -6.8562166579241961E-003  0.98252657550525302        109146.58921206869        38.868446659729038        1.9571614171096376       0.57771190333323319                0           0   43100.891119047374        2.3624417772278330E-004  0.25000000000000000              862  0.17504130831227932                0
           1           2   2.0244841138268650       0.61000484406818434       -7.0741485713423660E-002  0.98738152934187551        118081.33591071346        65.056817812538299        19.416992990524754       0.49927116928015969                0           0   39839.617509086311        3.9638661146352313E-004  0.50000000000000000              704  0.12659360805934367                0
         283         284  0.18094602805437388        8.1870494517192083E-002  -1.6064068193646895E-003  0.97697797871714775        143540.44546752289        34.366892541613126        4.7459278974780172       0.27906983906915656                0           0   32773.447527785116        2.0829891525217590E-004   6.2500000000000000E-002         986  -5.2107587984599787E-002           0
         185         186  0.24628085064239766        6.9358336926096664E-002  -1.8551080494142963E-003  0.99057546901522908        130681.44545928008        34.314639623851313        9.0275802510616785       0.51956915013860638                0           0   35998.341165507023        2.0941269287605858E-004  0.50000000000000000              888  0.21730645503161564                0
         191         192  0.17819880543248182        5.0730547014061628E-002  -8.9966543292994278E-004  0.98450778698896024        174927.64032278312        37.446621017460309        21.194518202996829       0.63351174386452991                0           0   26892.921261409472        2.2782970840593575E-004  0.25000000000000000              894  0.46971441858114404                0
          71          72  0.16939743337267674        2.6319217633798585E-002  -4.7647967898261517E-004  0.96976219828091648        170003.73667627125        34.870225322542275        13.567070130755265       0.27985058349699304                0           0   27671.834452691655        1.5082883319385277E-004  0.25000000000000000              774 -0.11726228595151239                0
          53          54  0.10539273585624893        8.3691576402142989E-002  -9.4861616487088496E-004  0.98840746126056767        171334.30925667207        34.651436372167325        17.142166507662139       0.24003578280624269                0           0   27456.936547351612        2.1096666920612941E-004  0.50000000000000000              756 -0.17364325480394685                0
         245         246  0.10614450888457336        7.9534736728126665E-002  -8.8338078697462622E-004  0.97533507163214717        180155.36208468804        35.614411017835778        7.8034319938496930       0.13757923660667348                0           0   26112.546433302068        2.1568078356416255E-004  0.50000000000000000              948  0.11139876058946910                0
         331         332  0.12214104311112879        9.8521910482032543E-002  -1.1537755047203683E-003  0.97154055198387024        188414.45473505274        38.868024797675822        19.202345523938366       0.28887704972751060                0           0   24967.910579153504        2.3493249830021899E-004  0.50000000000000000             1034   6.9192621164464077E-002           0
         203         204  0.10958957416913398        5.6611292613942377E-002  -6.2817234305771752E-004  0.98494187057407623        200051.97130642890        36.805509599966030        18.051369358922983       0.11472708036015718                0           0   23515.465640870621        1.6988547057778460E-004  0.50000000000000000              906 -0.16886249835824735                0
          21          22  0.17137201111473407        1.8580527211685235E-002  -2.8964617018065918E-004  0.97725619083110171        219756.57682243298        40.968444197440832        3.5921056973160614       0.24065687744290731                0           0   21406.937283364805        1.8343950172520064E-004  0.50000000000000000              724   7.0053291496300740E-002           0
         369         370  0.35577330781196675       0.28758888866695975       -6.5923629871082615E-003  0.96841922705639494        200307.85819162280        57.839387851881206        14.824805326500602       0.42854218525256221                0           0   23485.425385280789        3.4904883910831302E-004  0.50000000000000000             1072   1.5704589040458419                0
          77          78   9.3430964505624117E-002   2.0354482771848002E-002  -1.6334883162896549E-004  0.97425183352183942        309441.22681298596        43.386459025179242        8.7568277080371928       0.58719869057500762                0           0   15202.613129787858        1.8457846561722538E-004  0.50000000000000000              780  0.84305595453959659                0
         315         316  0.30834333591613694       0.21242803698149326       -3.5544000840579989E-003  0.96932722246065328        288048.63087816222        68.675120176768687        4.4610156799595684       0.42389756524228206                0           0   16331.670257563481        4.1463143421502049E-004   3.1250000000000000E-002        1018  0.23348506176206052                0
          89          90  0.20842321107894346       0.10223825271363279       -1.3435582502014560E-003  0.98702482580270168        297769.38109927031        59.104743533761280        6.9946652836041352       0.75649222449248066                0           0   15798.519109916271        3.6005640583131949E-004  0.50000000000000000              792  0.39885562957537307                0
         155         156  0.50373356431637750       0.18870347651975347       -4.6345267489272665E-003  0.98128177235206437        293320.33962033020        76.435433608783669        8.7236445353019398       0.74861891222880339                0           0   16038.148816184937        4.6428632181207922E-004  0.50000000000000000              858  0.46018838299713055                0
         187         188  0.16652052450678573        4.4390738220572948E-002  -5.1200105471243477E-004  0.98740860044556455        313872.49940009229        53.803263366689940        6.0510293018506287       0.66587503096319400                0           0   14987.981637882163        1.5401396217716847E-004  0.50000000000000000              890  0.29455141102447024                0
         255         256   8.3811449474318997E-002   3.0344259974373743E-002  -1.9498774621546684E-004  0.99476358635673934        366335.73421504453        48.606227887337262        5.6990415181658989       0.45140256778519766                0           0   12841.540746017587        1.7373772739312873E-004  0.50000000000000000              958  0.23742998236580595                0
          93          94   8.5361728603296438E-002   7.1347741082274679E-002  -4.1080252103106030E-004  0.97812880800934654        378910.90214675880        55.249666982163497        6.4598608872816143       0.48826278211257035                0           0   12415.359998859836        1.7179347800011020E-004  0.50000000000000000              796  0.35218090419928694                0
          95         546  0.62290701776509083       0.52092362269304604       -3.7742847528910990E-003  0.93636123330652798        1958539.2774089116        320.39221085618703        4.6896496919656094       0.51674296258330177                0           0   2401.9509396147678        1.7820141661075745E-003   4.7683526305149545E-003         798  0.31184466608746297                0
          67          68  0.52597586808430075       0.46375414949012228       -9.5351984985231255E-003  0.98266064699714351        341740.68956755206        95.332992401100725        18.790121043003641       0.47145547866666088                0           0   13765.745201713413        5.7947742737167690E-004  0.50000000000000000              770   7.0754122374006190E-002           0
         213         214   8.6717284611907239E-002   1.7710005955573944E-002  -1.1427078035879827E-004  0.98213695314694749        400632.33674856107        50.085097135765906        3.8676647308720025       0.33997800638049436                0           0   11742.225542311169        1.5552041722878169E-004  0.50000000000000000              916  0.15465286229618946                0
         313         314  0.11479116130453372        5.7685466757393881E-002  -3.9453446450446250E-004  0.99253727403468150        435049.79924732697        62.547398305763593        2.5317331269068939       0.44296440409156768                0           0   10813.279918261374        1.7042172232509015E-004  0.50000000000000000             1016   7.7337709057669693E-002           0
         365         366  0.29906545429998188       0.27572229150032296       -3.4223050706489746E-003  0.97703614846779008        409915.73603235272        89.792227251814452        15.864325033446480       0.30251900933726911                0           0   11476.298283102440        5.4424978456707430E-004  0.50000000000000000             1068 -0.23614190776336308                0
         201         202  0.41909726131645580       0.36316033186407948       -5.4401348907038797E-003  0.97784193266974673        439642.50440806977        104.26124217537117        18.393349828353557       0.38639930353013596                0           0   10700.319487940789        6.3220712582260643E-004  0.50000000000000000              904   7.2109341861588960E-002           0
         171         172  0.11855449161888632       0.10910379859810015       -6.3808363105355751E-004  0.99690688946593098        502629.43037454027        75.543937317710842        4.7959138657212650       0.23551322749621251                0           0   9359.4106778413025        1.6222029374787257E-004  0.50000000000000000              874  -7.4532194881586272E-002           0
         347         348  0.19457293008789711        9.8264029982305379E-002  -8.4213227326918961E-004  0.97623178622328566        525292.62380639045        84.608893442837001        9.1630319276347354       0.36524497766485065                0           0   8955.6088253366652        5.1262384884362530E-004  0.25000000000000000             1050  0.15742697109485301                0
         343         344   9.9716206803828866E-002   3.9838043689421537E-002  -1.9541286924161294E-004  0.98547806040898511        644708.77578794607        75.758248904357316        15.026386569249937       0.55286245205654116                0           0   7296.8066114739531        4.6110969753691106E-004  0.50000000000000000             1046   1.7407440066627511                0
          99         100  0.11123848720615616        3.9011678252708890E-002  -1.9764343022701515E-004  0.98119635498491209        697449.45099556562        81.825121918085514        6.4600876959064770       0.54587687429742759                0           0   6745.0268272914218        1.9609050585244134E-004  0.25000000000000000              802  0.13242323736697442                0
         391         392  0.13558686976987694        5.7578981684498085E-002  -2.5446740011902898E-004  0.98428057182237338        1015963.8259505472        114.33226250480101        15.850727266234367       0.30083563288032905                0           0   4630.3964151906221        1.9855493643177781E-004  0.50000000000000000             1094  0.10396736370741934                0
         385         386  0.12648191059682606        5.9749107023494945E-002  -2.5030111744847215E-004  0.99192399726360403        1010156.8010307509        112.51654391747591        20.876670247796344       0.27703465313270165                0           0   4657.0148840700185        1.9971473045980897E-004  0.50000000000000000             1088   7.8871845633057547E-003           0
          41          42  0.11122608390456809        8.6847116325004775E-002  -3.0034655602715249E-004  0.97689552612968544        1076875.4069236529        119.85571002551679        3.6727690531103838       0.83592369973727954                0           0   4368.4861102769009        1.9934720720389158E-004  0.25000000000000000              744  0.52096456230815835                0
         345         346  0.55774375829353751       0.47607345656862060       -4.7923803546830179E-003  0.97923176074338625        1065819.0059203701        206.47940675782556        5.4742800047423152       0.25888317597431926                0           0   4413.8031237137029        1.2529054742208931E-003  0.50000000000000000             1048  -4.2000382604437482E-002           0
          73          74  0.94128231410560004       0.69908498357263338       -1.0547991353088345E-002  0.98595090542721642        1010924.7705775029        232.48741209934116        18.696342680942031       0.55490471041248446                0           0   4653.4770880699325        1.4155097427745917E-003  0.50000000000000000              776  0.38497556953274659                0
         285         286   8.9462339041284894E-002   4.2834040765278178E-002  -1.2838168338598593E-004  0.97556116315563901        1178106.6063545495        111.23605151706303        8.3791990966779331       0.67114527549007863                0           0   3993.1150816660524        1.4410236536712358E-004  0.50000000000000000              988  0.22701003577315054                0
         293         294  0.55382231722128972       0.12326253909399966       -1.3046202120956597E-003  0.97555013427591697        1208714.8768618368        195.00098063437505        8.3090150812143424       0.57334965157679407                0           0   3891.9974823661364        1.1809822740092247E-003  0.50000000000000000              996  0.92350220319351628                0
         123         124  0.67985937278035102       0.12376754478802159       -1.4259437356367586E-003  0.97763450747397851        1328700.8239903566        219.90890269502705        4.0003385776603917       0.58924535007113943                0           0   3540.5376234484115        1.3330674591925293E-003  0.50000000000000000              826  0.32050426502563190                0
           7           8  0.10772050310063933        1.1526931384030817E-002  -3.7943697728780554E-005  0.99082248886431246        1424470.1409572540        121.95279694780302        13.179596410904059       0.47348351762876484                0           0   3302.5018372680170        1.6260639909577266E-004   6.2500000000000000E-002         710  -9.7984988515922855E-003           0
         355         356  0.32294731613854971       0.22153041596011064       -1.4146791448691402E-003  0.98835597978780254        1280677.5733209376        188.46314208734015        9.2085860714423475       0.44077587087827114                0           0   3673.3018174480535        1.1488556879049804E-003  0.50000000000000000             1058   6.7518157880445850E-002           0
          85          86   8.0567479673496034E-002   7.0359839832317903E-002  -1.6540594186675728E-004  0.98642166572395873        1357017.8794508749        127.71821781941760        11.561476716967192       0.32485009072460425                0           0   3466.6567986181526        1.9401392259058692E-004   6.2500000000000000E-002         788  -5.6284368786310157E-002           0
         387         388  0.11696728908539532        8.3148869844046139E-002  -2.2938221542483566E-004  0.95183787054161384        1621696.9425248264        158.00847018476097        1.4770233622083666       0.73399997037217179                0           0   2900.8596700691787        1.4899903521211502E-004   6.3524473758132270E-006        1090  0.29229201611071864                0
         103         104   9.4240900685283069E-002   8.1646476448274677E-002  -1.9581474411928143E-004  0.97430932578693863        1543295.6101144454        146.43699954217337        4.2416634371867064       0.15130653287875331                0           0   3048.2269416265021        8.8618227905427590E-004  0.25000000000000000              806  -4.7033515154936999E-002           0
          65          66   8.1196656538748205E-002   3.2700733033609646E-002  -6.2627861262289943E-005  0.98184767372588766        2149336.5504112290        157.99647215383459        16.082668721669780       0.56428946014860648                0           0   2188.7290088398181        1.9363885980735446E-004  0.50000000000000000              768  0.17588995763605597                0
          15          16  0.12041882448822794        4.7134796559794988E-002  -1.1370748620294229E-004  0.97825164521118502        2263928.7909641471        186.02285177799217        16.134663537592164       0.61201993136309840                0           0   2077.9431210119114        1.1281688166013199E-003  0.50000000000000000              718  0.17904575848573864                0
         243         244  0.10897784068549871        6.2870305948584129E-002  -1.2688985103554134E-004  0.99345305026723485        2514966.0648626112        201.22235189126619        7.1753022213834203       0.38236322642811543                0           0   1870.5283237695505        1.2297376519750148E-003  0.50000000000000000              946   7.3647934379822366E-002           0
         265         266   8.4095384718170976E-002   3.6296916915751078E-002  -2.5179232140157250E-005  0.98201127225701268        10108087.574023191        451.77142020746390        2.1048304372002105       0.52984864415957633                0           0   465.40111798540397        1.7025670733058023E-003   1.0500505120013199E-003         968  0.21614002779583585                0
         127         128  0.41687934908818136       0.27898104023835063       -1.0601324713850049E-003  0.99434194081511351        3619474.9262651657        408.83142482301037        14.602348640032799       0.31627218573002386                0           0   1299.7231237899509        2.4997052625840904E-003  0.25000000000000000              830  -2.4396463919577893E-003           0
         217         218   8.1228311512873880E-002   6.5270211912634449E-002  -8.4864059256294254E-005  0.97696892315676265        3390006.8490829859        232.81876606981328        19.439601576746639       0.71587018624212129                0           0   1387.7008121435813        1.4110585494170628E-003  0.50000000000000000              920  0.32152460481795225                0
         143         144  0.25022565110097550       0.15769561095085233       -3.9893226177458845E-004  0.97378367469115990        4047244.7606835263        368.61381757316616        7.4939454277332089       0.64972028997341391                0           0   1162.3500766111972        2.2305190603367172E-003  0.50000000000000000              846  0.21677309630463840                0
          61          62  0.16574606629006447        5.1105325148539382E-002  -1.0680914848388477E-004  0.98146224652464376        3985102.7316611102        295.54272204541036        8.4084165299928841       0.45237184122490898                0           0   1180.4752786595950        1.7952874583487142E-003  0.50000000000000000              764  0.28034451392432336                0
          29          30   9.2064989403419284E-002   3.8673592252436655E-002  -4.8326417632826574E-005  0.98790084533106615        4595724.3541263249        274.56410217347485        6.3844649493668326       0.83863557587495730                0           0   1023.6286807368981        1.6733196375634911E-003  0.25000000000000000              732  0.51026056785316698                0
         405         406   8.7236661288412828E-002   5.5735761705262711E-002  -1.4072219982536795E-005  0.99445045527554632        44632234.652881853        1287.6258805654079        9.4747185852120364       0.71430964724904478                0           0   105.40174145954420        7.8733128566099032E-003  0.50000000000000000             1108   1.2959885463743150                0
          45          46   8.6894120985331738E-002   8.6164685909330241E-002  -8.2040856412477007E-005  0.98387083180607882        5506893.1944410549        340.10174038637848        6.4779214410500030       0.65903285720487004                0           0   854.25939664011355        2.0685513436049150E-003  0.50000000000000000              748  0.47182029181276497                0
         161         162   9.3309048906446132E-002   9.2827486138433946E-002  -9.1367391185438718E-005  0.98756626629247202        5621692.7699503237        353.28765623563197        5.5275720757079680       0.39662973797744377                0           0   836.81471936545063        2.1058515904299148E-003   2.8928887098575507E-005         864   7.8177413718891003E-002           0
         289         290  0.10428359770713377        2.3242149003040714E-002  -2.7029369956254479E-005  0.98098931987671001        6248198.7730499469        334.17634150432269        20.723830766239587       0.16156914417362581                0           0   752.90742636672485        1.4022327347410512E-003   9.4551765367543886E-004         992  -4.7107532899650445E-002           0
         115         116   9.5073144526220191E-002   4.6025486525321645E-002  -4.6726263478262970E-005  0.98361077625756288        6339435.9430684811        348.99124241529205        15.802175555239181       0.49551365847063333                0           0   742.07158174513086        2.1223306805025111E-003  0.25000000000000000              818  0.16987942332915945                0
         223         224  0.13901763968801717        6.0776114313866474E-002  -7.7057527181351854E-005  0.98944810284901885        6749318.6741102189        408.60822904856440        4.6463099534799337       0.31647458437476461                0           0   697.00594753217001        2.4878799289938191E-003   1.2718898931935883E-004         926   9.6329990097383522E-002           0
         199         200  0.11230093762090229        4.7925291740752780E-002  -4.9845320530023470E-005  0.98557578802919299        7365259.5215128316        402.38621163417127        10.686947502981543       0.44026344346293245                0           0   638.71683596540686        2.4494184751019071E-003  0.50000000000000000              902  0.76425237972886195                0
         373         374  0.15845034820673778       0.15233439132851201       -1.7085640870086589E-004  0.97960765085115742        7914604.4518505717        526.47678060355622        4.5366493031812309       0.40241711265841201                0           0   594.38412699763069        3.1792308762307519E-003   5.7032130512127695E-005        1076  0.11512389594881760                0
          69          70  0.10464422723177559       0.10349050793134676       -8.6377732787562200E-005  0.98042651398566583        8085705.8082159301        467.23280664956275        15.395037602900397       0.16476459721501141                0           0   581.80638391081243        2.8368343572848856E-003  0.50000000000000000              772 -0.16252360099627949                0
          51          52  0.11606384615255892        9.5064690585184505E-002  -1.2276543213329298E-004  0.98205345115529663        4872545.5793825211        334.93415447263214        7.0433479300082968       0.45622892682116989                0           0   965.47383313362923        1.9892380511386115E-004  0.50000000000000000              754   6.4449728786333704E-002           0
         267         268  0.11152016154947933        1.9237634443879208E-002  -2.0555886136338209E-005  0.97571202783493394        7747983.9885942256        388.94499789208822        4.7609957967497598       0.54847704674698672                0           0   607.16636283321770        1.4767936594966959E-003   9.3806245529977632E-004         970  0.15336697162285748                0
         367         368  0.20322917187314732       0.17631903439505672       -1.9839580582761172E-004  0.98268196911546057        10352968.587973867        673.08838385350725        14.245913734502334       0.52802938040328784                0           0   454.39288428918360        3.9951630268919682E-003   4.7097536398823132E-004        1070   1.5346064915530928                0
         305         306   8.5255713978393793E-002   1.6586699482616780E-002  -1.1931200371230782E-005  0.97557216214542408        10624387.113807641        441.69112072417624        8.4213921280244310       0.24120383424324002                0           0   442.78462439785847        2.6751951435917505E-003  0.50000000000000000             1008   7.6508467777667372E-002           0
         325         326  0.14296285691723640        1.8018411898666035E-002  -1.7591034512000332E-005  0.98525910189351285        11605238.715074902        545.71725305743564        10.488430016091989       0.38879610230539141                0           0   405.36135215676182        1.9976652747874619E-004  0.50000000000000000             1028   2.6850888732797812E-002           0
         119         120  0.12744757891135747        8.2887871857059842E-002  -6.3848789170769046E-005  0.98269985033698937        12193204.574003790        616.57973866081329        11.190901726233571       0.25174086842174276                0           0   385.81451078697370        3.7479255214838184E-003  0.50000000000000000              822   6.8425295122286650E-002           0
         133         134  0.13034205300579016        4.8697333779162973E-002  -3.8327313338081055E-005  0.98104949544365938        13234787.838235553        617.16416314700768        3.3755190186632182       0.50953463077480510                0           0   355.45074958088162        3.0281704604351142E-003   5.9514416087639785E-004         836  0.21181039111377598                0
          17          18   8.8310858010865509E-002   3.6165089814597706E-002  -2.2321003472730643E-005  0.98140412768925933        12747100.610456508        533.22349031307033        11.904288515819520       0.35161657634574006                0           0   369.04982563531280        3.2391129273980847E-003  0.50000000000000000              720  -4.3130298382166837E-002           0
         275         276  0.13196141201412448        6.9014568623332620E-002  -4.7733802094699597E-005  0.97887149006037910        15446842.050633008        711.01872721545294        7.1767668415668142       0.43095779803812051                0           0   304.54867358807371        3.8712987973820588E-003   6.2999819716800902E-004         978  0.36991199655850671                0
         399         400  0.17014458503807270        6.6018282057290864E-002  -2.6984293944946879E-005  0.99072230581949627        45921954.078172185        1551.2815517588883        14.570569325903426       0.21712693598664631                0           0   102.44153046354876        8.3573660926296311E-003   1.0784608550267170E-004        1102 -0.12795031599483903                0
         157         158  0.17882018552997023        8.7937108552675433E-002  -4.2075482977865837E-005  0.98506347632171587        36757883.434037536        1392.7685417049056        3.8383798387536832       0.36986901509881820                0           0   127.98112454126236        5.0550423075334588E-003   3.1294877447813122E-004         860   3.5145494820898581E-003           0
         145         146  0.11284151051838727        7.1741434973604884E-002  -2.4259797944303486E-005  0.99380435424358815        37282162.840756096        1243.5724923474597        7.9941199503024345       0.41380602520740040                0           0   126.18139343842203        4.3064883708483883E-003   1.7494769980368590E-004         848  0.14688512407178655                0
         221         222  0.10685030920939192        6.9974509155263417E-002  -3.1625746226236168E-005  0.98475804868944383        22714852.018350292        881.03710337768894        16.087381999184768       0.24339920677679669                0           0   207.10305547420523        5.2694092137162722E-003   4.6124296241022084E-005         924 -0.19309595897317258                0
