 122 144   1   452 105   0      0.1   0.46   4.88  5.799     0.0  -0.2385   0.0000
  -1.208671   0.000000   0.287028   0.062472  -0.571267   0.053723   0.000000   0.000000   0.000000   0.000000
   0.00000   0.00000   0.15025   0.03380   0.00000  -1.20867   0.00000   0.00000  -0.92164   0.77512   0.20854   0.00000   0.00000
 NAME(I1)    NAME(I2)    M1[M*]                    M2[M*]                    EB[NB]                    ECC                       P[Days]                   SEMI[AU]                  RI[PC]                    VI[km/s]                  K*(I1)      K*(I2)      ZN[NB]                    RP[NB]                    STEP(I1)[NB]              NAME(ICM)                 ECM[NB]                   K*(ICM)      
           3           4   8.7970317491499028E-002   4.9196061553816367E-002  -9.2897646351125171E-004  0.98018963898304645        71340.815372945974        17.361255191394889        7.6785993458894986       0.17476436788124380                0           0   65941.428242054317        1.0539810829294615E-004  0.12500000000000000              706  0.11340428479563171                0
          57          58   8.8793517676333700E-002   7.4789808565780366E-002  -1.3944536633748324E-003  0.99288618157622466        67519.482439442989        17.747571380570307        14.111121746890989       0.55528073557308721                0           0   69673.449613065080        1.0843421479498632E-004  0.12500000000000000              760   1.1550319454148359                0
          59          60  0.52934127945164156       0.11516011942956719       -3.1001072744619322E-002  0.99635260950274573        9025.0375450904266        7.3279160146024838        17.806383462626652       0.79015770881939174                0           0   521251.59969045070        4.4850020571511419E-005  0.25000000000000000              762   1.4517218467526192                0
          63          64  0.11284127030153632        5.3401276685359052E-002  -1.4468849236327175E-003  0.97984293960292113        54774.265105649982        15.520472950299069        11.967044164161308       0.39792860314231654                0           0   85885.502043175962        9.4206442072616631E-005  0.12500000000000000              766  0.23323730476375246                0
          83          84  0.10272953417562042        4.1373672231505683E-002  -1.2819188696754095E-003  0.97370419826673227        41789.837138321200        12.356008093958177        13.986001547202214       0.34723132645968041                0           0   112570.79662870750        7.4766174595093939E-005  0.12500000000000000              786  0.23226338485677905                0
          87          88  0.10306885414503236        3.0345968261083246E-002  -4.1821248241819420E-003  0.98428134930470224        4652.7998571211401        2.7870887101701558        15.188091393978851       0.29544318468295366                0           0   1011071.9141389197        1.6955045282497800E-005  0.12500000000000000              790   8.8559179510940458E-002           0
         105         106  0.12790761581087476        8.1406408734692293E-002  -3.3640542461646258E-002  0.96974758674909145        989.02684361157492        1.1534833915785283        18.336299450335709       0.34190471651545329                0           0   4756509.1767037120        6.9657331703446991E-006  0.25000000000000000              808  0.11607865189361199                0
         131         132   8.4797441590329786E-002   6.4637458177469395E-002  -7.7121942017657882E-004  0.98912831439601701        128788.41655396212        26.485513546867381        7.7954070951319379       0.46539581089933918                0           0   36527.471829531067        1.6151620773559698E-004  0.12500000000000000              834  0.12394568521573435                0
         137         138  0.13717930409073115       0.13193897190263901       -4.0334545728335997E-003  0.97817964388784162        48147.574536657077        16.722602131164937        11.834853796366129       0.15264836363341425                0           0   97706.173216745112        1.0141787278782275E-004  0.25000000000000000              840  0.66832595865624589                0
         167         168  0.11739175763496201        6.6852661947444644E-002  -1.3371095085191684E-003  0.97921691183512483        87047.450602289726        21.873015901955345        12.727589155725195       0.67023075315065184                0           0   54043.113555826756        1.3272323952673876E-004  0.25000000000000000              870  0.41894064471104892                0
         177         178  0.17518944591650459       0.15841447355487015       -4.8844045916293037E-002  0.97081544669269548        1948.4551180766894        2.1174370246531056        3.7817813475455924       0.80601609991350465                0           0   2414382.1502485364        1.2793853451865820E-005  0.25000000000000000              880  0.51057363940269229                0
         181         182  0.16494482085752635        4.8117280213717237E-002  -2.2342341753636167E-003  0.98308070947828008        38113.841390388654        13.238244572811659        5.1971640464770008       0.30634990875735907                0           0   123428.00111539195        8.0485139620415977E-005  0.12500000000000000              884   5.4231441425899640E-002           0
         193         194  0.13607741833753259        1.4509867592654014E-002  -3.3139095177587647E-004  0.98026160729439438        98477.807758994706        22.203845682541278        15.654605796871802       0.68918209075807513                0           0   47770.308506030713        1.3480179630591914E-004  0.25000000000000000              896   1.2012482282956538                0
         195         196  0.23980714281985319       0.16746154432118399       -1.7866781603804005E-002  0.96643523058497638        13874.745800257982        8.3762612435180923        11.141002175349433       0.97685079575208911                0           0   339055.96004197007        5.0498069052990366E-005  0.25000000000000000              898  0.74662577043097256                0
         207         208   9.9440827635248155E-002   5.0100703362626467E-002  -8.7683211256005204E-003  0.98112175417415370        2910.2243960466299        2.1174416066239212        3.8923366068105576       0.75068160761729519                0           0   1616478.5313583727        1.2860786271453537E-005  0.25000000000000000              910  0.45580886135371718                0
         225         226  0.11258739991983015        4.7810171057872303E-002  -9.4939383745014589E-004  0.98185672257896206        88575.957032427817        21.129198100363176        15.910420111824722       0.59219788533759432                0           0   53110.521356517827        1.2838083044770557E-004  0.25000000000000000              928   1.1146646720612368                0
         235         236   9.9158490776633662E-002   3.5661683213779022E-002  -5.1301121046354124E-003  0.96614283730650707        4095.4263718306088        2.5687641194955386        7.1178396026411743       0.28900217340216949                0           0   1148675.3345151674        1.5484037106406675E-005  0.12500000000000000              938  0.12821521291294202                0
         239         240   8.3253089810449737E-002   5.9845060969569666E-002  -7.4110620056441019E-004  0.97866503909393976        121080.59857328323        25.053451414275163        15.878658116313074       0.46277412061225254                0           0   38852.758518512826        1.5197941044801133E-004  0.25000000000000000              942  0.14858529359281028                0
         247         248  0.12867704596478571        5.6124925773135610E-002  -4.8755267774440045E-002  0.97148621675522984        348.47281385192167       0.55201979559906922        18.667159330177110       0.62887542881579528                0           0   13499805.639483234        3.3365167437779866E-006  0.12500000000000000              950  0.54678040082380064                0
         249         250   8.3325272192247987E-002   6.4931060179189190E-002  -5.9417119074347373E-003  0.97581540753508467        5929.7866670524481        3.3934150410168407        16.164239724238168       0.54540985571440992                0           0   793336.34104971308        2.0555510157367267E-005  0.12500000000000000              952   1.3353006553962121                0
         271         272  0.13618545113931463       0.10282415591629936       -1.7643068358636144E-003  0.98806680624688603        120181.93023047518        29.578155387187675        6.6980035479846789       0.50869071050075276                0           0   39143.282593508091        1.8027976026539725E-004  0.25000000000000000              974   8.5727118490241519E-002           0
         287         288   8.8414603939471620E-002   4.2704642040310346E-002  -5.8515194294090581E-004  0.98093659039144399        118941.02246670357        24.046383900145148        3.1340840673069770       0.61752213147746327                0           0   39551.663169548527        1.4603779329379048E-004  0.25000000000000000              990  0.21494131715361681                0
         291         292  0.10251315781699964        2.9651563345757474E-002  -1.1831110334550475E-003  0.98075559013170377        29765.556837160901        9.5746088155111213        8.9803753877028498       0.59144158353954202                0           0   158045.59892431262        5.8142920318824777E-005   6.2500000000000000E-002         994  0.24130129790551288                0
         303         304  0.77980953382043972       0.33783563817501155       -5.2382472905160467E-002  0.97671789874474535        28033.625192942258        18.742492285908785        5.9809423476465202       0.63485314744337762                0           0   167809.73653129677        1.1358394461059082E-004  0.25000000000000000             1006  0.23081332439621444                0
         311         312  0.16827131513595273       0.11782564957455051       -9.1314488263872420E-003  0.97485864189666582        15717.300866973132        8.0915100549741776        14.398852091920583       0.18298159651079743                0           0   299308.08714936365        4.8990345746074786E-005  0.25000000000000000             1014 -0.14196889149154443                0
         321         322  0.12252965187021556        4.0765808550071510E-002  -1.0952504619379879E-003  0.97557453106160041        63331.226025514967        16.995860241612995        16.476009812611505       0.47398960298989185                0           0   74281.133539866772        1.0293936416602254E-004  0.12500000000000000             1024  0.78547001041240483                0
         323         324  0.13577855073708561        2.1714876777924844E-002  -1.0672784058174505E-003  0.97737634574565457        30402.145619620234        10.295090097572151        11.877701561035934       0.59000873437517520                0           0   154736.29119810546        6.2411468000077191E-005  0.25000000000000000             1026  0.38851606504572794                0
         337         338  0.14234346256931027        4.8688670540606271E-002  -2.7220309402593351E-003  0.98436219341894415        24424.438780536861        9.4883723855236379        16.199814256615451       0.50109140567921928                0           0   192606.89262565569        5.7724153992768256E-005  0.12500000000000000             1040   1.5594791165938684                0
         357         358   7.9717634398698847E-002   3.5168480550120958E-002  -1.1543449013877967E-003  0.99034897964864510        29342.295402160125        9.0508997532508531        13.611420466156474       0.51103138952145100                0           0   160325.40035359471        5.5228836842580753E-005  0.25000000000000000             1060  0.89818952217515802                0
         363         364   8.0030474895858961E-002   2.5241398542184282E-002  -3.2505135387658957E-004  0.96900162088983910        125469.53716214608        23.159872534501439        9.8286706422174852       0.68305908654885439                0           0   37493.684634903126        1.3980643129274424E-004  0.25000000000000000             1066  0.47800434924287483                0
         371         372   9.0756420354949963E-002   8.9399293653254358E-002  -1.4941626717007766E-003  0.97790038526241019        78336.750524128642        20.236383406048532        7.9507464171691486       0.38548776507517152                0           0   60052.468683849453        1.2271064128272370E-004  0.25000000000000000             1074  0.20466739626584379                0
         383         384   9.3433970454860987E-002   6.5975786712685114E-002  -2.9999592269293533E-003  0.97176827062077331        19385.313257799193        7.6576121486429507        12.218207301527135       0.54296066812995047                0           0   242674.19334851863        4.6290742961604388E-005  0.25000000000000000             1086  0.51797825068240444                0
         395         396  0.10118924464727580        7.2387835402996439E-002  -4.0679476328368365E-003  0.98184110250843104        15239.121285685993        6.7103307468978812        7.1805104753410323       0.47315749081525316                0           0   308699.90266850201        4.0771591993552411E-005  0.25000000000000000             1098   5.8203839914243487E-002           0
         401         402  0.11008182267075275        8.1520559788653676E-002  -2.1754919003101718E-003  0.98946501741247106        50292.904508829961        15.372504553420699        9.3730061891789411       0.48455503821493412                0           0   93538.349069078395        9.3761781152373525E-005  0.25000000000000000             1104  0.16268956665788875                0
         219         220   5.9461379470541447        2.5291364086335988      -0.75299076982192070       0.98221912150944157        80559.862777643633        74.428097414589246        9.4352931728742639       0.26801857619158592                0           0   58395.273967004177        4.5230718866207646E-004  0.12500000000000000              922  0.17575480459223392                0
         159         160  0.52009082554844766       0.13749382338007102       -6.8562166579241961E-003  0.98252657550525302        109146.58921206869        38.868446659729038        4.8591305653837908       0.56597448787330418                0           0   43100.891119047374        2.3624417772278330E-004  0.12500000000000000              862  0.23589150299697659                0
           1           2   2.0244841138268650       0.61000484406818434       -7.0741485713423660E-002  0.98738152934187551        118081.33591071346        65.056817812538299        14.106035368551501       0.45509712026764398                0           0   39839.617509086311        3.9638661146352313E-004  0.12500000000000000              704  0.10278599965291317                0
         283         284  0.18094602805437388        8.1870494517192083E-002  -1.6064068193646895E-003  0.97697797871714775        143540.44546752289        34.366892541613126        5.2407946225874991       0.30886526240148676                0           0   32773.447527785116        2.0829891525217590E-004  0.12500000000000000              986  -4.3793345584072621E-002           0
         185         186  0.24628085064239766        6.9358336926096664E-002  -1.8551080494142963E-003  0.99057546901522908        130681.44545928008        34.314639623851313        9.8903838092982923       0.57568425684347846                0           0   35998.341165507023        2.0941269287605858E-004  0.12500000000000000              888  0.25174920704789738                0
         191         192  0.17819880543248182        5.0730547014061628E-002  -8.9966543292994278E-004  0.98450778698896024        174927.64032278312        37.446621017460309        15.599377902091202       0.61958038026794127                0           0   26892.921261409472        2.2782970840593575E-004  0.12500000000000000              894  0.50379191337314499                0
          71          72  0.16939743337267674        2.6319217633798585E-002  -4.7647967898261517E-004  0.96976219828091648        170003.73667627125        34.870225322542275        10.001639994110445       0.26228641438403105                0           0   27671.834452691655        1.5082883319385277E-004  0.12500000000000000              774 -0.14199603228668606                0
          53          54  0.10539273585624893        8.3691576402142989E-002  -9.4861616487088496E-004  0.98840746126056767        171334.30925667207        34.651436372167325        12.180139247294937       0.32059056565091476                0           0   27456.936547351612        2.1096666920612941E-004  0.12500000000000000              756 -0.16666804471946634                0
         245         246  0.10614450888457336        7.9534736728126665E-002  -8.8338078697462622E-004  0.97533507163214717        180155.36208468804        35.614411017835778        12.243587245702004       0.25243022286229683                0           0   26112.546433302068        2.1568078356416255E-004  0.12500000000000000              948  0.14731876980143274                0
         331         332  0.12214104311112879        9.8521910482032543E-002  -1.1537755047203683E-003  0.97154055198387024        188414.45473505274        38.868024797675822        13.742442435744131       0.30120764468228572                0           0   24967.910579153504        2.3493249830021899E-004  0.12500000000000000             1034   2.8546195041052200E-002           0
         203         204  0.10958957416913398        5.6611292613942377E-002  -6.2817234305771752E-004  0.98494187057407623        200051.97130642890        36.805509599966030        13.019090452882196       0.17900927484371509                0           0   23515.465640870621        1.6988547057778460E-004  0.12500000000000000              906 -0.19198584360027399                0
          21          22  0.17137201111473407        1.8580527211685235E-002  -2.8964617018065918E-004  0.97725619083110171        219756.57682243298        40.968444197440832        7.8041782664019559       0.26025929771016060                0           0   21406.937283364805        1.8343950172520064E-004  0.12500000000000000              724   9.9561849121518164E-002           0
         369         370  0.35577330781196675       0.28758888866695975       -6.5923629871082615E-003  0.96841922705639494        200307.85819162280        57.839387851881206        17.303300766523748       0.51533760202120360                0           0   23485.425385280789        3.4904883910831302E-004  0.12500000000000000             1072   1.6934370733924657                0
          77          78   9.3430964505624117E-002   2.0354482771848002E-002  -1.6334883162896549E-004  0.97425183352183942        309441.22681298596        43.386459025179242        13.686482028897135       0.51434512747901007                0           0   15202.613129787858        1.8457846561722538E-004  0.12500000000000000              780  0.92630456116311177                0
         315         316  0.30834333591613694       0.21242803698149326       -3.5544000840579989E-003  0.96932722246065328        288048.63087816222        68.675120176768687        9.9695062044549037       0.38548288349800297                0           0   16331.670257563481        4.1463143421502049E-004  0.12500000000000000             1018  0.23691728467649092                0
          89          90  0.20842321107894346       0.10223825271363279       -1.3435582502014560E-003  0.98702482580270168        297769.38109927031        59.104743533761280        7.0507538097130800       0.77927357743516523                0           0   15798.519109916271        3.6005640583131949E-004  0.12500000000000000              792  0.43112851854811607                0
         155         156  0.50373356431637750       0.18870347651975347       -4.6345267489272665E-003  0.98128177235206437        293320.33962033020        76.435433608783669        11.760041409470158       0.65939169981921186                0           0   16038.148816184937        4.6428632181207922E-004  0.12500000000000000              858  0.41797068767986989                0
         187         188  0.16652052450678573        4.4390738220572948E-002  -5.1200105471243477E-004  0.98740860044556455        313872.49940009229        53.803263366689940        6.7537880181075165       0.68108005402513649                0           0   14987.981637882163        1.5401396217716847E-004  0.12500000000000000              890  0.30522637596533342                0
         255         256   8.3811449474318997E-002   3.0344259974373743E-002  -1.9498774621546684E-004  0.99476358635673934        366335.73421504453        48.606227887337262        11.124092496473676       0.47907706248421600                0           0   12841.540746017587        1.7373772739312873E-004  0.12500000000000000              958  0.28515067488637502                0
          93          94   8.5361728603296438E-002   7.1347741082274679E-002  -4.1080252103106030E-004  0.97812880800934654        378910.90214675880        55.249666982163497        12.993395496266967       0.36315433982448803                0           0   12415.359998859836        1.7179347800011020E-004  0.12500000000000000              796  0.39348455017617279                0
          95          96  0.62290701776509083        9.1312241257938784E-002  -2.4694043944866054E-003  0.98228747412034989        343711.02651958127        85.837951702607199        10.430883260300291       0.49413105260218360                0           0   13686.832526965081        4.6362607111590632E-004   2.0940721877023399E-004         798  0.33766935129910436                0
          67          68  0.52597586808430075       0.46375414949012228       -9.5351984985231255E-003  0.98266064699714351        341740.68956755206        95.332992401100725        16.760479014847913       0.38112943954936812                0           0   13765.745201713413        5.7947742737167690E-004  0.12500000000000000              770  0.11795353944207224                0
         213         214   8.6717284611907239E-002   1.7710005955573944E-002  -1.1427078035879827E-004  0.98213695314694749        400632.33674856107        50.085097135765906        8.0903335865756105       0.37503317593493851                0           0   11742.225542311169        1.5552041722878169E-004  0.12500000000000000              916  0.17933064763885898                0
         313         314  0.11479116130453372        5.7685466757393881E-002  -3.9453446450446250E-004  0.99253727403468150        435049.79924732697        62.547398305763593        4.7918166257337953       0.37847069230830371                0           0   10813.279918261374        1.7042172232509015E-004  0.12500000000000000             1016   9.3144906993399779E-002           0
         365         366  0.29906545429998188       0.27572229150032296       -3.4223050706489746E-003  0.97703614846779008        409915.73603235272        89.792227251814452        13.434603743851289       0.28567746029009000                0           0   11476.298283102440        5.4424978456707430E-004  0.12500000000000000             1068 -0.23271518941990799                0
         201         202  0.41909726131645580       0.36316033186407948       -5.4401348907038797E-003  0.97784193266974673        439642.50440806977        104.26124217537117        13.484255438230177       0.39205922781571484                0           0   10700.319487940789        6.3220712582260643E-004  0.12500000000000000              904   4.7903174077204978E-002           0
         171         172  0.11855449161888632       0.10910379859810015       -6.3808363105355751E-004  0.99690688946593098        502629.43037454027        75.543937317710842        2.7927797897682609       0.23114530348437740                0           0   9359.4106778413025        1.6222029374787257E-004  0.12500000000000000              874  -8.1290232283978942E-002           0
         347         348  0.19457293008789711        9.8264029982305379E-002  -8.4213227326918961E-004  0.97623178622328566        525292.62380639045        84.608893442837001        5.6693304280862193       0.45236314397090027                0           0   8955.6088253366652        5.1262384884362530E-004   6.2500000000000000E-002        1050  0.17533330118875057                0
         343         344   9.9716206803828866E-002   3.9838043689421537E-002  -1.9541286924161294E-004  0.98547806040898511        644708.77578794607        75.758248904357316        17.310119703064426       0.69177048645138661                0           0   7296.8066114739531        4.6110969753691106E-004  0.12500000000000000             1046   1.8160075758787042                0
          55          56   8.3915877860446200E-002   1.7498204653530233E-002  -7.7740196882517218E-005  0.96898154446861051        677342.13462491788        70.390059717499767        13.593259355606435       0.14534424414793012                0           0   6945.2570823012566        1.8325936041652929E-004  0.12500000000000000              758 -0.19805453444755683                0
          99         100  0.11123848720615616        3.9011678252708890E-002  -1.9764343022701515E-004  0.98119635498491209        697449.45099556562        81.825121918085514        10.602066787141560       0.54327417584272841                0           0   6745.0268272914218        1.9609050585244134E-004  0.12500000000000000              802  0.14399932538476154                0
         391         392  0.13558686976987694        5.7578981684498085E-002  -2.5446740011902898E-004  0.98428057182237338        1015963.8259505472        114.33226250480101        12.487338726258056       0.38255863357699665                0           0   4630.3964151906221        1.9855493643177781E-004  0.12500000000000000             1094  0.14394692981489043                0
         385         386  0.12648191059682606        5.9749107023494945E-002  -2.5030111744847215E-004  0.99192399726360403        1010156.8010307509        112.51654391747591        13.967676546677584       0.28188313433517337                0           0   4657.0148840700185        1.9971473045980897E-004  0.12500000000000000             1088  -1.0602836749307145E-002           0
          41          42  0.11122608390456809        8.6847116325004775E-002  -3.0034655602715249E-004  0.97689552612968544        1076875.4069236529        119.85571002551679        3.7293421366813186       0.81673645170215525                0           0   4368.4861102769009        1.9934720720389158E-004  0.12500000000000000              744  0.51213424984139921                0
         345         346  0.55774375829353751       0.47607345656862060       -4.7923803546830179E-003  0.97923176074338625        1065819.0059203701        206.47940675782556        2.3503866043603461       0.23239468151989798                0           0   4413.8031237137029        1.2529054742208931E-003  0.12500000000000000             1048  -3.0812516085019441E-002           0
          73          74  0.94128231410560004       0.69908498357263338       -1.0547991353088345E-002  0.98595090542721642        1010924.7705775029        232.48741209934116        13.800879004261484       0.45867694340182175                0           0   4653.4770880699325        1.4155097427745917E-003  0.12500000000000000              776  0.32375520690291637                0
         285         286   8.9462339041284894E-002   4.2834040765278178E-002  -1.2838168338598593E-004  0.97556116315563901        1178106.6063545495        111.23605151706303        8.7507681413137615       0.64581937280302115                0           0   3993.1150816660524        1.4410236536712358E-004  0.12500000000000000              988  0.21738275955900674                0
         293         294  0.55382231722128972       0.12326253909399966       -1.3046202120956597E-003  0.97555013427591697        1208714.8768618368        195.00098063437505        13.138665228102566       0.45501398347263572                0           0   3891.9974823661364        1.1809822740092247E-003  0.12500000000000000              996  0.99340555279500720                0
         123         124  0.67985937278035102       0.12376754478802159       -1.4259437356367586E-003  0.97763450747397851        1328700.8239903566        219.90890269502705        10.112542801698483       0.51911560950782820                0           0   3540.5376234484115        1.3330674591925293E-003  0.12500000000000000              826  0.34964508987920428                0
           7           8  0.10772050310063933        1.1526931384030817E-002  -3.7943697728780554E-005  0.99082248886431246        1424470.1409572540        121.95279694780302        8.9873303149361892       0.42751752554200251                0           0   3302.5018372680170        1.6260639909577266E-004  0.12500000000000000              710  -2.5425985524279937E-002           0
         355         356  0.32294731613854971       0.22153041596011064       -1.4146791448691402E-003  0.98835597978780254        1280677.5733209376        188.46314208734015        7.0711340832144405       0.41087780609560903                0           0   3673.3018174480535        1.1488556879049804E-003  0.12500000000000000             1058   6.6983334807583089E-002           0
         117         118  0.40216802461087314       0.11268199431891886       -9.3948131643061938E-004  0.97690707695788359        1226845.1060164988        179.76007936485891        14.632254611323194       0.59131076381510217                0           0   3834.4818221751120        1.0894929361876689E-003  0.12500000000000000              820  0.95988029932074637                0
          85          86   8.0567479673496034E-002   7.0359839832317903E-002  -1.6540594186675728E-004  0.98642166572395873        1357017.8794508749        127.71821781941760        6.5952517727922588       0.29063074381408771                0           0   3466.6567986181526        1.9401392259058692E-004  0.12500000000000000              788  -7.2847157276025365E-002           0
          47          48   9.8900608463481726E-002   3.1153535981132970E-002  -9.0443949087021743E-005  0.96929450295796848        1448762.9164048610        126.95392421516813        16.173090666503629       0.83090136481366539                0           0   3247.1256714098058        1.9207619232510233E-004  0.12500000000000000              750  0.40693746150893728                0
         387         388  0.11696728908539532        8.3148869844046139E-002  -2.2937113562057399E-004  0.98804138437682054        1621814.4483846999        158.01610280565109        7.9946424950296322       0.43866759600883803                0           0   2900.6494931218440        9.0900969410302843E-004   3.1233583249985769E-004        1090  0.21608442808897318                0
         103         104   9.4240900685283069E-002   8.1646476448274677E-002  -1.9581474411928143E-004  0.97430932578693863        1543295.6101144454        146.43699954217337        6.3867448413572738       0.17170924713558244                0           0   3048.2269416265021        8.8618227905427590E-004  0.12500000000000000              806  -4.2968351030451629E-002           0
         215         216   9.9764396033006283E-002   5.7531129034738331E-002  -1.3467170227244636E-004  0.99202500142069505        1843377.2888768672        158.82594977762659        17.442872858741598       0.26743916655687205                0           0   2552.0089056272404        1.9606910170443681E-004  0.12500000000000000              918 -0.28012042002345494                0
          65          66   8.1196656538748205E-002   3.2700733033609646E-002  -6.2627861262289943E-005  0.98184767372588766        2149336.5504112290        157.99647215383459        10.201728832002463       0.55103259679482319                0           0   2188.7290088398181        1.9363885980735446E-004  0.12500000000000000              768  0.14629816633083112                0
          15          16  0.12041882448822794        4.7134796559794988E-002  -1.1370748620294229E-004  0.97825164521118502        2263928.7909641471        186.02285177799217        11.858278924761352       0.56328813778608022                0           0   2077.9431210119114        1.1281688166013199E-003  0.12500000000000000              718  0.22039529148139214                0
         243         244  0.10897784068549871        6.2870305948584129E-002  -1.2688985103554134E-004  0.99345305026723485        2514966.0648626112        201.22235189126619        11.592269880872875       0.33968399133221017                0           0   1870.5283237695505        1.2297376519750148E-003  0.12500000000000000              946   8.9978249317236011E-002           0
          37          38  0.10983277472157330        9.0349772612143470E-002  -1.6313461273031012E-004  0.98167519740275366        2786284.6185355540        226.68993556755197        15.877003866018855       0.58051360211695635                0           0   1688.3828831949368        1.3772225981147541E-003  0.12500000000000000              740  -8.3202863676529626E-002           0
         403         404  0.17519688796893346        3.8994197612049461E-002  -1.0593114050961928E-004  0.98390215165887041        2940509.7524271240        240.33779017316908        13.181464451808536       0.47185971956525669                0           0   1599.8298437071248        1.1917936030798066E-003   3.4103895282519006E-004        1106  0.13114581628894553                0
         127         128  0.41687934908818136       0.27898104023835063       -1.0601324713850049E-003  0.99434194081511351        3619474.9262651657        408.83142482301037        11.651454323589496       0.22297196040086562                0           0   1299.7231237899509        2.4997052625840904E-003  0.12500000000000000              830   2.8456805951711531E-002           0
         217         218   8.1228311512873880E-002   6.5270211912634449E-002  -8.4864059256294254E-005  0.97696892315676265        3390006.8490829859        232.81876606981328        15.334278716278009       0.78843774119928178                0           0   1387.7008121435813        1.4110585494170628E-003  0.12500000000000000              920  0.28233914116818026                0
         175         176   8.2952047495663137E-002   3.6571247402372269E-002  -5.1727617447303519E-005  0.99014053721568607        3413575.8951705615        218.55650876574197        15.152105290743034       0.56655958666742656                0           0   1378.1194272845394        1.3234062355550146E-003   4.8405175403347741E-004         878   3.9420207301847254E-002           0
         143         144  0.25022565110097550       0.15769561095085233       -3.9893226177458845E-004  0.97378367469115990        4047244.7606835263        368.61381757316616        8.1997675517779349       0.62450561369602686                0           0   1162.3500766111972        2.2305190603367172E-003  0.12500000000000000              846  0.20829835220301796                0
          61          62  0.16574606629006447        5.1105325148539382E-002  -1.0680914848388477E-004  0.98146224652464376        3985102.7316611102        295.54272204541036        9.1893345734533316       0.42767485414135670                0           0   1180.4752786595950        1.7952874583487142E-003  0.12500000000000000              764  0.31581422009456522                0
          29          30   9.2064989403419284E-002   3.8673592252436655E-002  -4.8326417632826574E-005  0.98790084533106615        4595724.3541263249        274.56410217347485        6.1725926726613523       0.78170132072618181                0           0   1023.6286807368981        1.6733196375634911E-003  0.12500000000000000              732  0.46434617790066862                0
         237         238  0.17519413512811899        4.8620481183886892E-002  -9.6133046925272949E-005  0.99516489023133436        4632593.2409340926        330.20636827131904        17.859976009719876       0.55136456450363824                0           0   1015.4820449326151        1.9984115928462558E-004  0.12500000000000000              940  0.71370606250046342                0
         147         148  0.31456825641218544       0.25964081492902225       -6.6243600918377415E-004  0.98456015427272825        4747337.3481747657        459.47645601886813        15.699873249574901       0.45625190076046551                0           0   990.93763780099937        1.9668248657376449E-004  0.12500000000000000              850  0.12000517370989208                0
         399         400  0.17014458503807270        6.6018282057290864E-002  -2.6982567937754863E-005  0.99084627885284093        45926360.416964024        1551.3807833487558        10.551450348676131       0.24532727821130942                0           0   102.43170185780950        6.3700345601261296E-003   4.6043636295357339E-005        1102 -0.15253061209929480                0
         281         282   8.0478030877779258E-002   1.6466831233086777E-002  -1.7957719595676230E-005  0.98262439100362808        5350090.3386550052        275.01445811213489        14.702951263856180       0.51162607653973613                0           0   879.29641554938905        1.3804402254530106E-003   5.3678023709729356E-004         984  0.44941430538178218                0
          45          46   8.6894120985331738E-002   8.6164685909330241E-002  -8.2040856412477007E-005  0.98387083180607882        5506893.1944410549        340.10174038637848        9.5182870740335943       0.60068708913010049                0           0   854.25939664011355        2.0685513436049150E-003  0.12500000000000000              748  0.51248543646862887                0
         161         162   9.3309048906446132E-002   9.2827486138433946E-002  -9.1370080520806251E-005  0.98808094112815936        5621444.5731797274        353.27725776620503        7.5747753956837220       0.51477693337039221                0           0   836.85166622283396        1.9663055585348735E-003   4.6886560182155153E-004         864  0.15825323221989385                0
         309         310  0.10545420084030525        5.3264404142991120E-002  -5.7855495593977865E-005  0.98363597107776712        6309425.5400360068        361.80592593708820        13.580641036388215       0.51626412483924111                0           0   745.60120058377254        2.2003001492994592E-003  0.12500000000000000             1012  -2.5592457419025189E-002           0
         189         190  0.11107991559331475        5.1209466390144058E-002  -5.9401457297079668E-005  0.98671314114777653        6112335.9088638304        356.86834591407722        18.316020097615148       0.13276826842597467                0           0   769.64278923590894        2.1736268209196817E-003  0.12500000000000000              892 -0.14487096322744641                0
         289         290  0.10428359770713377        2.3242149003040714E-002  -2.7029435100191070E-005  0.98098507488642628        6248176.1847854536        334.17553610227412        14.674397398313602       0.16629293484491753                0           0   752.91014826053561        2.0079340213121550E-003   5.6228608198639765E-004         992  -5.9088909328727179E-002           0
         115         116   9.5073144526220191E-002   4.6025486525321645E-002  -4.6726263478262970E-005  0.98361077625756288        6339435.9430684811        348.99124241529205        10.702452208062398       0.43818513668918185                0           0   742.07158174513086        2.1223306805025111E-003  0.12500000000000000              818  0.19390476151304936                0
         223         224  0.13901763968801717        6.0776114313866474E-002  -7.7059155253367964E-005  0.98944263294609458        6749104.7802753076        408.59959615321173        8.0510465581613975       0.40632692076762172                0           0   697.02803716922983        2.4892067677409172E-003   2.5505865718268626E-004         926  0.15638013226756162                0
         299         300   9.2079428251349071E-002   8.2023039557947389E-002  -6.9096442168677910E-005  0.98687558869298220        7196659.3493555356        407.34474996344397        17.334076158622061       0.13233857763977491                0           0   653.68041326925334        2.3489296043657619E-003   2.6470838488099020E-004        1002 -0.35707278335388581                0
         199         200  0.11230093762090229        4.7925291740752780E-002  -4.9845320530023470E-005  0.98557578802919299        7365259.5215128316        402.38621163417127        12.944913846729222       0.22811801482553581                0           0   638.71683596540686        2.4494184751019071E-003  0.12500000000000000              902  0.84822589102104406                0
         373         374  0.15845034820673778       0.15233439132851201       -1.7085650407417635E-004  0.97953706628851744        7914597.8248691205        526.47648672048922        6.9003815649844178       0.46293607811806858                0           0   594.38462468212094        2.3502119819512465E-003   1.9784676985291422E-004        1076  0.14119662514865672                0
          69          70  0.10464422723177559       0.10349050793134676       -8.6377732787562200E-005  0.98042651398566583        8085705.8082159301        467.23280664956275        12.305557223631773       0.18533695281922755                0           0   581.80638391081243        2.8368343572848856E-003  0.12500000000000000              772 -0.15157109795250084                0
         267         268  0.11152016154947933        1.9237634443879208E-002  -2.0549687260152202E-005  0.97570964237252811        7751490.0576638784        389.06232434356048        4.8903879483167314       0.52382924644472428                0           0   606.89173599514822        1.8563120254933363E-003   2.6871602548057382E-004         970  0.14362268913593168                0
         183         184  0.10185732075756881        5.4219839429199369E-002  -4.3501566824048651E-005  0.97493923273832828        9514104.4585328083        473.11303315907276        16.689270539725431       0.32248609776495957                0           0   494.45696945503437        1.4122156049352875E-003   5.4766511060169394E-005         886   1.2629350760147910                0
         265         266   8.4095384718170976E-002   3.6296916915751078E-002  -2.5177872808181892E-005  0.98208321082107208        10108906.175670451        451.79581096285938        6.4315142898668922       0.44404873458199928                0           0   465.36343061199301        1.9852949479589850E-003   2.8829977420781580E-004         968  0.24480090396342294                0
         367         368  0.20322917187314732       0.17631903439505672       -1.9839613976562888E-004  0.98272033931853575        10352942.448994923        673.08725091916415        16.754183557184742       0.57082002985825719                0           0   454.39403153462570        3.6103671632425377E-003   2.2397624343868075E-004        1070   1.6091505239655803                0
         305         306   8.5255713978393793E-002   1.6586699482616780E-002  -1.1931200371230782E-005  0.97557216214542408        10624387.113807641        441.69112072417624        14.174738644664647       0.31957045417762403                0           0   442.78462439785847        2.6751951435917505E-003  0.12500000000000000             1008  0.11507555984699312                0
         325         326  0.14296285691723640        1.8018411898666035E-002  -1.7591034512000332E-005  0.98525910189351285        11605238.715074902        545.71725305743564        6.1669899681564999       0.33284132856624543                0           0   405.36135215676182        1.9976652747874619E-004   6.2500000000000000E-002        1028   2.7089152227525087E-002           0
         119         120  0.12744757891135747        8.2887871857059842E-002  -6.3848789170769046E-005  0.98269985033698937        12193204.574003790        616.57973866081329        6.3717071989367904       0.28337162304675756                0           0   385.81451078697370        3.7479255214838184E-003  0.12500000000000000              822   2.5273936993352786E-002           0
         133         134  0.13034205300579016        4.8697333779162973E-002  -3.8327539889908944E-005  0.98106104444606568        13234670.493333392        617.16051512603713        9.6327486618854596       0.38589149498743280                0           0   355.45390117679426        3.7483566148091433E-003   4.4514026286083270E-003         836  0.23832430751402656                0
          17          18   8.8310858010865509E-002   3.6165089814597706E-002  -2.2321003472730643E-005  0.98140412768925933        12747100.610456508        533.22349031307033        10.058154638829722       0.38205333470716213                0           0   369.04982563531280        3.2391129273980847E-003  0.12500000000000000              720  -4.7444408365505980E-002           0
         275         276  0.13196141201412448        6.9014568623332620E-002  -4.7734051207242657E-005  0.97882145795470699        15446721.130755447        711.01501657956896        12.186844817909543       0.41389992504782136                0           0   304.55105765314545        3.4373670416555295E-003   1.4852455228935905E-004         978  0.41955031442396140                0
         221         222  0.10685030920939192        6.9974509155263417E-002  -3.1626064328522888E-005  0.98390910789949870        22714509.312340848        881.02824170225699        11.479635063297808       0.17764101425456630                0           0   207.10618014930645        3.4510436792501951E-003   3.9639199104214789E-005         924 -0.23115952256563466                0
         157         158  0.17882018552997023        8.7937108552675433E-002  -4.2075683897552717E-005  0.98508970573912569        36757620.145140171        1392.7618909605001        7.4331793287715415       0.37427082986575239                0           0   127.98204124939070        2.6287399459711874E-003   5.6103759908278231E-005         860   2.5735850414828787E-002           0
         145         146  0.11284151051838727        7.1741434973604884E-002  -2.4259744454109465E-005  0.99376875510810059        37282286.145716734        1243.5752342944750        13.081332545347985       0.40723639143841361                0           0   126.18097611444973        3.1724235224873834E-003   7.4695676036559065E-005         848  0.16534775223253065                0
         405         406   8.7236661288412828E-002   5.5735761705262711E-002  -1.4072231472588128E-005  0.99445833313185472        44632179.989209980        1287.6248292120749        15.095701822687225       0.59127831500010808                0           0   105.40187055129397        6.0138526203854436E-003   1.1794488957227735E-004        1108   1.3783976050714644                0
          51          52  0.11606384615255892        9.5064690585184505E-002  -1.2275455621193267E-004  0.98222095111865171        4873193.1471545966        334.96382927768502        2.3460394290086004       0.44241696410662362                0           0   965.34553743094716        1.0038541983587201E-003   1.5855343032905554E-004         754   4.8633216227879805E-002           0
