 121 784   1   452 105   0      0.8   0.46   4.88  5.879     0.0  -0.2385   0.0000
  -1.209956   0.000000   0.288313   0.062472  -0.571267   0.053723   0.000000   0.000000   0.000000   0.000000
   0.00000   0.00000   0.15218   0.03448   0.00000  -1.20996   0.00000   0.00000  -0.92164   0.77512   0.20997   0.00000   0.00000
 NAME(I1)    NAME(I2)    M1[M*]                    M2[M*]                    EB[NB]                    ECC                       P[Days]                   SEMI[AU]                  RI[PC]                    VI[km/s]                  K*(I1)      K*(I2)      ZN[NB]                    RP[NB]                    STEP(I1)[NB]              NAME(ICM)                 ECM[NB]                   K*(ICM)      
           3           4   8.7970317491499028E-002   4.9196061553816367E-002  -9.2897646351125171E-004  0.98018963898304645        71340.815372945974        17.361255191394889        7.4801311167208206       0.18549509913229853                0           0   65941.428242054317        1.0539810829294615E-004  0.50000000000000000              706  0.10996494048577515                0
          57          58   8.8793517676333700E-002   7.4789808565780366E-002  -1.3944536633748324E-003  0.99288618157622466        67519.482439442989        17.747571380570307        13.365294301598418       0.66354621631401156                0           0   69673.449613065080        1.0843421479498632E-004  0.50000000000000000              760   1.1517014448757701                0
          59          60  0.52934127945164156       0.11516011942956719       -3.1001072744619322E-002  0.99635260950274573        9025.0375450904266        7.3279160146024838        16.783172620469074       0.83512554121401361                0           0   521251.59969045070        4.4850020571511419E-005  0.50000000000000000              762   1.4518417745227477                0
          63          64  0.11284127030153632        5.3401276685359052E-002  -1.4468849236327175E-003  0.97984293960292113        54774.265105649982        15.520472950299069        12.083497677475737       0.38717679000713823                0           0   85885.502043175962        9.4206442072616631E-005  0.50000000000000000              766  0.23325871634934128                0
          83          84  0.10272953417562042        4.1373672231505683E-002  -1.2819188696754095E-003  0.97370419826673227        41789.837138321200        12.356008093958177        13.920549103838551       0.36719325316266710                0           0   112570.79662870750        7.4766174595093939E-005  0.50000000000000000              786  0.23215473487038368                0
          87          88  0.10306885414503236        3.0345968261083246E-002  -4.1821248241819420E-003  0.98428134930470224        4652.7998571211401        2.7870887101701558        15.214441688399480       0.31288269915940026                0           0   1011071.9141389197        1.6955045282497800E-005  0.50000000000000000              790   8.7676525034327546E-002           0
         105         106  0.12790761581087476        8.1406408734692293E-002  -3.3640542461646258E-002  0.96974758674909145        989.02684361157492        1.1534833915785283        18.640769627112039       0.31650500795196090                0           0   4756509.1767037120        6.9657331703446991E-006  0.50000000000000000              808  0.11606811528928633                0
         131         132   8.4797441590329786E-002   6.4637458177469395E-002  -7.7121942017657882E-004  0.98912831439601701        128788.41655396212        26.485513546867381        8.1042212092409454       0.44327868738942194                0           0   36527.471829531067        1.6151620773559698E-004   6.2500000000000000E-002         834  0.12138466471107738                0
         137         138  0.13717930409073115       0.13193897190263901       -4.0334545728335997E-003  0.97817964388784162        48147.574536657077        16.722602131164937        11.679378605056323       0.21247424776110441                0           0   97706.173216745112        1.0141787278782275E-004  0.50000000000000000              840  0.66875834030974024                0
         167         168  0.11739175763496201        6.6852661947444644E-002  -1.3371095085191684E-003  0.97921691183512483        87047.450602289726        21.873015901955345        12.754752945147017       0.67973551489390471                0           0   54043.113555826756        1.3272323952673876E-004  0.50000000000000000              870  0.41891980764483444                0
         177         178  0.17518944591650459       0.15841447355487015       -4.8844045916293037E-002  0.97081544669269548        1948.4551180766894        2.1174370246531056        3.7937884428233288       0.80645761661525361                0           0   2414382.1502485364        1.2793853451865820E-005  0.50000000000000000              880  0.50989184939192544                0
         181         182  0.16494482085752635        4.8117280213717237E-002  -2.2342341753636167E-003  0.98308070947828008        38113.841390388654        13.238244572811659        5.3648234167131728       0.31019747498094813                0           0   123428.00111539195        8.0485139620415977E-005  0.50000000000000000              884   4.8973830513367123E-002           0
         193         194  0.13607741833753259        1.4509867592654014E-002  -3.3139095177587647E-004  0.98026160729439438        98477.807758994706        22.203845682541278        15.675364695687392       0.73108012153615010                0           0   47770.308506030713        1.3480179630591914E-004  0.50000000000000000              896   1.1877846144282864                0
         195         196  0.23980714281985319       0.16746154432118399       -1.7866781603804005E-002  0.96643523058497638        13874.745800257982        8.3762612435180923        10.976918327634845       0.99204468285741187                0           0   339055.96004197007        5.0498069052990366E-005  0.50000000000000000              898  0.75072649715462436                0
         207         208   9.9440827635248155E-002   5.0100703362626467E-002  -8.7683211256005204E-003  0.98112175417415370        2910.2243960466299        2.1174416066239212        4.0734920913657451       0.73170592769344478                0           0   1616478.5313583727        1.2860786271453537E-005  0.50000000000000000              910  0.45656321172134229                0
         225         226  0.11258739991983015        4.7810171057872303E-002  -9.4939383745014589E-004  0.98185672257896206        88575.957032427817        21.129198100363176        15.829584759716054       0.65494553647308951                0           0   53110.521356517827        1.2838083044770557E-004  0.50000000000000000              928   1.1133986262900599                0
         235         236   9.9158490776633662E-002   3.5661683213779022E-002  -5.1301121046354124E-003  0.96614283730650707        4095.4263718306088        2.5687641194955386        6.7774465812911115       0.30648284857929486                0           0   1148675.3345151674        1.5484037106406675E-005  0.50000000000000000              938  0.12376179320695287                0
         239         240   8.3253089810449737E-002   5.9845060969569666E-002  -7.4110620056441019E-004  0.97866503909393976        121080.59857328323        25.053451414275163        15.545010461737851       0.48220623475372693                0           0   38852.758518512826        1.5197941044801133E-004  0.50000000000000000              942  0.14808289630867763                0
         247         248  0.12867704596478571        5.6124925773135610E-002  -4.8755267774440045E-002  0.97148621675522984        348.47281385192167       0.55201979559906922        19.238519425943899       0.60211816124383510                0           0   13499805.639483234        3.3365167437779866E-006  0.50000000000000000              950  0.54687523480924405                0
         249         250   8.3325272192247987E-002   6.4931060179189190E-002  -5.9417119074347373E-003  0.97581540753508467        5929.7866670524481        3.3934150410168407        16.677574196618352       0.46961210373403162                0           0   793336.34104971308        2.0555510157367267E-005  0.50000000000000000              952   1.3358787590841532                0
         271         272  0.13618545113931463       0.10282415591629936       -1.7643068358636144E-003  0.98806680624688603        120181.93023047518        29.578155387187675        6.5259370878866036       0.49321368465516402                0           0   39143.282593508091        1.8027976026539725E-004  0.50000000000000000              974   8.5863746029633023E-002           0
         287         288   8.8414603939471620E-002   4.2704642040310346E-002  -5.8515194294090581E-004  0.98093659039144399        118941.02246670357        24.046383900145148        2.9201331666699089       0.61254312625620955                0           0   39551.663169548527        1.4603779329379048E-004  0.50000000000000000              990  0.21274672104149647                0
         291         292  0.10251315781699964        2.9651563345757474E-002  -1.1831110334550475E-003  0.98075559013170377        29765.556837160901        9.5746088155111213        9.5409236381740694       0.59263455762212747                0           0   158045.59892431262        5.8142920318824777E-005   6.2500000000000000E-002         994  0.24135483300903324                0
         303         304  0.77980953382043972       0.33783563817501155       -5.2382472905160467E-002  0.97671789874474535        28033.625192942258        18.742492285908785        5.9236339814557821       0.63377007890695569                0           0   167809.73653129677        1.1358394461059082E-004  0.50000000000000000             1006  0.22965576836451751                0
         311         312  0.16827131513595273       0.11782564957455051       -9.1314488263872420E-003  0.97485864189666582        15717.300866973132        8.0915100549741776        14.453617442242161       0.17162585680658562                0           0   299308.08714936365        4.8990345746074786E-005  0.50000000000000000             1014 -0.14271957503734284                0
         321         322  0.12252965187021556        4.0765808550071510E-002  -1.0952504619379879E-003  0.97557453106160041        63331.226025514967        16.995860241612995        16.827290868628385       0.42983121129201562                0           0   74281.133539866772        1.0293936416602254E-004  0.50000000000000000             1024  0.78455916454878372                0
         323         324  0.13577855073708561        2.1714876777924844E-002  -1.0672784058174505E-003  0.97737634574565457        30402.145619620234        10.295090097572151        12.211343641084950       0.61810968972335600                0           0   154736.29119810546        6.2411468000077191E-005  0.50000000000000000             1026  0.38848639199908847                0
         337         338  0.14234346256931027        4.8688670540606271E-002  -2.7220309402593351E-003  0.98436219341894415        24424.438780536861        9.4883723855236379        16.393835127849670       0.42971790241702235                0           0   192606.89262565569        5.7724153992768256E-005  0.50000000000000000             1040   1.5593025772279137                0
         357         358   7.9717634398698847E-002   3.5168480550120958E-002  -1.1543449013877967E-003  0.99034897964864510        29342.295402160125        9.0508997532508531        13.555097700568140       0.51464529842757145                0           0   160325.40035359471        5.5228836842580753E-005  0.50000000000000000             1060  0.89384830265368564                0
         363         364   8.0030474895858961E-002   2.5241398542184282E-002  -3.2505135387658957E-004  0.96900162088983910        125469.53716214608        23.159872534501439        10.103950118452763       0.68675161568208931                0           0   37493.684634903126        1.3980643129274424E-004  0.50000000000000000             1066  0.47949294664413034                0
         371         372   9.0756420354949963E-002   8.9399293653254358E-002  -1.4941626717007766E-003  0.97790038526241019        78336.750524128642        20.236383406048532        7.8446187553673941       0.41519731174135904                0           0   60052.468683849453        1.2271064128272370E-004  0.50000000000000000             1074  0.20625358578131830                0
         383         384   9.3433970454860987E-002   6.5975786712685114E-002  -2.9999592269293533E-003  0.97176827062077331        19385.313257799193        7.6576121486429507        12.906563540748859       0.49681610825516553                0           0   242674.19334851863        4.6290742961604388E-005  0.50000000000000000             1086  0.51441142946023444                0
         395         396  0.10118924464727580        7.2387835402996439E-002  -4.0679476328368365E-003  0.98184110250843104        15239.121285685993        6.7103307468978812        7.7384554221827138       0.47397147020526031                0           0   308699.90266850201        4.0771591993552411E-005  0.50000000000000000             1098   5.7572546557641560E-002           0
         401         402  0.11008182267075275        8.1520559788653676E-002  -2.1754919003101718E-003  0.98946501741247106        50292.904508829961        15.372504553420699        9.6159167245328305       0.45447720357876309                0           0   93538.349069078395        9.3761781152373525E-005  0.50000000000000000             1104  0.16404184464528421                0
         219         220   5.9461379470541447        2.5291364086335988      -0.75299076982192070       0.98221912150944157        80559.862777643633        74.428097414589246        9.4399782677454969       0.23117833433768753                0           0   58395.273967004177        4.5230718866207646E-004  0.50000000000000000              922  0.17272927613325728                0
         159         160  0.52009082554844766       0.13749382338007102       -6.8562166579241961E-003  0.98252657550525302        109146.58921206869        38.868446659729038        4.9152769889279782       0.57018992912856292                0           0   43100.891119047374        2.3624417772278330E-004  0.50000000000000000              862  0.21540436250073747                0
           1           2   2.0244841138268650       0.61000484406818434       -7.0741485713423660E-002  0.98738152934187551        118081.33591071346        65.056817812538299        13.879437932674406       0.47086691957933069                0           0   39839.617509086311        3.9638661146352313E-004  0.50000000000000000              704  0.10253170996388399                0
         283         284  0.18094602805437388        8.1870494517192083E-002  -1.6064068193646895E-003  0.97697797871714775        143540.44546752289        34.366892541613126        5.2392087506805840       0.29646777093478754                0           0   32773.447527785116        2.0829891525217590E-004  0.50000000000000000              986  -4.4882305253527238E-002           0
         185         186  0.24628085064239766        6.9358336926096664E-002  -1.8551080494142963E-003  0.99057546901522908        130681.44545928008        34.314639623851313        10.671812214020385       0.55396842774904853                0           0   35998.341165507023        2.0941269287605858E-004  0.50000000000000000              888  0.25123328275067186                0
         191         192  0.17819880543248182        5.0730547014061628E-002  -8.9966543292994278E-004  0.98450778698896024        174927.64032278312        37.446621017460309        16.072897516783460       0.61952564899177942                0           0   26892.921261409472        2.2782970840593575E-004  0.50000000000000000              894  0.50374996248429760                0
          71          72  0.16939743337267674        2.6319217633798585E-002  -4.7647967898261517E-004  0.96976219828091648        170003.73667627125        34.870225322542275        10.060866516492467       0.27060429568429961                0           0   27671.834452691655        1.5082883319385277E-004  0.50000000000000000              774 -0.14235887136108236                0
          53          54  0.10539273585624893        8.3691576402142989E-002  -9.4861616487088496E-004  0.98840746126056767        171334.30925667207        34.651436372167325        12.392194771218787       0.28747268453441377                0           0   27456.936547351612        2.1096666920612941E-004  0.50000000000000000              756 -0.17559662914171112                0
         245         246  0.10614450888457336        7.9534736728126665E-002  -8.8338078697462622E-004  0.97533507163214717        180155.36208468804        35.614411017835778        12.522120872410937       0.20010644900472829                0           0   26112.546433302068        2.1568078356416255E-004  0.50000000000000000              948  0.14744963537760308                0
         331         332  0.12214104311112879        9.8521910482032543E-002  -1.1537755047203683E-003  0.97154055198387024        188414.45473505274        38.868024797675822        13.355114398547538       0.29561976061235451                0           0   24967.910579153504        2.3493249830021899E-004  0.50000000000000000             1034   2.9526282907907840E-002           0
         203         204  0.10958957416913398        5.6611292613942377E-002  -6.2817234305771752E-004  0.98494187057407623        200051.97130642890        36.805509599966030        13.038365041043471       0.15824524712498822                0           0   23515.465640870621        1.6988547057778460E-004  0.50000000000000000              906 -0.19271348826187845                0
          21          22  0.17137201111473407        1.8580527211685235E-002  -2.8964617018065918E-004  0.97725619083110171        219756.57682243298        40.968444197440832        7.7443244282548784       0.24051056085867215                0           0   21406.937283364805        1.8343950172520064E-004  0.50000000000000000              724   9.5890126887296853E-002           0
         369         370  0.35577330781196675       0.28758888866695975       -6.5923629871082615E-003  0.96841922705639494        200307.85819162280        57.839387851881206        17.425403330132063       0.43029902216987698                0           0   23485.425385280789        3.4904883910831302E-004  0.50000000000000000             1072   1.6791336788308058                0
          77          78   9.3430964505624117E-002   2.0354482771848002E-002  -1.6334883162896549E-004  0.97425183352183942        309441.22681298596        43.386459025179242        13.728064132442890       0.52295714701636120                0           0   15202.613129787858        1.8457846561722538E-004  0.50000000000000000              780  0.92292889143846568                0
         315         316  0.30834333591613694       0.21242803698149326       -3.5544000840579989E-003  0.96932722246065328        288048.63087816222        68.675120176768687        10.291332475872633       0.36186114887879017                0           0   16331.670257563481        4.1463143421502049E-004   3.1250000000000000E-002        1018  0.21967368672564724                0
          89          90  0.20842321107894346       0.10223825271363279       -1.3435582502014560E-003  0.98702482580270168        297769.38109927031        59.104743533761280        7.9457191350679359       0.77155310005786981                0           0   15798.519109916271        3.6005640583131949E-004  0.50000000000000000              792  0.42813293117834372                0
         155         156  0.50373356431637750       0.18870347651975347       -4.6345267489272665E-003  0.98128177235206437        293320.33962033020        76.435433608783669        11.039476622266925       0.69215334227811154                0           0   16038.148816184937        4.6428632181207922E-004  0.50000000000000000              858  0.41947698470163680                0
         187         188  0.16652052450678573        4.4390738220572948E-002  -5.1200105471243477E-004  0.98740860044556455        313872.49940009229        53.803263366689940        7.5605767901443732       0.67845064265642685                0           0   14987.981637882163        1.5401396217716847E-004  0.50000000000000000              890  0.31165285391790454                0
         255         256   8.3811449474318997E-002   3.0344259974373743E-002  -1.9498774621546684E-004  0.99476358635673934        366335.73421504453        48.606227887337262        11.539448104402810       0.46320896051011579                0           0   12841.540746017587        1.7373772739312873E-004  0.50000000000000000              958  0.28213955009828773                0
          93          94   8.5361728603296438E-002   7.1347741082274679E-002  -4.1080252103106030E-004  0.97812880800934654        378910.90214675880        55.249666982163497        13.102206877109470       0.40460037660456283                0           0   12415.359998859836        1.7179347800011020E-004  0.50000000000000000              796  0.39443780981687904                0
          95         546  0.62290701776509083       0.52092362269304604       -3.7742796600984743E-003  0.93635442579008077        1958543.2415180858        320.39264317473135        10.657050634124328       0.50443963536535186                0           0   2401.9460780444156        1.5776608347135845E-003   1.0929099624020079E-003         798  0.36785954012250105                0
          67          68  0.52597586808430075       0.46375414949012228       -9.5351984985231255E-003  0.98266064699714351        341740.68956755206        95.332992401100725        16.861166604170315       0.41652583727440212                0           0   13765.745201713413        5.7947742737167690E-004  0.50000000000000000              770  0.11792439412621730                0
         213         214   8.6717284611907239E-002   1.7710005955573944E-002  -1.1427078035879827E-004  0.98213695314694749        400632.33674856107        50.085097135765906        8.0896242141658625       0.35049869456715282                0           0   11742.225542311169        1.5552041722878169E-004  0.50000000000000000              916  0.17844332049361722                0
         313         314  0.11479116130453372        5.7685466757393881E-002  -3.9453446450446250E-004  0.99253727403468150        435049.79924732697        62.547398305763593        4.8157636792921892       0.39972152960858742                0           0   10813.279918261374        1.7042172232509015E-004  0.50000000000000000             1016   9.1040225267800964E-002           0
         365         366  0.29906545429998188       0.27572229150032296       -3.4223050706489746E-003  0.97703614846779008        409915.73603235272        89.792227251814452        13.643400691437579       0.29761307660358977                0           0   11476.298283102440        5.4424978456707430E-004  0.50000000000000000             1068 -0.23168078589642399                0
         201         202  0.41909726131645580       0.36316033186407948       -5.4401348907038797E-003  0.97784193266974673        439642.50440806977        104.26124217537117        12.972103765304331       0.39100657656442761                0           0   10700.319487940789        6.3220712582260643E-004  0.50000000000000000              904   4.8733887333254892E-002           0
         171         172  0.11855449161888632       0.10910379859810015       -6.3808363105355751E-004  0.99690688946593098        502629.43037454027        75.543937317710842        3.1560541319076014       0.22920985966543028                0           0   9359.4106778413025        1.6222029374787257E-004  0.25000000000000000              874  -8.3216589853137013E-002           0
         347         348  0.19457293008789711        9.8264029982305379E-002  -8.4213227326918961E-004  0.97623178622328566        525292.62380639045        84.608893442837001        5.9797905045618629       0.41662028387126626                0           0   8955.6088253366652        5.1262384884362530E-004   6.2500000000000000E-002        1050  0.17596219403309116                0
         343         344   9.9716206803828866E-002   3.9838043689421537E-002  -1.9541286924161294E-004  0.98547806040898511        644708.77578794607        75.758248904357316        17.564696925878817       0.61176591194507812                0           0   7296.8066114739531        4.6110969753691106E-004  0.50000000000000000             1046   1.8255762419464894                0
          55          56   8.3915877860446200E-002   1.7498204653530233E-002  -7.7740196882517218E-005  0.96898154446861051        677342.13462491788        70.390059717499767        13.539222069519239       0.15570465137094097                0           0   6945.2570823012566        1.8325936041652929E-004  0.50000000000000000              758 -0.19779732947151213                0
          99         100  0.11123848720615616        3.9011678252708890E-002  -1.9764343022701515E-004  0.98119635498491209        697449.45099556562        81.825121918085514        10.375809659363524       0.54302268779179708                0           0   6745.0268272914218        1.9609050585244134E-004  0.50000000000000000              802  0.14058430910691522                0
         391         392  0.13558686976987694        5.7578981684498085E-002  -2.5446740011902898E-004  0.98428057182237338        1015963.8259505472        114.33226250480101        12.959152481980164       0.35073443966510870                0           0   4630.3964151906221        1.9855493643177781E-004  0.50000000000000000             1094  0.14432062982895622                0
         385         386  0.12648191059682606        5.9749107023494945E-002  -2.5030111744847215E-004  0.99192399726360403        1010156.8010307509        112.51654391747591        14.259839600248387       0.28174048111848143                0           0   4657.0148840700185        1.9971473045980897E-004  0.50000000000000000             1088  -1.1028754295171552E-002           0
          41          42  0.11122608390456809        8.6847116325004775E-002  -3.0034655602715249E-004  0.97689552612968544        1076875.4069236529        119.85571002551679        3.3494485738576358       0.81652909057480894                0           0   4368.4861102769009        1.9934720720389158E-004  0.50000000000000000              744  0.51133436052786674                0
         345         346  0.55774375829353751       0.47607345656862060       -4.7923803546830179E-003  0.97923176074338625        1065819.0059203701        206.47940675782556        2.2020305763297716       0.24395849398394720                0           0   4413.8031237137029        1.2529054742208931E-003  0.50000000000000000             1048  -3.1700151880482370E-002           0
          73          74  0.94128231410560004       0.69908498357263338       -1.0547991353088345E-002  0.98595090542721642        1010924.7705775029        232.48741209934116        13.164319354848571       0.48992646736534018                0           0   4653.4770880699325        1.4155097427745917E-003  0.50000000000000000              776  0.32409157780991704                0
         285         286   8.9462339041284894E-002   4.2834040765278178E-002  -1.2838168338598593E-004  0.97556116315563901        1178106.6063545495        111.23605151706303        8.5146302546321984       0.65550417363514313                0           0   3993.1150816660524        1.4410236536712358E-004  0.25000000000000000              988  0.21660792219226938                0
         293         294  0.55382231722128972       0.12326253909399966       -1.3046202120956597E-003  0.97555013427591697        1208714.8768618368        195.00098063437505        13.212409812258702       0.47688039759804379                0           0   3891.9974823661364        1.1809822740092247E-003  0.50000000000000000              996  0.99435320766788926                0
         123         124  0.67985937278035102       0.12376754478802159       -1.4259437356367586E-003  0.97763450747397851        1328700.8239903566        219.90890269502705        10.187290933194689       0.54146630421872843                0           0   3540.5376234484115        1.3330674591925293E-003  0.25000000000000000              826  0.34988133844432640                0
           7           8  0.10772050310063933        1.1526931384030817E-002  -3.7943697728780554E-005  0.99082248886431246        1424470.1409572540        121.95279694780302        9.3463285471962223       0.43822229129562768                0           0   3302.5018372680170        1.6260639909577266E-004  0.25000000000000000              710  -2.5107844278268426E-002           0
         355         356  0.32294731613854971       0.22153041596011064       -1.4146791448691402E-003  0.98835597978780254        1280677.5733209376        188.46314208734015        6.5562782772258599       0.41762376941332935                0           0   3673.3018174480535        1.1488556879049804E-003  0.50000000000000000             1058   6.7349632013818647E-002           0
         117         118  0.40216802461087314       0.11268199431891886       -9.3948131643061938E-004  0.97690707695788359        1226845.1060164988        179.76007936485891        15.345532267570482       0.50031851731697730                0           0   3834.4818221751120        1.0894929361876689E-003  0.50000000000000000              820  0.95816458603227594                0
          85          86   8.0567479673496034E-002   7.0359839832317903E-002  -1.6540594186675728E-004  0.98642166572395873        1357017.8794508749        127.71821781941760        6.9323772984917635       0.30577052855214737                0           0   3466.6567986181526        1.9401392259058692E-004  0.25000000000000000              788  -7.2516442448274904E-002           0
          47          48   9.8900608463481726E-002   3.1153535981132970E-002  -9.0443949087021743E-005  0.96929450295796848        1448762.9164048610        126.95392421516813        15.545399198447088       0.80496674673131874                0           0   3247.1256714098058        1.9207619232510233E-004  0.50000000000000000              750  0.40651883275072220                0
         387         388  0.11696728908539532        8.3148869844046139E-002  -2.2942362091672125E-004  0.96537780400004569        1621257.9459017678        157.97995342435090        7.6640587841294945       0.69887140104614298                0           0   2901.6451512459075        9.5151778365876638E-004   1.4615410806754674E-005        1090  0.13225420636408072                0
         103         104   9.4240900685283069E-002   8.1646476448274677E-002  -1.9581474411928143E-004  0.97430932578693863        1543295.6101144454        146.43699954217337        6.5913382248091548       0.15551647931445045                0           0   3048.2269416265021        8.8618227905427590E-004  0.25000000000000000              806  -4.3170677445309100E-002           0
         215         216   9.9764396033006283E-002   5.7531129034738331E-002  -1.3467170227244636E-004  0.99202500142069505        1843377.2888768672        158.82594977762659        17.711782179130445       0.29375284388186057                0           0   2552.0089056272404        1.9606910170443681E-004  0.50000000000000000              918 -0.28048025836904400                0
          65          66   8.1196656538748205E-002   3.2700733033609646E-002  -6.2627861262289943E-005  0.98184767372588766        2149336.5504112290        157.99647215383459        10.588044396844289       0.55854336697695339                0           0   2188.7290088398181        1.9363885980735446E-004  0.50000000000000000              768  0.14565839151959015                0
          15          16  0.12041882448822794        4.7134796559794988E-002  -1.1370748620294229E-004  0.97825164521118502        2263928.7909641471        186.02285177799217        12.536337560450795       0.58377127722177014                0           0   2077.9431210119114        1.1281688166013199E-003  0.25000000000000000              718  0.22018626314690437                0
         243         244  0.10897784068549871        6.2870305948584129E-002  -1.2688985103554134E-004  0.99345305026723485        2514966.0648626112        201.22235189126619        11.924713324777658       0.35343907749701003                0           0   1870.5283237695505        1.2297376519750148E-003  0.50000000000000000              946   8.9398127501664121E-002           0
          37          38  0.10983277472157330        9.0349772612143470E-002  -1.6313461273031012E-004  0.98167519740275366        2786284.6185355540        226.68993556755197        16.138049178543149       0.58643983686336876                0           0   1688.3828831949368        1.3772225981147541E-003  0.50000000000000000              740  -8.2730440076504430E-002           0
         403         404  0.17519688796893346        3.8994197612049461E-002  -1.0593120345587858E-004  0.98389408433044234        2940507.1314704688        240.33764736005676        13.542532702657059       0.45757277504034277                0           0   1599.8312696804314        1.1677318954936091E-003   6.8219103272490369E-004        1106  0.12881083776463456                0
         127         128  0.41687934908818136       0.27898104023835063       -1.0601324713850049E-003  0.99434194081511351        3619474.9262651657        408.83142482301037        11.705307567609349       0.25639005801109821                0           0   1299.7231237899509        2.4997052625840904E-003  0.50000000000000000              830   2.8421612929336329E-002           0
         217         218   8.1228311512873880E-002   6.5270211912634449E-002  -8.4864059256294254E-005  0.97696892315676265        3390006.8490829859        232.81876606981328        14.886913472592109       0.76643138203720262                0           0   1387.7008121435813        1.4110585494170628E-003  0.50000000000000000              920  0.28182043470477636                0
         175         176   8.2952047495663137E-002   3.6571247402372269E-002  -5.1727533463177889E-005  0.99014128846078486        3413584.2085276083        218.55686361114172        15.824641304899338       0.59378330953629010                0           0   1378.1160710471793        9.4618313080689566E-004   1.6486910793529518E-003         878   4.0574359992460479E-002           0
         143         144  0.25022565110097550       0.15769561095085233       -3.9893226177458845E-004  0.97378367469115990        4047244.7606835263        368.61381757316616        8.3355167601794147       0.62880311390596955                0           0   1162.3500766111972        2.2305190603367172E-003  0.50000000000000000              846  0.20579241684656857                0
          61          62  0.16574606629006447        5.1105325148539382E-002  -1.0680914848388477E-004  0.98146224652464376        3985102.7316611102        295.54272204541036        9.2616280302048519       0.42667060102450993                0           0   1180.4752786595950        1.7952874583487142E-003  0.50000000000000000              764  0.31672655367682045                0
          29          30   9.2064989403419284E-002   3.8673592252436655E-002  -4.8326417632826574E-005  0.98790084533106615        4595724.3541263249        274.56410217347485        5.6078989017778520       0.79974096943959716                0           0   1023.6286807368981        1.6733196375634911E-003  0.25000000000000000              732  0.46480169597519388                0
         237         238  0.17519413512811899        4.8620481183886892E-002  -9.6133046925272949E-005  0.99516489023133436        4632593.2409340926        330.20636827131904        17.189707301164692       0.57214383499570354                0           0   1015.4820449326151        1.9984115928462558E-004  0.50000000000000000              940  0.71358814439958096                0
         147         148  0.31456825641218544       0.25964081492902225       -6.6243600918377415E-004  0.98456015427272825        4747337.3481747657        459.47645601886813        15.475954756739783       0.46243060580890677                0           0   990.93763780099937        1.9668248657376449E-004  0.50000000000000000              850  0.11983932334294017                0
         399         400  0.17014458503807270        6.6018282057290864E-002  -2.6982684635889058E-005  0.99086072820632076        45926062.475070089        1551.3740737405280        10.273989844830082       0.22431918524081254                0           0   102.43236637581097        9.1844848073364179E-003   1.1032049490337866E-004        1102 -0.15320014672261420                0
         281         282   8.0478030877779258E-002   1.6466831233086777E-002  -1.7957708578597623E-005  0.98263114329578938        5350095.2620872958        275.01462683387854        14.002673412136838       0.55113846765175301                0           0   879.29560637569148        1.5487731635356944E-003   2.2703075113531123E-003         984  0.45264189916248682                0
          45          46   8.6894120985331738E-002   8.6164685909330241E-002  -8.2040856412477007E-005  0.98387083180607882        5506893.1944410549        340.10174038637848        9.4012804115020980       0.61501082405932417                0           0   854.25939664011355        2.0685513436049150E-003  0.50000000000000000              748  0.51220906831461788                0
         161         162   9.3309048906446132E-002   9.2827486138433946E-002  -9.1369631100905109E-005  0.98811587834326475        5621486.0485387826        353.27899543142655        7.9944222072455737       0.49628111515479140                0           0   836.84549192603197        2.1430188710309058E-003   1.2247105949212794E-004         864  0.15926670572049420                0
         309         310  0.10545420084030525        5.3264404142991120E-002  -5.7855495593977865E-005  0.98363597107776712        6309425.5400360068        361.80592593708820        13.948903971964702       0.53829787195195078                0           0   745.60120058377254        2.2003001492994592E-003  0.50000000000000000             1012  -2.5019013873948309E-002           0
         189         190  0.11107991559331475        5.1209466390144058E-002  -5.9401457297079668E-005  0.98671314114777653        6112335.9088638304        356.86834591407722        18.247214800370863       0.16213437563739067                0           0   769.64278923590894        2.1736268209196817E-003  0.50000000000000000              892 -0.14541182170337361                0
         289         290  0.10428359770713377        2.3242149003040714E-002  -2.7029437329329297E-005  0.98098724159510242        6248175.4118477143        334.17550854256376        14.737153298943531       0.16131099730853565                0           0   752.91024140015304        2.0030334408175942E-003   1.1248494399275894E-003         992  -6.0653422518613567E-002           0
         115         116   9.5073144526220191E-002   4.6025486525321645E-002  -4.6726263478262970E-005  0.98361077625756288        6339435.9430684811        348.99124241529205        11.031204823859699       0.45811462548161613                0           0   742.07158174513086        2.1223306805025111E-003  0.50000000000000000              818  0.19413126741868755                0
         223         224  0.13901763968801717        6.0776114313866474E-002  -7.7058822745016165E-005  0.98944839811520036        6749148.4638415901        408.60135925798573        8.2030311780937879       0.37522288665743342                0           0   697.02352568594767        1.9288286506066847E-003   9.0110442083364670E-004         926  0.15075149665145077                0
         299         300   9.2079428251349071E-002   8.2023039557947389E-002  -6.9096055922773753E-005  0.98687484499139477        7196719.6932647107        407.34702701441535        17.412946815837778       0.10429668400847385                0           0   653.67493221216512        7.9691031796612019E-004   6.2477318056625587E-004        1002 -0.35599848000144008                0
         199         200  0.11230093762090229        4.7925291740752780E-002  -4.9845320530023470E-005  0.98557578802919299        7365259.5215128316        402.38621163417127        12.749251582393306       0.29895075783812081                0           0   638.71683596540686        2.4494184751019071E-003  0.50000000000000000              902  0.84868749617283656                0
         373         374  0.15845034820673778       0.15233439132851201       -1.7085662510238846E-004  0.97951003099629508        7914589.4152790243        526.47611378494821        7.3280629261409951       0.43484212962790364                0           0   594.38525624123156        2.6448245670636539E-003   2.0875935228181904E-004        1076  0.13613315067688198                0
          69          70  0.10464422723177559       0.10349050793134676       -8.6377732787562200E-005  0.98042651398566583        8085705.8082159301        467.23280664956275        12.295768697289132       0.17585325137998425                0           0   581.80638391081243        2.8368343572848856E-003  0.50000000000000000              772 -0.15188348905194801                0
          51          52  0.11606384615255892        9.5064690585184505E-002  -1.2276543213329298E-004  0.98205345115529663        4872545.5793825211        334.93415447263214        1.8678224568511854       0.44138827722090868                0           0   965.47383313362923        1.9892380511386115E-004   3.1250000000000000E-002         754   4.7740191370808926E-002           0
         183         184  0.10185732075756881        5.4219839429199369E-002  -4.3501511759192250E-005  0.97501746222423169        9514122.5231795479        473.11363203254137        16.685437161054129       0.35475358097809268                0           0   494.45603062011196        2.5889065141924115E-003   7.3365154942392927E-005         886   1.2774789632986916                0
         265         266   8.4095384718170976E-002   3.6296916915751078E-002  -2.5177867788544107E-005  0.98207769165309611        10108909.198745143        451.79590103606739        6.3812312868157441       0.47048252445860939                0           0   465.36329144481067        2.4866399073057831E-003   1.2972987658434081E-003         968  0.24130052093667734                0
         367         368  0.20322917187314732       0.17631903439505672       -1.9839550550798004E-004  0.98270193071468825        10352992.095569581        673.08940273573955        16.797841500051796       0.52618153019831226                0           0   454.39185254066871        3.6111885912298472E-003   4.4815548183907211E-004        1070   1.6212430838497680                0
         305         306   8.5255713978393793E-002   1.6586699482616780E-002  -1.1931200371230782E-005  0.97557216214542408        10624387.113807641        441.69112072417624        14.317002353752455       0.28934131193458434                0           0   442.78462439785847        2.6751951435917505E-003  0.50000000000000000             1008  0.11342959888237586                0
         325         326  0.14296285691723640        1.8018411898666035E-002  -1.7591034512000332E-005  0.98525910189351285        11605238.715074902        545.71725305743564        6.0409330184876637       0.35275763166282070                0           0   405.36135215676182        1.9976652747874619E-004  0.25000000000000000             1028   2.7722119615747116E-002           0
         119         120  0.12744757891135747        8.2887871857059842E-002  -6.3848789170769046E-005  0.98269985033698937        12193204.574003790        616.57973866081329        6.2200052026167594       0.27115719687070855                0           0   385.81451078697370        3.7479255214838184E-003  0.50000000000000000              822   2.7270725749979657E-002           0
         133         134  0.13034205300579016        4.8697333779162973E-002  -3.8327367425432230E-005  0.98105620717132735        13234759.822965536        617.16329220863997        9.4616324202392672       0.43730568814929083                0           0   355.45150199715965        3.2183920168108297E-003   6.1567158242108611E-004         836  0.24155160234566572                0
          17          18   8.8310858010865509E-002   3.6165089814597706E-002  -2.2321003472730643E-005  0.98140412768925933        12747100.610456508        533.22349031307033        9.7821959656573494       0.36260240580234687                0           0   369.04982563531280        3.2391129273980847E-003  0.50000000000000000              720  -4.7126397793143038E-002           0
         275         276  0.13196141201412448        6.9014568623332620E-002  -4.7733655690485182E-005  0.97883885008880767        15446913.116356248        711.02090798574352        12.577059128232809       0.40289493343451382                0           0   304.54727246853690        2.6090625936745207E-003   5.1509295251393338E-004         978  0.41730869314739394                0
         221         222  0.10685030920939192        6.9974509155263417E-002  -3.1625377389816659E-005  0.98418124869124435        22715249.393329207        881.04737862489492        11.467061219666101       0.17260658138753637                0           0   207.09943246435498        4.6407488083185545E-003   4.5263751667275538E-005         924 -0.22548666454225236                0
         157         158  0.17882018552997023        8.7937108552675433E-002  -4.2075760866907381E-005  0.98508383522122822        36757519.283897869        1392.7593431757009        7.2525734705303364       0.37184554186114294                0           0   127.98239242727004        8.4753552533762856E-003   4.0425694020146109E-004         860   2.2827728311976429E-002           0
         145         146  0.11284151051838727        7.1741434973604884E-002  -2.4259739193094903E-005  0.99377761787878471        37282298.273381792        1243.5755039786363        13.378251117122950       0.40123802113281531                0           0   126.18093506868040        7.5789463918108108E-003   4.6289217410342733E-004         848  0.16427160582509703                0
         405         406   8.7236661288412828E-002   5.5735761705262711E-002  -1.4072219982536795E-005  0.99445045527554632        44632234.652881853        1287.6258805654079        14.717271328309813       0.61623445825474776                0           0   105.40174145954420        7.8733128566099032E-003  0.50000000000000000             1108   1.3789669332724632                0
