 122  72   1   452 110   0      0.1   0.46   4.88  5.980     0.0  -0.2385   0.0000
  -1.208671   0.000000   0.287028   0.062472  -0.571267   0.053723   0.000000   0.000000   0.000000   0.000000
   0.00000   0.00000   0.15046   0.03374   0.00000  -1.20867   0.00000   0.00000  -0.92164   0.77512   0.20854   0.00000   0.00000
 NAME(I1)    NAME(I2)    M1[M*]                    M2[M*]                    EB[NB]                    ECC                       P[Days]                   SEMI[AU]                  RI[PC]                    VI[km/s]                  K*(I1)      K*(I2)      ZN[NB]                    RP[NB]                    STEP(I1)[NB]              NAME(ICM)                 ECM[NB]                   K*(ICM)      
           3           4   8.7970317491499028E-002   4.9196061553816367E-002  -9.2897646351125171E-004  0.98018963898304645        71340.815372945974        17.361255191394889        7.7322104567425685       0.17465824863887094                0           0   65941.428242054317        1.0539810829294615E-004   6.2500000000000000E-002         706  0.11386087907780847                0
          57          58   8.8793517676333700E-002   7.4789808565780366E-002  -1.3944536633748324E-003  0.99288618157622466        67519.482439442989        17.747571380570307        14.158364418338586       0.54286980856178646                0           0   69673.449613065080        1.0843421479498632E-004  0.12500000000000000              760   1.1553900829002310                0
          59          60  0.52934127945164156       0.11516011942956719       -3.1001072744619322E-002  0.99635260950274573        9025.0375450904266        7.3279160146024838        17.917268739444221       0.78591364703717637                0           0   521251.59969045070        4.4850020571511419E-005  0.25000000000000000              762   1.4517096095960529                0
          63          64  0.11284127030153632        5.3401276685359052E-002  -1.4468849236327175E-003  0.97984293960292113        54774.265105649982        15.520472950299069        11.940102481261341       0.39954589645594302                0           0   85885.502043175962        9.4206442072616631E-005  0.12500000000000000              766  0.23322742573204441                0
          83          84  0.10272953417562042        4.1373672231505683E-002  -1.2819188696754095E-003  0.97370419826673227        41789.837138321200        12.356008093958177        13.973731175599902       0.34585019023829894                0           0   112570.79662870750        7.4766174595093939E-005  0.12500000000000000              786  0.23227243835682304                0
          87          88  0.10306885414503236        3.0345968261083246E-002  -4.1821248241819420E-003  0.98428134930470224        4652.7998571211401        2.7870887101701558        15.149997408022898       0.29364144722156049                0           0   1011071.9141389197        1.6955045282497800E-005  0.12500000000000000              790   8.8634084808271119E-002           0
         105         106  0.12790761581087476        8.1406408734692293E-002  -3.3640542461646258E-002  0.96974758674909145        989.02684361157492        1.1534833915785283        18.277352759595225       0.34475175503953026                0           0   4756509.1767037120        6.9657331703446991E-006  0.12500000000000000              808  0.11607412533080559                0
         131         132   8.4797441590329786E-002   6.4637458177469395E-002  -7.7121942017657882E-004  0.98912831439601701        128788.41655396212        26.485513546867381        7.7887169490973305       0.46774952120270741                0           0   36527.471829531067        1.6151620773559698E-004  0.12500000000000000              834  0.12418840878338716                0
         137         138  0.13717930409073115       0.13193897190263901       -4.0334545728335997E-003  0.97817964388784162        48147.574536657077        16.722602131164937        11.870182787940461       0.14854501793142061                0           0   97706.173216745112        1.0141787278782275E-004   6.2500000000000000E-002         840  0.66827398943627148                0
         167         168  0.11739175763496201        6.6852661947444644E-002  -1.3371095085191684E-003  0.97921691183512483        87047.450602289726        21.873015901955345        12.705249825507439       0.66932327419880011                0           0   54043.113555826756        1.3272323952673876E-004  0.12500000000000000              870  0.41893475717373002                0
         177         178  0.17518944591650459       0.15841447355487015       -4.8844045916293037E-002  0.97081544669269548        1948.4551180766894        2.1174370246531056        3.8275499304931668       0.80612970399355433                0           0   2414382.1502485364        1.2793853451865820E-005  0.12500000000000000              880  0.51076477298984813                0
         181         182  0.16494482085752635        4.8117280213717237E-002  -2.2342341753636167E-003  0.98308070947828008        38113.841390388654        13.238244572811659        5.2118306674469919       0.30627047645264471                0           0   123428.00111539195        8.0485139620415977E-005  0.12500000000000000              884   5.4956725511270288E-002           0
         193         194  0.13607741833753259        1.4509867592654014E-002  -3.3139095177587647E-004  0.98026160729439438        98477.807758994706        22.203845682541278        15.651957375799723       0.68534205269083581                0           0   47770.308506030713        1.3480179630591914E-004  0.25000000000000000              896   1.2029914446398040                0
         195         196  0.23980714281985319       0.16746154432118399       -1.7866781603804005E-002  0.96643523058497638        13874.745800257982        8.3762612435180923        11.190931342186067       0.97521990297592387                0           0   339055.96004197007        5.0498069052990366E-005  0.12500000000000000              898  0.74620568721660496                0
         207         208   9.9440827635248155E-002   5.0100703362626467E-002  -8.7683211256005204E-003  0.98112175417415370        2910.2243960466299        2.1174416066239212        3.9049442642363634       0.75282114933838240                0           0   1616478.5313583727        1.2860786271453537E-005  0.12500000000000000              910  0.45575985981320211                0
         225         226  0.11258739991983015        4.7810171057872303E-002  -9.4939383745014589E-004  0.98185672257896206        88575.957032427817        21.129198100363176        15.917404696698267       0.58584505642082174                0           0   53110.521356517827        1.2838083044770557E-004  0.25000000000000000              928   1.1148495039074278                0
         235         236   9.9158490776633662E-002   3.5661683213779022E-002  -5.1301121046354124E-003  0.96614283730650707        4095.4263718306088        2.5687641194955386        7.1895012559916118       0.28764903785169893                0           0   1148675.3345151674        1.5484037106406675E-005  0.12500000000000000              938  0.12870703189340077                0
         239         240   8.3253089810449737E-002   5.9845060969569666E-002  -7.4110620056441019E-004  0.97866503909393976        121080.59857328323        25.053451414275163        15.883989645804915       0.46031862896926923                0           0   38852.758518512826        1.5197941044801133E-004  0.12500000000000000              942  0.14862233959365095                0
         247         248  0.12867704596478571        5.6124925773135610E-002  -4.8755267774440045E-002  0.97148621675522984        348.47281385192167       0.55201979559906922        18.566765186701385       0.63217018129738878                0           0   13499805.639483234        3.3365167437779866E-006  0.12500000000000000              950  0.54676524449128638                0
         249         250   8.3325272192247987E-002   6.4931060179189190E-002  -5.9417119074347373E-003  0.97581540753508467        5929.7866670524481        3.3934150410168407        16.105616819524254       0.55490218820757509                0           0   793336.34104971308        2.0555510157367267E-005  0.12500000000000000              952   1.3352159295917718                0
         271         272  0.13618545113931463       0.10282415591629936       -1.7643068358636144E-003  0.98806680624688603        120181.93023047518        29.578155387187675        6.7166695567636570       0.51033363696863010                0           0   39143.282593508091        1.8027976026539725E-004  0.12500000000000000              974   8.5705188370216595E-002           0
         287         288   8.8414603939471620E-002   4.2704642040310346E-002  -5.8515194294090581E-004  0.98093659039144399        118941.02246670357        24.046383900145148        3.1925903396210340       0.61812983751869011                0           0   39551.663169548527        1.4603779329379048E-004  0.12500000000000000              990  0.21514532277268092                0
         291         292  0.10251315781699964        2.9651563345757474E-002  -1.1831110334550475E-003  0.98075559013170377        29765.556837160901        9.5746088155111213        8.8966277220913526       0.59134697924425095                0           0   158045.59892431262        5.8142920318824777E-005  0.12500000000000000              994  0.24128091503277399                0
         303         304  0.77980953382043972       0.33783563817501155       -5.2382472905160467E-002  0.97671789874474535        28033.625192942258        18.742492285908785        6.0168874553562866       0.63458634015457638                0           0   167809.73653129677        1.1358394461059082E-004  0.12500000000000000             1006  0.23089808736767803                0
         311         312  0.16827131513595273       0.11782564957455051       -9.1314488263872420E-003  0.97485864189666582        15717.300866973132        8.0915100549741776        14.373409045040557       0.18427557257894300                0           0   299308.08714936365        4.8990345746074786E-005  0.12500000000000000             1014 -0.14189847814135503                0
         321         322  0.12252965187021556        4.0765808550071510E-002  -1.0952504619379879E-003  0.97557453106160041        63331.226025514967        16.995860241612995        16.424761830169768       0.47981927558887533                0           0   74281.133539866772        1.0293936416602254E-004  0.12500000000000000             1024  0.78556892655851618                0
         323         324  0.13577855073708561        2.1714876777924844E-002  -1.0672784058174505E-003  0.97737634574565457        30402.145619620234        10.295090097572151        11.827481453238125       0.58714310501662992                0           0   154736.29119810546        6.2411468000077191E-005  0.25000000000000000             1026  0.38851111910630282                0
         337         338  0.14234346256931027        4.8688670540606271E-002  -2.7220309402593351E-003  0.98436219341894415        24424.438780536861        9.4883723855236379        16.194801391263073       0.51073689944836487                0           0   192606.89262565569        5.7724153992768256E-005  0.12500000000000000             1040   1.5594949699812140                0
         357         358   7.9717634398698847E-002   3.5168480550120958E-002  -1.1543449013877967E-003  0.99034897964864510        29342.295402160125        9.0508997532508531        13.600111222243955       0.51192925914817655                0           0   160325.40035359471        5.5228836842580753E-005  0.25000000000000000             1060  0.89874130130254348                0
         363         364   8.0030474895858961E-002   2.5241398542184282E-002  -3.2505135387658957E-004  0.96900162088983910        125469.53716214608        23.159872534501439        9.8039419528763219       0.68293133823555485                0           0   37493.684634903126        1.3980643129274424E-004  0.25000000000000000             1066  0.47783304233211132                0
         371         372   9.0756420354949963E-002   8.9399293653254358E-002  -1.4941626717007766E-003  0.97790038526241019        78336.750524128642        20.236383406048532        7.9558273778653925       0.38229131078875234                0           0   60052.468683849453        1.2271064128272370E-004  0.25000000000000000             1074  0.20450036308391287                0
         383         384   9.3433970454860987E-002   6.5975786712685114E-002  -2.9999592269293533E-003  0.97176827062077331        19385.313257799193        7.6576121486429507        12.171431669791733       0.54847187284190302                0           0   242674.19334851863        4.6290742961604388E-005  0.25000000000000000             1086  0.51849808319270074                0
         395         396  0.10118924464727580        7.2387835402996439E-002  -4.0679476328368365E-003  0.98184110250843104        15239.121285685993        6.7103307468978812        7.1279338848117151       0.47307398289981273                0           0   308699.90266850201        4.0771591993552411E-005  0.12500000000000000             1098   5.8234641809517484E-002           0
         401         402  0.11008182267075275        8.1520559788653676E-002  -2.1754919003101718E-003  0.98946501741247106        50292.904508829961        15.372504553420699        9.3752014102347712       0.48761913401415075                0           0   93538.349069078395        9.3761781152373525E-005  0.12500000000000000             1104  0.16251489866416291                0
         219         220   5.9461379470541447        2.5291364086335988      -0.75299076982192070       0.98221912150944157        80559.862777643633        74.428097414589246        9.4630824807046512       0.27254364659647334                0           0   58395.273967004177        4.5230718866207646E-004   6.2500000000000000E-002         922  0.17610798904059266                0
         159         160  0.52009082554844766       0.13749382338007102       -6.8562166579241961E-003  0.98252657550525302        109146.58921206869        38.868446659729038        4.8980002662712820       0.56525828671336187                0           0   43100.891119047374        2.3624417772278330E-004   6.2500000000000000E-002         862  0.23806599229479392                0
           1           2   2.0244841138268650       0.61000484406818434       -7.0741485713423660E-002  0.98738152934187551        118081.33591071346        65.056817812538299        14.105878435371858       0.45317232944324443                0           0   39839.617509086311        3.9638661146352313E-004   6.2500000000000000E-002         704  0.10281258178316678                0
         283         284  0.18094602805437388        8.1870494517192083E-002  -1.6064068193646895E-003  0.97697797871714775        143540.44546752289        34.366892541613126        5.2569728584890711       0.31012336117733214                0           0   32773.447527785116        2.0829891525217590E-004  0.12500000000000000              986  -4.3718231997020136E-002           0
         185         186  0.24628085064239766        6.9358336926096664E-002  -1.8551080494142963E-003  0.99057546901522908        130681.44545928008        34.314639623851313        9.8340112941639966       0.57817549176863448                0           0   35998.341165507023        2.0941269287605858E-004  0.12500000000000000              888  0.25180780845422795                0
         191         192  0.17819880543248182        5.0730547014061628E-002  -8.9966543292994278E-004  0.98450778698896024        174927.64032278312        37.446621017460309        15.526977697130929       0.61994757878942430                0           0   26892.921261409472        2.2782970840593575E-004  0.12500000000000000              894  0.50379225698457630                0
          71          72  0.16939743337267674        2.6319217633798585E-002  -4.7647967898261517E-004  0.96976219828091648        170003.73667627125        34.870225322542275        9.9960812914357664       0.26145884006333353                0           0   27671.834452691655        1.5082883319385277E-004  0.12500000000000000              774 -0.14197658607779562                0
          53          54  0.10539273585624893        8.3691576402142989E-002  -9.4861616487088496E-004  0.98840746126056767        171334.30925667207        34.651436372167325        12.144699495096773       0.32506004285832590                0           0   27456.936547351612        2.1096666920612941E-004  0.12500000000000000              756 -0.16544019165837737                0
         245         246  0.10614450888457336        7.9534736728126665E-002  -8.8338078697462622E-004  0.97533507163214717        180155.36208468804        35.614411017835778        12.247973197811131       0.25837240374582510                0           0   26112.546433302068        2.1568078356416255E-004  0.12500000000000000              948  0.14731417012002010                0
         331         332  0.12214104311112879        9.8521910482032543E-002  -1.1537755047203683E-003  0.97154055198387024        188414.45473505274        38.868024797675822        13.750403139837962       0.30182323160104646                0           0   24967.910579153504        2.3493249830021899E-004  0.12500000000000000             1034   2.8407039400796752E-002           0
         203         204  0.10958957416913398        5.6611292613942377E-002  -6.2817234305771752E-004  0.98494187057407623        200051.97130642890        36.805509599966030        13.002662247942830       0.18129620467848689                0           0   23515.465640870621        1.6988547057778460E-004  0.12500000000000000              906 -0.19190775025718682                0
          21          22  0.17137201111473407        1.8580527211685235E-002  -2.8964617018065918E-004  0.97725619083110171        219756.57682243298        40.968444197440832        7.8460665891120183       0.26296640976295138                0           0   21406.937283364805        1.8343950172520064E-004   6.2500000000000000E-002         724   9.9996081813722243E-002           0
         369         370  0.35577330781196675       0.28758888866695975       -6.5923629871082615E-003  0.96841922705639494        200307.85819162280        57.839387851881206        17.300381374403585       0.52684737104553148                0           0   23485.425385280789        3.4904883910831302E-004   6.2500000000000000E-002        1072   1.6952956001635582                0
          77          78   9.3430964505624117E-002   2.0354482771848002E-002  -1.6334883162896549E-004  0.97425183352183942        309441.22681298596        43.386459025179242        13.709925542417540       0.51468891954892937                0           0   15202.613129787858        1.8457846561722538E-004  0.12500000000000000              780  0.92663946608993408                0
         315         316  0.30834333591613694       0.21242803698149326       -3.5544000840579989E-003  0.96932722246065328        288048.63087816222        68.675120176768687        9.9704465544704686       0.38845152864054178                0           0   16331.670257563481        4.1463143421502049E-004  0.12500000000000000             1018  0.23933114581202103                0
          89          90  0.20842321107894346       0.10223825271363279       -1.3435582502014560E-003  0.98702482580270168        297769.38109927031        59.104743533761280        6.9858715723282172       0.78026970504134707                0           0   15798.519109916271        3.6005640583131949E-004  0.12500000000000000              792  0.43155986002655583                0
         155         156  0.50373356431637750       0.18870347651975347       -4.6345267489272665E-003  0.98128177235206437        293320.33962033020        76.435433608783669        11.854358261319119       0.65551384065267726                0           0   16038.148816184937        4.6428632181207922E-004  0.12500000000000000              858  0.41779625639246221                0
         187         188  0.16652052450678573        4.4390738220572948E-002  -5.1200105471243477E-004  0.98740860044556455        313872.49940009229        53.803263366689940        6.6994702318828399       0.68117477042342556                0           0   14987.981637882163        1.5401396217716847E-004  0.12500000000000000              890  0.30424979059381768                0
         255         256   8.3811449474318997E-002   3.0344259974373743E-002  -1.9498774621546684E-004  0.99476358635673934        366335.73421504453        48.606227887337262        11.107999052764240       0.48129858323853308                0           0   12841.540746017587        1.7373772739312873E-004  0.12500000000000000              958  0.28544053697855976                0
          93          94   8.5361728603296438E-002   7.1347741082274679E-002  -4.1080252103106030E-004  0.97812880800934654        378910.90214675880        55.249666982163497        13.017784720410122       0.35911017246434851                0           0   12415.359998859836        1.7179347800011020E-004  0.12500000000000000              796  0.39343288590203118                0
          95          96  0.62290701776509083        9.1312241257938784E-002  -2.4694010638968093E-003  0.98227813471145364        343711.72188707779        85.838067476027007        10.454613850924435       0.47609148638603621                0           0   13686.804836962492        4.7651610381331224E-004   1.6661328452276336E-003         798  0.32700059602590159                0
          67          68  0.52597586808430075       0.46375414949012228       -9.5351984985231255E-003  0.98266064699714351        341740.68956755206        95.332992401100725        16.757272154542399       0.37757635165443432                0           0   13765.745201713413        5.7947742737167690E-004  0.12500000000000000              770  0.11794275411999469                0
         213         214   8.6717284611907239E-002   1.7710005955573944E-002  -1.1427078035879827E-004  0.98213695314694749        400632.33674856107        50.085097135765906        8.1256107379108276       0.37817390687681274                0           0   11742.225542311169        1.5552041722878169E-004  0.12500000000000000              916  0.17944208930729730                0
         313         314  0.11479116130453372        5.7685466757393881E-002  -3.9453446450446250E-004  0.99253727403468150        435049.79924732697        62.547398305763593        4.8248112392083851       0.37611730579798913                0           0   10813.279918261374        1.7042172232509015E-004  0.12500000000000000             1016   9.3539655063517191E-002           0
         365         366  0.29906545429998188       0.27572229150032296       -3.4223050706489746E-003  0.97703614846779008        409915.73603235272        89.792227251814452        13.422361768970696       0.28439517272575510                0           0   11476.298283102440        5.4424978456707430E-004  0.12500000000000000             1068 -0.23286769332163043                0
         201         202  0.41909726131645580       0.36316033186407948       -5.4401348907038797E-003  0.97784193266974673        439642.50440806977        104.26124217537117        13.510509463028603       0.39211405869557603                0           0   10700.319487940789        6.3220712582260643E-004   6.2500000000000000E-002         904   4.7810719404323146E-002           0
         171         172  0.11855449161888632       0.10910379859810015       -6.3808363105355751E-004  0.99690688946593098        502629.43037454027        75.543937317710842        2.7806847380860682       0.23133947693027179                0           0   9359.4106778413025        1.6222029374787257E-004   6.2500000000000000E-002         874  -8.1054879311404870E-002           0
         347         348  0.19457293008789711        9.8264029982305379E-002  -8.4213227326918961E-004  0.97623178622328566        525292.62380639045        84.608893442837001        5.6372737221142666       0.45624743687628960                0           0   8955.6088253366652        5.1262384884362530E-004   6.2500000000000000E-002        1050  0.17525973462685790                0
         343         344   9.9716206803828866E-002   3.9838043689421537E-002  -1.9541286924161294E-004  0.98547806040898511        644708.77578794607        75.758248904357316        17.294409759131970       0.70179055684853098                0           0   7296.8066114739531        4.6110969753691106E-004  0.12500000000000000             1046   1.8148310863137271                0
          55          56   8.3915877860446200E-002   1.7498204653530233E-002  -7.7740196882517218E-005  0.96898154446861051        677342.13462491788        70.390059717499767        13.600906425216868       0.14459350249182609                0           0   6945.2570823012566        1.8325936041652929E-004  0.12500000000000000              758 -0.19810649413677350                0
          99         100  0.11123848720615616        3.9011678252708890E-002  -1.9764343022701515E-004  0.98119635498491209        697449.45099556562        81.825121918085514        10.657735530252607       0.54325620016464571                0           0   6745.0268272914218        1.9609050585244134E-004  0.12500000000000000              802  0.14428980664042107                0
         391         392  0.13558686976987694        5.7578981684498085E-002  -2.5446740011902898E-004  0.98428057182237338        1015963.8259505472        114.33226250480101        12.437279890158976       0.38639043432146475                0           0   4630.3964151906221        1.9855493643177781E-004   6.2500000000000000E-002        1094  0.14392211117906734                0
         385         386  0.12648191059682606        5.9749107023494945E-002  -2.5030111744847215E-004  0.99192399726360403        1010156.8010307509        112.51654391747591        13.903066442921380       0.28192481293305016                0           0   4657.0148840700185        1.9971473045980897E-004  0.12500000000000000             1088  -1.0532624686354918E-002           0
          41          42  0.11122608390456809        8.6847116325004775E-002  -3.0034655602715249E-004  0.97689552612968544        1076875.4069236529        119.85571002551679        3.8191791340341519       0.81698891631711812                0           0   4368.4861102769009        1.9934720720389158E-004  0.12500000000000000              744  0.51219302740017736                0
         345         346  0.55774375829353751       0.47607345656862060       -4.7923803546830179E-003  0.97923176074338625        1065819.0059203701        206.47940675782556        2.3916608364379508       0.23121498906814145                0           0   4413.8031237137029        1.2529054742208931E-003  0.12500000000000000             1048  -3.0705134120136902E-002           0
          73          74  0.94128231410560004       0.69908498357263338       -1.0547991353088345E-002  0.98595090542721642        1010924.7705775029        232.48741209934116        13.832303613956622       0.45534421281273774                0           0   4653.4770880699325        1.4155097427745917E-003  0.12500000000000000              776  0.32370656515364304                0
         285         286   8.9462339041284894E-002   4.2834040765278178E-002  -1.2838168338598593E-004  0.97556116315563901        1178106.6063545495        111.23605151706303        8.7905981345713613       0.64446189810681043                0           0   3993.1150816660524        1.4410236536712358E-004  0.12500000000000000              988  0.21743878275526085                0
         293         294  0.55382231722128972       0.12326253909399966       -1.3046202120956597E-003  0.97555013427591697        1208714.8768618368        195.00098063437505        13.152958723340888       0.45420242673387451                0           0   3891.9974823661364        1.1809822740092247E-003  0.12500000000000000              996  0.99336434756079495                0
         123         124  0.67985937278035102       0.12376754478802159       -1.4259437356367586E-003  0.97763450747397851        1328700.8239903566        219.90890269502705        10.144241079988836       0.51681924060659634                0           0   3540.5376234484115        1.3330674591925293E-003  0.12500000000000000              826  0.34998055733618522                0
           7           8  0.10772050310063933        1.1526931384030817E-002  -3.7943697728780554E-005  0.99082248886431246        1424470.1409572540        121.95279694780302        8.9302430654755547       0.42628171106067575                0           0   3302.5018372680170        1.6260639909577266E-004  0.12500000000000000              710  -2.5482581756566827E-002           0
         355         356  0.32294731613854971       0.22153041596011064       -1.4146791448691402E-003  0.98835597978780254        1280677.5733209376        188.46314208734015        7.1330675724240615       0.41027647242606780                0           0   3673.3018174480535        1.1488556879049804E-003  0.12500000000000000             1058   6.6919934155671434E-002           0
         117         118  0.40216802461087314       0.11268199431891886       -9.3948131643061938E-004  0.97690707695788359        1226845.1060164988        179.76007936485891        14.508176060615684       0.60142543905437473                0           0   3834.4818221751120        1.0894929361876689E-003  0.12500000000000000              820  0.96005548897689308                0
          85          86   8.0567479673496034E-002   7.0359839832317903E-002  -1.6540594186675728E-004  0.98642166572395873        1357017.8794508749        127.71821781941760        6.5536690679893761       0.28890241319182608                0           0   3466.6567986181526        1.9401392259058692E-004  0.12500000000000000              788  -7.2895249047242011E-002           0
          47          48   9.8900608463481726E-002   3.1153535981132970E-002  -9.0443949087021743E-005  0.96929450295796848        1448762.9164048610        126.95392421516813        16.227652425039206       0.83366783668122491                0           0   3247.1256714098058        1.9207619232510233E-004  0.12500000000000000              750  0.40697714490877746                0
         387         388  0.11696728908539532        8.3148869844046139E-002  -2.2937106679197234E-004  0.98805181776488804        1621815.1783845460        158.01615022238741        8.0756472372126069       0.43700199229201414                0           0   2900.6481875022446        8.3369746144635476E-004   2.9991491299001012E-004        1090  0.22125616703508322                0
         103         104   9.4240900685283069E-002   8.1646476448274677E-002  -1.9581474411928143E-004  0.97430932578693863        1543295.6101144454        146.43699954217337        6.3994065676113090       0.17431226151161991                0           0   3048.2269416265021        8.8618227905427590E-004  0.12500000000000000              806  -4.2555116296207798E-002           0
         215         216   9.9764396033006283E-002   5.7531129034738331E-002  -1.3467170227244636E-004  0.99202500142069505        1843377.2888768672        158.82594977762659        17.391232322082995       0.26457479135026590                0           0   2552.0089056272404        1.9606910170443681E-004  0.12500000000000000              918 -0.28008697830161966                0
          65          66   8.1196656538748205E-002   3.2700733033609646E-002  -6.2627861262289943E-005  0.98184767372588766        2149336.5504112290        157.99647215383459        10.147364445656896       0.55025313337611104                0           0   2188.7290088398181        1.9363885980735446E-004  0.12500000000000000              768  0.14636037547921657                0
          15          16  0.12041882448822794        4.7134796559794988E-002  -1.1370748620294229E-004  0.97825164521118502        2263928.7909641471        186.02285177799217        11.788466481455504       0.56124811369042671                0           0   2077.9431210119114        1.1281688166013199E-003  0.12500000000000000              718  0.22038787934245568                0
         243         244  0.10897784068549871        6.2870305948584129E-002  -1.2688985103554134E-004  0.99345305026723485        2514966.0648626112        201.22235189126619        11.592417198579927       0.33832634914182880                0           0   1870.5283237695505        1.2297376519750148E-003  0.12500000000000000              946   9.0047500866716035E-002           0
          37          38  0.10983277472157330        9.0349772612143470E-002  -1.6313461273031012E-004  0.98167519740275366        2786284.6185355540        226.68993556755197        15.838696286413690       0.57984298727096839                0           0   1688.3828831949368        1.3772225981147541E-003  0.12500000000000000              740  -8.3281780017838536E-002           0
         403         404  0.17519688796893346        3.8994197612049461E-002  -1.0593112851574091E-004  0.98390343172458505        2940510.2518287329        240.33781738502137        13.108459269939720       0.47337304949903786                0           0   1599.8295719999962        1.4128079700568630E-003   3.7250305452475103E-004        1106  0.13136130570073207                0
         127         128  0.41687934908818136       0.27898104023835063       -1.0601324713850049E-003  0.99434194081511351        3619474.9262651657        408.83142482301037        11.636494054989093       0.21958724605200583                0           0   1299.7231237899509        2.4997052625840904E-003  0.12500000000000000              830   2.8455667436053392E-002           0
         217         218   8.1228311512873880E-002   6.5270211912634449E-002  -8.4864059256294254E-005  0.97696892315676265        3390006.8490829859        232.81876606981328        15.374888809233964       0.79062309947583320                0           0   1387.7008121435813        1.4110585494170628E-003  0.12500000000000000              920  0.28238805181349758                0
         175         176   8.2952047495663137E-002   3.6571247402372269E-002  -5.1727616161079490E-005  0.99014041893061133        3413576.0224900777        218.55651420022079        15.055330822409935       0.56380328243061184                0           0   1378.1193758834579        1.3075775523577306E-003   2.4071224773475285E-004         878   3.9320098161566730E-002           0
         143         144  0.25022565110097550       0.15769561095085233       -3.9893226177458845E-004  0.97378367469115990        4047244.7606835263        368.61381757316616        8.2122194749350808       0.62404518101720252                0           0   1162.3500766111972        2.2305190603367172E-003  0.12500000000000000              846  0.20855123125231420                0
          61          62  0.16574606629006447        5.1105325148539382E-002  -1.0680914848388477E-004  0.98146224652464376        3985102.7316611102        295.54272204541036        9.2034292575828545       0.42841807048644132                0           0   1180.4752786595950        1.7952874583487142E-003  0.12500000000000000              764  0.31569692388242321                0
          29          30   9.2064989403419284E-002   3.8673592252436655E-002  -4.8326417632826574E-005  0.98790084533106615        4595724.3541263249        274.56410217347485        6.2482212987954622       0.77937254522772481                0           0   1023.6286807368981        1.6733196375634911E-003  0.12500000000000000              732  0.46428495493519928                0
         237         238  0.17519413512811899        4.8620481183886892E-002  -9.6133046925272949E-005  0.99516489023133436        4632593.2409340926        330.20636827131904        17.898655263944704       0.54982742807921203                0           0   1015.4820449326151        1.9984115928462558E-004  0.12500000000000000              940  0.71371996941140470                0
         147         148  0.31456825641218544       0.25964081492902225       -6.6243600918377415E-004  0.98456015427272825        4747337.3481747657        459.47645601886813        15.716590272719381       0.45602061282462358                0           0   990.93763780099937        1.9668248657376449E-004  0.12500000000000000              850  0.12001771623725746                0
         399         400  0.17014458503807270        6.6018282057290864E-002  -2.6982717621182330E-005  0.99084313120385981        45925978.260933578        1551.3721772477611        10.572004582293797       0.24800637959805866                0           0   102.43255420530555        8.8308987843999220E-003   5.3993546522689405E-005        1102 -0.15238398799495456                0
         281         282   8.0478030877779258E-002   1.6466831233086777E-002  -1.7957728312391513E-005  0.98262383766510586        5350086.4432395250        275.01432461959683        14.740397071991218       0.50744203636857421                0           0   879.29705576799199        1.6177331995955101E-003   5.7782617578528035E-004         984  0.44904604545927834                0
          45          46   8.6894120985331738E-002   8.6164685909330241E-002  -8.2040856412477007E-005  0.98387083180607882        5506893.1944410549        340.10174038637848        9.5462326097673422       0.59950876054929947                0           0   854.25939664011355        2.0685513436049150E-003  0.12500000000000000              748  0.51251659386785775                0
         161         162   9.3309048906446132E-002   9.2827486138433946E-002  -9.1369990254739603E-005  0.98807901433770062        5621452.9034720017        353.27760677520035        7.5555378014087848       0.51664993268757853                0           0   836.85042611301014        1.9975525482825987E-003   2.3634122536181948E-004         864  0.15809547774084404                0
         309         310  0.10545420084030525        5.3264404142991120E-002  -5.7855495593977865E-005  0.98363597107776712        6309425.5400360068        361.80592593708820        13.529252503244674       0.51394680446131458                0           0   745.60120058377254        2.2003001492994592E-003   6.2500000000000000E-002        1012  -2.5680451971227425E-002           0
         189         190  0.11107991559331475        5.1209466390144058E-002  -5.9401457297079668E-005  0.98671314114777653        6112335.9088638304        356.86834591407722        18.299974092560316       0.12947281616987849                0           0   769.64278923590894        2.1736268209196817E-003   6.2500000000000000E-002         892 -0.14482239565021826                0
         289         290  0.10428359770713377        2.3242149003040714E-002  -2.7029435387774351E-005  0.98098478615149387        6248176.0850679986        334.17553254676898        14.636400122714207       0.16676494081962573                0           0   752.91016027656758        2.0176846559389464E-003   2.8187628903460080E-004         992  -5.8932995981294249E-002           0
         115         116   9.5073144526220191E-002   4.6025486525321645E-002  -4.6726263478262970E-005  0.98361077625756288        6339435.9430684811        348.99124241529205        10.649633944094901       0.43617227189225283                0           0   742.07158174513086        2.1223306805025111E-003   6.2500000000000000E-002         818  0.19386646242109568                0
         223         224  0.13901763968801717        6.0776114313866474E-002  -7.7059149143653328E-005  0.98944235935718305        6749105.5829399917        408.59962854945491        8.0697254950209096       0.40970703118263851                0           0   697.02795427235071        2.4787279662894447E-003   1.2728803755263809E-004         926  0.15701405076451150                0
         299         300   9.2079428251349071E-002   8.2023039557947389E-002  -6.9096445680485671E-005  0.98687573449384858        7196658.8007032080        407.34472926025961        17.338038183818075       0.13580065509122416                0           0   653.68046310394618        2.3078436286209205E-003   1.3122230899795530E-004        1002 -0.35723230981125409                0
         199         200  0.11230093762090229        4.7925291740752780E-002  -4.9845320530023470E-005  0.98557578802919299        7365259.5215128316        402.38621163417127        12.980711677318043       0.22194923398197919                0           0   638.71683596540686        2.4494184751019071E-003  0.12500000000000000              902  0.84817556090204160                0
         373         374  0.15845034820673778       0.15233439132851201       -1.7085679841342976E-004  0.97953923151972389        7914577.3728663335        526.47557974635947        6.8901124429816418       0.46610034784210119                0           0   594.38616062717881        2.2486003997734976E-003   9.6797160851019572E-005        1076  0.14195687082933853                0
          69          70  0.10464422723177559       0.10349050793134676       -8.6377732787562200E-005  0.98042651398566583        8085705.8082159301        467.23280664956275        12.307748536553103       0.18671497942768744                0           0   581.80638391081243        2.8368343572848856E-003  0.12500000000000000              772 -0.15155144670551562                0
         267         268  0.11152016154947933        1.9237634443879208E-002  -2.0549694962940605E-005  0.97570922160934481        7751485.6993450159        389.06217850856075        4.9711164291146623       0.52374376999877026                0           0   606.89207722363051        1.7512922184665402E-003   1.3057638050578395E-004         970  0.14344651477819359                0
         183         184  0.10185732075756881        5.4219839429199369E-002  -4.3501464257642030E-005  0.97493432062297647        9514138.1066443771        473.11414865034573        16.645332807153689       0.32293571453167502                0           0   494.45522073716967        2.4494955384901794E-003   7.1605766882497083E-005         886   1.2617029488789973                0
         265         266   8.4095384718170976E-002   3.6296916915751078E-002  -2.5177890218823902E-005  0.98208354981342838        10108895.690130483        451.79549854370674        6.4717114704396366       0.44140911873544147                0           0   465.36391331425847        2.0821819256306596E-003   1.4768171719930037E-004         968  0.24523994030512714                0
         367         368  0.20322917187314732       0.17631903439505672       -1.9839645486970518E-004  0.98272226581147049        10352917.784342468        673.08618188526134        16.762628987277051       0.57703962127646724                0           0   454.39511407687115        3.9065841922717457E-003   2.3242149829216913E-004        1070   1.6072994349197793                0
         305         306   8.5255713978393793E-002   1.6586699482616780E-002  -1.1931200371230782E-005  0.97557216214542408        10624387.113807641        441.69112072417624        14.188792351965610       0.32309225402747865                0           0   442.78462439785847        2.6751951435917505E-003   6.2500000000000000E-002        1008  0.11524554716187695                0
         325         326  0.14296285691723640        1.8018411898666035E-002  -1.7591034512000332E-005  0.98525910189351285        11605238.715074902        545.71725305743564        6.1652825177335631       0.33055869832319640                0           0   405.36135215676182        1.9976652747874619E-004   6.2500000000000000E-002        1028   2.7004417331903095E-002           0
         119         120  0.12744757891135747        8.2887871857059842E-002  -6.3848789170769046E-005  0.98269985033698937        12193204.574003790        616.57973866081329        6.3616778448837898       0.28490728197391796                0           0   385.81451078697370        3.7479255214838184E-003   6.2500000000000000E-002         822   2.4991038698165560E-002           0
         133         134  0.13034205300579016        4.8697333779162973E-002  -3.8327541776579865E-005  0.98106169578946545        13234669.516119624        617.16048474634817        9.6900464695249031       0.37993357312320852                0           0   355.45392742259105        3.7483389189519167E-003   8.2887394925863219E-005         836  0.23794291221260691                0
          17          18   8.8310858010865509E-002   3.6165089814597706E-002  -2.2321003472730643E-005  0.98140412768925933        12747100.610456508        533.22349031307033        10.094422493302877       0.38432128453957815                0           0   369.04982563531280        3.2391129273980847E-003   6.2500000000000000E-002         720  -4.7482596643608072E-002           0
         275         276  0.13196141201412448        6.9014568623332620E-002  -4.7734097061955289E-005  0.97882034692277686        15446698.872930372        711.01433355859922        12.173568843908422       0.41592610079161435                0           0   304.55149649410589        3.2694625074760715E-003   7.2449608963089872E-005         978  0.41986935143883586                0
         221         222  0.10685030920939192        6.9974509155263417E-002  -3.1625760065806730E-005  0.98387666988553946        22714837.108174417        881.03671783200912        11.474884142680240       0.18020793517429576                0           0   207.10319141808040        4.2074305915939230E-003   4.3128360461675941E-005         924 -0.23196725874317964                0
         157         158  0.17882018552997023        8.7937108552675433E-002  -4.2075719540313975E-005  0.98509036972863540        36757573.438530646        1392.7607111380248        7.4858135040187479       0.37455648804115083                0           0   127.98220387185640        3.1566288529752858E-003   3.0766232923068457E-005         860   2.5982984579568696E-002           0
         145         146  0.11284151051838727        7.1741434973604884E-002  -2.4259743697116578E-005  0.99376764653934002        37282287.890732631        1243.5752730985787        13.086487132404669       0.40817771619440524                0           0   126.18097020848680        3.8702391214098060E-003   4.1281683658228377E-005         848  0.16545784012115078                0
         405         406   8.7236661288412828E-002   5.5735761705262711E-002  -1.4072216902208346E-005  0.99445972138601402        44632249.307497121        1287.6261624194085        15.162832625302551       0.59008373344084153                0           0   105.40170685178877        7.6896159922750481E-003   1.3301539476045271E-004        1108   1.3783369329640887                0
          51          52  0.11606384615255892        9.5064690585184505E-002  -1.2275455995783586E-004  0.98222083070990518        4873192.9240935165        334.96381905613327        2.3731832384985481       0.44271734946927216                0           0   965.34558161779171        1.0975399835325013E-003   2.0697840330418720E-005         754   4.8939574883132726E-002           0
