 1021690   1   373 177   0      1.7   7.73   4.63  7.719     0.0  -0.2148   0.0000
  -1.117539   0.000000   0.245505   0.096985  -0.663599   0.060150   0.000000   0.000000   0.000000   0.000000
   0.00000   0.00000   0.13716   0.02884   0.00000  -1.11754   0.00000   0.00000  -0.87203   0.66276   0.19180   0.00000   0.00000
 NAME(I1)    NAME(I2)    M1[M*]                    M2[M*]                    EB[NB]                    ECC                       P[Days]                   SEMI[AU]                  RI[PC]                    VI[km/s]                  K*(I1)      K*(I2)      ZN[NB]                    RP[NB]                    STEP(I1)[NB]              NAME(ICM)                 ECM[NB]                   K*(ICM)      
           3           4   8.7970317491499028E-002   4.9196061553816367E-002  -9.2897646351125171E-004  0.98018963898304645        71340.815372945974        17.361255191394889        7.0194731790888127       0.20977200593824338                0           0   65941.428242054317        1.0539810829294615E-004  0.50000000000000000              706   6.7150242741474256E-002           0
          59          60  0.52934127945164156       0.11516011942956719       -3.1001072744619322E-002  0.99635260950274573        9025.0375450904266        7.3279160146024838        12.719128454456952       0.92058746889368037                0           0   521251.59969045070        4.4850020571511419E-005  0.50000000000000000              762   1.3849229935008740                0
          63          64  0.11284127030153632        5.3401276685359052E-002  -1.4468849236327175E-003  0.97984293960292113        54774.265105649982        15.520472950299069        10.267818891250448       0.36618091233784628                0           0   85885.502043175962        9.4206442072616631E-005  0.25000000000000000              766  0.19060953113510642                0
          83          84  0.10272953417562042        4.1373672231505683E-002  -1.2819188696754095E-003  0.97370419826673227        41789.837138321200        12.356008093958177        14.269532147795825       0.42253237025520812                0           0   112570.79662870750        7.4766174595093939E-005  0.50000000000000000              786  0.30825731224385056                0
         131         132   8.4797441590329786E-002   6.4637458177469395E-002  -7.7121942017657882E-004  0.98912831439601701        128788.41655396212        26.485513546867381        9.1267558826676201       0.46542788495106702                0           0   36527.471829531067        1.6151620773559698E-004   1.5625000000000000E-002         834  0.12097502533812438                0
         137         138  0.13717930409073115       0.13193897190263901       -4.0334545728335997E-003  0.97817964388784162        48147.574536657077        16.722602131164937        9.4997894024346063       0.32305184033301804                0           0   97706.173216745112        1.0141787278782275E-004  0.50000000000000000              840  0.59685946757843855                0
         167         168  0.11739175763496201        6.6852661947444644E-002  -1.3371095085191684E-003  0.97921691183512483        87047.450602289726        21.873015901955345        10.933238586076856       0.70197115578707769                0           0   54043.113555826756        1.3272323952673876E-004  0.25000000000000000              870  0.41158169474064366                0
         177         178  0.17518944591650459       0.15841447355487015       -4.8844045916293037E-002  0.97081544669269548        1948.4551180766894        2.1174370246531056        4.2339577671955437       0.79605445283339982                0           0   2414382.1502485364        1.2793853451865820E-005  0.25000000000000000              880  0.48207570990284798                0
         181         182  0.16494482085752635        4.8117280213717237E-002  -2.2342341753636167E-003  0.98308070947828008        38113.841390388654        13.238244572811659        6.0737438335720899       0.33845153758951663                0           0   123428.00111539195        8.0485139620415977E-005  0.50000000000000000              884   3.0376768091333148E-002           0
         193         194  0.13607741833753259        1.4509867592654014E-002  -3.3139095177587647E-004  0.98026160729439438        98477.807758994706        22.203845682541278        13.402362529955003       0.78985272537577234                0           0   47770.308506030713        1.3480179630591914E-004  0.50000000000000000              896   1.0797916613441036                0
         195         196  0.23980714281985319       0.16746154432118399       -1.7866781603804005E-002  0.96643523058497638        13874.745800257982        8.3762612435180923        13.051604045896719        1.0272122367086849                0           0   339055.96004197007        5.0498069052990366E-005  0.50000000000000000              898  0.79361374490827252                0
         207         208   9.9440827635248155E-002   5.0100703362626467E-002  -8.7683211256005204E-003  0.98112175417415370        2910.2243960466299        2.1174416066239212        3.1745112571818090       0.72329064807792842                0           0   1616478.5313583727        1.2860786271453537E-005  0.25000000000000000              910  0.45419912912345139                0
         225         226  0.11258739991983015        4.7810171057872303E-002  -9.4939383745014589E-004  0.98185672257896206        88575.957032427817        21.129198100363176        13.425442536746022       0.74011777201141205                0           0   53110.521356517827        1.2838083044770557E-004  0.50000000000000000              928   1.0218663493883444                0
         235         236   9.9158490776633662E-002   3.5661683213779022E-002  -5.1301121046354124E-003  0.96614283730650707        4095.4263718306088        2.5687641194955386        6.1341772991659038       0.33492228699780863                0           0   1148675.3345151674        1.5484037106406675E-005   6.2500000000000000E-002         938   8.7835813443935637E-002           0
         249         250   8.3325272192247987E-002   6.4931060179189190E-002  -5.9417119074347373E-003  0.97581540753508467        5929.7866670524481        3.3934150410168407        15.115152829105895       0.41863652627574938                0           0   793336.34104971308        2.0555510157367267E-005  0.25000000000000000              952   1.2425807305752403                0
         271         272  0.13618545113931463       0.10282415591629936       -1.7643068358636144E-003  0.98806680624688603        120181.93023047518        29.578155387187675        4.8324946755130060       0.48044569963147948                0           0   39143.282593508091        1.8027976026539725E-004  0.50000000000000000              974   9.3305499660925495E-002           0
         287         288   8.8414603939471620E-002   4.2704642040310346E-002  -5.8515194294090581E-004  0.98093659039144399        118941.02246670357        24.046383900145148        4.0275135772803186       0.59844369151230292                0           0   39551.663169548527        1.4603779329379048E-004  0.25000000000000000              990  0.19550435678033343                0
         291         292  0.10251315781699964        2.9651563345757474E-002  -1.1831110334550475E-003  0.98075559013170377        29765.556837160901        9.5746088155111213        8.6310545096167033       0.58850023351239422                0           0   158045.59892431262        5.8142920318824777E-005   3.1250000000000000E-002         994  0.23386891590137582                0
         303         304  0.77980953382043972       0.33783563817501155       -5.2382472905160467E-002  0.97671789874474535        28033.625192942258        18.742492285908785        7.4743901340507639       0.63284974112130177                0           0   167809.73653129677        1.1358394461059082E-004  0.25000000000000000             1006  0.23144416024488398                0
         311         312  0.16827131513595273       0.11782564957455051       -9.1314488263872420E-003  0.97485864189666582        15717.300866973132        8.0915100549741776        13.178781310606102       0.15395245075142192                0           0   299308.08714936365        4.8990345746074786E-005  0.50000000000000000             1014 -0.12954533810409000                0
         321         322  0.12252965187021556        4.0765808550071510E-002  -1.0952504619379879E-003  0.97557453106160041        63331.226025514967        16.995860241612995        15.147267782239794       0.41385155808882212                0           0   74281.133539866772        1.0293936416602254E-004  0.50000000000000000             1024  0.71932455345920376                0
         323         324  0.13577855073708561        2.1714876777924844E-002  -1.0672784058174505E-003  0.97737634574565457        30402.145619620234        10.295090097572151        11.424899763639074       0.66981469587069842                0           0   154736.29119810546        6.2411468000077191E-005  0.25000000000000000             1026  0.36417464265079974                0
         337         338  0.14234346256931027        4.8688670540606271E-002  -2.7220309402593351E-003  0.98436219341894415        24424.438780536861        9.4883723855236379        14.612921819236911       0.40512450234648234                0           0   192606.89262565569        5.7724153992768256E-005  0.50000000000000000             1040   1.4562147417320777                0
         363         364   8.0030474895858961E-002   2.5241398542184282E-002  -3.2505135387658957E-004  0.96900162088983910        125469.53716214608        23.159872534501439        12.945943330931097       0.71295506374867357                0           0   37493.684634903126        1.3980643129274424E-004  0.50000000000000000             1066  0.54682469851715942                0
         371         372   9.0756420354949963E-002   8.9399293653254358E-002  -1.4941626717007766E-003  0.97790038526241019        78336.750524128642        20.236383406048532        10.112103566996149       0.47645092495034996                0           0   60052.468683849453        1.2271064128272370E-004  0.50000000000000000             1074  0.26873473741552845                0
         383         384   9.3433970454860987E-002   6.5975786712685114E-002  -2.9999592269293533E-003  0.97176827062077331        19385.313257799193        7.6576121486429507        14.071083586824875       0.46369386904888404                0           0   242674.19334851863        4.6290742961604388E-005  0.50000000000000000             1086  0.46651431664983789                0
         395         396  0.10118924464727580        7.2387835402996439E-002  -4.0679476328368365E-003  0.98184110250843104        15239.121285685993        6.7103307468978812        9.6281255471859026       0.49398179489791222                0           0   308699.90266850201        4.0771591993552411E-005  0.50000000000000000             1098   6.1518460757837290E-002           0
         401         402  0.11008182267075275        8.1520559788653676E-002  -2.1754919003101718E-003  0.98946501741247106        50292.904508829961        15.372504553420699        10.551744214802310       0.41258576890277382                0           0   93538.349069078395        9.3761781152373525E-005  0.50000000000000000             1104  0.13784232245957226                0
         219         220   5.9461379470541447        2.5291364086335988      -0.75299076982192070       0.98221912150944157        80559.862777643633        74.428097414589246        9.5653511701609393       0.18467683153250058                0           0   58395.273967004177        4.5230718866207646E-004  0.50000000000000000              922  0.12483438499199262                0
         159         160  0.52009082554844766       0.13749382338007102       -6.8562166579241961E-003  0.98252657550525302        109146.58921206869        38.868446659729038        6.1036381863520770       0.57747373567186822                0           0   43100.891119047374        2.3624417772278330E-004  0.25000000000000000              862  0.17967447281863633                0
           1           2   2.0244841138268650       0.61000484406818434       -7.0741485713423660E-002  0.98738152934187551        118081.33591071346        65.056817812538299        12.371499848678699       0.49408550161611320                0           0   39839.617509086311        3.9638661146352313E-004  0.50000000000000000              704  0.12669918501928601                0
         283         284  0.18094602805437388        8.1870494517192083E-002  -1.6064068193646895E-003  0.97697797871714775        143540.44546752289        34.366892541613126        6.4228111306770304       0.28301105220504053                0           0   32773.447527785116        2.0829891525217590E-004   6.2500000000000000E-002         986  -5.1531711575571688E-002           0
         185         186  0.24628085064239766        6.9358336926096664E-002  -1.8551080494142963E-003  0.99057546901522908        130681.44545928008        34.314639623851313        11.473956238159081       0.52465183017630757                0           0   35998.341165507023        2.0941269287605858E-004  0.50000000000000000              888  0.21740656060430905                0
         191         192  0.17819880543248182        5.0730547014061628E-002  -8.9966543292994278E-004  0.98450778698896024        174927.64032278312        37.446621017460309        14.645437538596495       0.63003246280360847                0           0   26892.921261409472        2.2782970840593575E-004  0.25000000000000000              894  0.46977653168166594                0
          71          72  0.16939743337267674        2.6319217633798585E-002  -4.7647967898261517E-004  0.96976219828091648        170003.73667627125        34.870225322542275        10.142884485940741       0.27700217126580456                0           0   27671.834452691655        1.5082883319385277E-004  0.25000000000000000              774 -0.11756230787173014                0
          53          54  0.10539273585624893        8.3691576402142989E-002  -9.4861616487088496E-004  0.98840746126056767        171334.30925667207        34.651436372167325        11.560572839824966       0.24705548570678543                0           0   27456.936547351612        2.1096666920612941E-004  0.50000000000000000              756 -0.17220531009164131                0
         245         246  0.10614450888457336        7.9534736728126665E-002  -8.8338078697462622E-004  0.97533507163214717        180155.36208468804        35.614411017835778        12.949401572429370       0.14932645427815056                0           0   26112.546433302068        2.1568078356416255E-004  0.50000000000000000              948  0.11125460127715200                0
         331         332  0.12214104311112879        9.8521910482032543E-002  -1.1537755047203683E-003  0.97154055198387024        188414.45473505274        38.868024797675822        12.244737345806520       0.28959822641786387                0           0   24967.910579153504        2.3493249830021899E-004  0.50000000000000000             1034   6.9178240695693310E-002           0
         203         204  0.10958957416913398        5.6611292613942377E-002  -6.2817234305771752E-004  0.98494187057407623        200051.97130642890        36.805509599966030        12.159946549710176       0.12368645092609729                0           0   23515.465640870621        1.6988547057778460E-004  0.50000000000000000              906 -0.16874226936617703                0
          21          22  0.17137201111473407        1.8580527211685235E-002  -2.8964617018065918E-004  0.97725619083110171        219756.57682243298        40.968444197440832        7.2570989539672075       0.24021236677419711                0           0   21406.937283364805        1.8343950172520064E-004  0.25000000000000000              724   6.8539376799862189E-002           0
         369         370  0.35577330781196675       0.28758888866695975       -6.5923629871082615E-003  0.96841922705639494        200307.85819162280        57.839387851881206        15.284715293279374       0.41716457517453842                0           0   23485.425385280789        3.4904883910831302E-004  0.50000000000000000             1072   1.5692870394960396                0
          77          78   9.3430964505624117E-002   2.0354482771848002E-002  -1.6334883162896549E-004  0.97425183352183942        309441.22681298596        43.386459025179242        13.176492717032511       0.57266239712172118                0           0   15202.613129787858        1.8457846561722538E-004  0.50000000000000000              780  0.84429316152227385                0
         315         316  0.30834333591613694       0.21242803698149326       -3.5544000840579989E-003  0.96932722246065328        288048.63087816222        68.675120176768687        11.147355364761831       0.41032843710576927                0           0   16331.670257563481        4.1463143421502049E-004   3.1250000000000000E-002        1018  0.21873705041039385                0
          89          90  0.20842321107894346       0.10223825271363279       -1.3435582502014560E-003  0.98702482580270168        297769.38109927031        59.104743533761280        9.4405355303085123       0.75682734149450392                0           0   15798.519109916271        3.6005640583131949E-004  0.50000000000000000              792  0.39929805423297954                0
         155         156  0.50373356431637750       0.18870347651975347       -4.6345267489272665E-003  0.98128177235206437        293320.33962033020        76.435433608783669        12.273724557693528       0.73827458467453888                0           0   16038.148816184937        4.6428632181207922E-004  0.50000000000000000              858  0.45991642958223172                0
         187         188  0.16652052450678573        4.4390738220572948E-002  -5.1200105471243477E-004  0.98740860044556455        313872.49940009229        53.803263366689940        9.0253928843829190       0.66655219106434804                0           0   14987.981637882163        1.5401396217716847E-004  0.50000000000000000              890  0.29365576036843410                0
         255         256   8.3811449474318997E-002   3.0344259974373743E-002  -1.9498774621546684E-004  0.99476358635673934        366335.73421504453        48.606227887337262        12.748364055365652       0.45310868442021585                0           0   12841.540746017587        1.7373772739312873E-004  0.50000000000000000              958  0.23834028348464234                0
          93          94   8.5361728603296438E-002   7.1347741082274679E-002  -4.1080252103106030E-004  0.97812880800934654        378910.90214675880        55.249666982163497        13.716609957029966       0.47273077274158631                0           0   12415.359998859836        1.7179347800011020E-004  0.50000000000000000              796  0.35159004954220135                0
          95         546  0.62290701776509083       0.52092362269304604       -3.7742900312776979E-003  0.93637067637874216        1958535.1688518943        320.39176278411566        11.429056376536009       0.51685056466539492                0           0   2401.9559783562440        1.1686472632477178E-003   1.6456118746241018E-003         798  0.31634508524954225                0
          67          68  0.52597586808430075       0.46375414949012228       -9.5351984985231255E-003  0.98266064699714351        341740.68956755206        95.332992401100725        15.385145135265375       0.45803353352308523                0           0   13765.745201713413        5.7947742737167690E-004  0.50000000000000000              770   7.0806046493723962E-002           0
         213         214   8.6717284611907239E-002   1.7710005955573944E-002  -1.1427078035879827E-004  0.98213695314694749        400632.33674856107        50.085097135765906        7.6096294293417754       0.34319707488083129                0           0   11742.225542311169        1.5552041722878169E-004  0.50000000000000000              916  0.15323109493592002                0
         313         314  0.11479116130453372        5.7685466757393881E-002  -3.9453446450446250E-004  0.99253727403468150        435049.79924732697        62.547398305763593        5.5277430596719670       0.43638300712176958                0           0   10813.279918261374        1.7042172232509015E-004  0.50000000000000000             1016   7.7347034581215321E-002           0
         365         366  0.29906545429998188       0.27572229150032296       -3.4223050706489746E-003  0.97703614846779008        409915.73603235272        89.792227251814452        13.340080751218428       0.29868894410517866                0           0   11476.298283102440        5.4424978456707430E-004  0.50000000000000000             1068 -0.23620755330370952                0
         201         202  0.41909726131645580       0.36316033186407948       -5.4401348907038797E-003  0.97784193266974673        439642.50440806977        104.26124217537117        11.271701455392988       0.38773630450753416                0           0   10700.319487940789        6.3220712582260643E-004  0.50000000000000000              904   7.2028102665946114E-002           0
         171         172  0.11855449161888632       0.10910379859810015       -6.3808363105355751E-004  0.99690688946593098        502629.43037454027        75.543937317710842        5.4734674904147287       0.23557416128632669                0           0   9359.4106778413025        1.6222029374787257E-004  0.50000000000000000              874  -7.4093800848803543E-002           0
         347         348  0.19457293008789711        9.8264029982305379E-002  -8.4213227326918961E-004  0.97623178622328566        525292.62380639045        84.608893442837001        3.9438985624640064       0.37693454823121580                0           0   8955.6088253366652        5.1262384884362530E-004  0.25000000000000000             1050  0.15729252323518492                0
         343         344   9.9716206803828866E-002   3.9838043689421537E-002  -1.9541286924161294E-004  0.98547806040898511        644708.77578794607        75.758248904357316        15.707519471233404       0.55989159362240815                0           0   7296.8066114739531        4.6110969753691106E-004  0.50000000000000000             1046   1.7384057604386005                0
          99         100  0.11123848720615616        3.9011678252708890E-002  -1.9764343022701515E-004  0.98119635498491209        697449.45099556562        81.825121918085514        11.673476831813666       0.54624218130837054                0           0   6745.0268272914218        1.9609050585244134E-004  0.25000000000000000              802  0.13338018450066597                0
         391         392  0.13558686976987694        5.7578981684498085E-002  -2.5446740011902898E-004  0.98428057182237338        1015963.8259505472        114.33226250480101        11.673984447213012       0.30701167224712739                0           0   4630.3964151906221        1.9855493643177781E-004  0.50000000000000000             1094  0.10381223866504848                0
         385         386  0.12648191059682606        5.9749107023494945E-002  -2.5030111744847215E-004  0.99192399726360403        1010156.8010307509        112.51654391747591        13.435508638995620       0.27633877852940741                0           0   4657.0148840700185        1.9971473045980897E-004  0.50000000000000000             1088   7.7088476030123636E-003           0
          41          42  0.11122608390456809        8.6847116325004775E-002  -3.0034655602715249E-004  0.97689552612968544        1076875.4069236529        119.85571002551679        3.6542427533037167       0.83507403685876236                0           0   4368.4861102769009        1.9934720720389158E-004  0.25000000000000000              744  0.52064598687913999                0
         345         346  0.55774375829353751       0.47607345656862060       -4.7923803546830179E-003  0.97923176074338625        1065819.0059203701        206.47940675782556        2.0189317801533337       0.25503832914445879                0           0   4413.8031237137029        1.2529054742208931E-003  0.50000000000000000             1048  -4.2264436433485444E-002           0
          73          74  0.94128231410560004       0.69908498357263338       -1.0547991353088345E-002  0.98595090542721642        1010924.7705775029        232.48741209934116        12.309902395735564       0.54174322120406104                0           0   4653.4770880699325        1.4155097427745917E-003  0.50000000000000000              776  0.38510492252240791                0
         285         286   8.9462339041284894E-002   4.2834040765278178E-002  -1.2838168338598593E-004  0.97556116315563901        1178106.6063545495        111.23605151706303        9.8626783125987973       0.66924232514732962                0           0   3993.1150816660524        1.4410236536712358E-004  0.50000000000000000              988  0.22740772659722097                0
         293         294  0.55382231722128972       0.12326253909399966       -1.3046202120956597E-003  0.97555013427591697        1208714.8768618368        195.00098063437505        12.295172117156744       0.55346208440160505                0           0   3891.9974823661364        1.1809822740092247E-003  0.50000000000000000              996  0.92307449441795142                0
         123         124  0.67985937278035102       0.12376754478802159       -1.4259437356367586E-003  0.97763450747397851        1328700.8239903566        219.90890269502705        10.912829418226494       0.58212169242235734                0           0   3540.5376234484115        1.3330674591925293E-003  0.50000000000000000              826  0.32050528798844019                0
           7           8  0.10772050310063933        1.1526931384030817E-002  -3.7943697728780554E-005  0.99082248886431246        1424470.1409572540        121.95279694780302        10.228305900433311       0.46876168076156144                0           0   3302.5018372680170        1.6260639909577266E-004   6.2500000000000000E-002         710  -9.7195099068429214E-003           0
         355         356  0.32294731613854971       0.22153041596011064       -1.4146791448691402E-003  0.98835597978780254        1280677.5733209376        188.46314208734015        4.4713961931611532       0.43866150685562449                0           0   3673.3018174480535        1.1488556879049804E-003  0.50000000000000000             1058   6.7373013659670661E-002           0
          85          86   8.0567479673496034E-002   7.0359839832317903E-002  -1.6540594186675728E-004  0.98642166572395873        1357017.8794508749        127.71821781941760        7.3776554067904501       0.31886330065585700                0           0   3466.6567986181526        1.9401392259058692E-004   6.2500000000000000E-002         788  -5.6282192117802991E-002           0
         387         388  0.11696728908539532        8.3148869844046139E-002  -2.2937426571512307E-004  0.96119285462225135        1621781.2510125139        158.01394648118062        7.3592865968418995       0.51307705791796965                0           0   2900.7088685405351        8.8598553480710078E-004   1.9088818901220289E-005        1090   9.9376141839558424E-002           0
         103         104   9.4240900685283069E-002   8.1646476448274677E-002  -1.9581474411928143E-004  0.97430932578693863        1543295.6101144454        146.43699954217337        6.8749114284625499       0.15532956946969062                0           0   3048.2269416265021        8.8618227905427590E-004  0.25000000000000000              806  -4.9490453035672982E-002           0
          65          66   8.1196656538748205E-002   3.2700733033609646E-002  -6.2627861262289943E-005  0.98184767372588766        2149336.5504112290        157.99647215383459        11.035157393409550       0.56042539711365480                0           0   2188.7290088398181        1.9363885980735446E-004  0.50000000000000000              768  0.17591660841923329                0
          15          16  0.12041882448822794        4.7134796559794988E-002  -1.1370748620294229E-004  0.97825164521118502        2263928.7909641471        186.02285177799217        11.988278042873574       0.60254574778396064                0           0   2077.9431210119114        1.1281688166013199E-003  0.50000000000000000              718  0.17947902795432921                0
         243         244  0.10897784068549871        6.2870305948584129E-002  -1.2688985103554134E-004  0.99345305026723485        2514966.0648626112        201.22235189126619        13.411872993056306       0.37812188725246704                0           0   1870.5283237695505        1.2297376519750148E-003  0.50000000000000000              946   7.3548065863636894E-002           0
         265         266   8.4095384718170976E-002   3.6296916915751078E-002  -2.5179278178957900E-005  0.98201171807513177        10108059.850987647        451.77059417050589        6.4470584780958911       0.52015977568414284                0           0   465.40239442538626        1.6861462299130763E-003   2.6121655578924556E-004         968  0.21590287986434004                0
         127         128  0.41687934908818136       0.27898104023835063       -1.0601324713850049E-003  0.99434194081511351        3619474.9262651657        408.83142482301037        10.934612507748556       0.30392991553197157                0           0   1299.7231237899509        2.4997052625840904E-003  0.25000000000000000              830  -2.3680770721395961E-003           0
         217         218   8.1228311512873880E-002   6.5270211912634449E-002  -8.4864059256294254E-005  0.97696892315676265        3390006.8490829859        232.81876606981328        13.665989472056069       0.72851021195417132                0           0   1387.7008121435813        1.4110585494170628E-003  0.50000000000000000              920  0.32159394666560165                0
         143         144  0.25022565110097550       0.15769561095085233       -3.9893226177458845E-004  0.97378367469115990        4047244.7606835263        368.61381757316616        10.398841223945787       0.64703943801007746                0           0   1162.3500766111972        2.2305190603367172E-003  0.50000000000000000              846  0.21766990271607151                0
          61          62  0.16574606629006447        5.1105325148539382E-002  -1.0680914848388477E-004  0.98146224652464376        3985102.7316611102        295.54272204541036        7.9878460640054909       0.44659782198428483                0           0   1180.4752786595950        1.7952874583487142E-003  0.50000000000000000              764  0.28020296173331966                0
          29          30   9.2064989403419284E-002   3.8673592252436655E-002  -4.8326417632826574E-005  0.98790084533106615        4595724.3541263249        274.56410217347485        6.8918193547182129       0.83436261733641170                0           0   1023.6286807368981        1.6733196375634911E-003  0.25000000000000000              732  0.51033115428622633                0
         405         406   8.7236661288412828E-002   5.5735761705262711E-002  -1.4072219982536795E-005  0.99445045527554632        44632234.652881853        1287.6258805654079        12.635810337480297       0.69323641913658585                0           0   105.40174145954420        7.8733128566099032E-003  0.50000000000000000             1108   1.2957402776112930                0
          45          46   8.6894120985331738E-002   8.6164685909330241E-002  -8.2040856412477007E-005  0.98387083180607882        5506893.1944410549        340.10174038637848        8.9104007959530396       0.65070025359228501                0           0   854.25939664011355        2.0685513436049150E-003  0.50000000000000000              748  0.47186329863135001                0
         161         162   9.3309048906446132E-002   9.2827486138433946E-002  -9.1370433602009618E-005  0.98837684071616139        5621411.9889330724        353.27589260294189        9.1875320950000869       0.45612516350955912                0           0   836.85651699362973        1.9329123804517744E-003   2.8689807420609013E-005         864  0.11724020070558329                0
         289         290  0.10428359770713377        2.3242149003040714E-002  -2.7029434074472901E-005  0.98098921415805906        6248176.5404459471        334.17554878363177        13.452966734944164       0.16248587612435833                0           0   752.91010540316859        1.8629726045010122E-003   1.0862150014731616E-003         992  -4.6694995263302619E-002           0
         115         116   9.5073144526220191E-002   4.6025486525321645E-002  -4.6726263478262970E-005  0.98361077625756288        6339435.9430684811        348.99124241529205        10.041113497362780       0.48776976286943718                0           0   742.07158174513086        2.1223306805025111E-003  0.25000000000000000              818  0.16990298677877741                0
         223         224  0.13901763968801717        6.0776114313866474E-002  -7.7058714421986203E-005  0.98945857459897224        6749162.6949731437        408.60193363737443        8.0107671404217147       0.32375722576637306                0           0   697.02205595793282        1.4382710631218939E-003   1.9260513025783009E-004         926   9.9167608953382808E-002           0
         199         200  0.11230093762090229        4.7925291740752780E-002  -4.9845320530023470E-005  0.98557578802919299        7365259.5215128316        402.38621163417127        10.266023180951958       0.40983013063491630                0           0   638.71683596540686        2.4494184751019071E-003  0.50000000000000000              902  0.76411726045033213                0
         373         374  0.15845034820673778       0.15233439132851201       -1.7085665814783006E-004  0.97953501081170569        7914587.1191341830        526.47601195903246        7.7100393085543226       0.40098921515919583                0           0   594.38542868164075        2.4889995447553485E-003   2.5396505076263835E-005        1076  0.10876647588376506                0
          69          70  0.10464422723177559       0.10349050793134676       -8.6377732787562200E-005  0.98042651398566583        8085705.8082159301        467.23280664956275        10.891604490043521       0.16588467374217231                0           0   581.80638391081243        2.8368343572848856E-003  0.50000000000000000              772 -0.16236723924789709                0
          51          52  0.11606384615255892        9.5064690585184505E-002  -1.2276543213329298E-004  0.98205345115529663        4872545.5793825211        334.93415447263214        2.8160560438260660       0.45527512568217765                0           0   965.47383313362923        1.9892380511386115E-004  0.50000000000000000              754   6.4418245083918108E-002           0
         267         268  0.11152016154947933        1.9237634443879208E-002  -2.0555895907629261E-005  0.97570998657377217        7747978.4640626283        388.94481300621430        4.1890923758670775       0.54654252419265026                0           0   607.16679576030594        1.6781815569930267E-003   1.0098015662351487E-003         970  0.15293941917941611                0
         367         368  0.20322917187314732       0.17631903439505672       -1.9839576418448606E-004  0.98268445348710876        10352971.847594835        673.08852513426632        14.627133226408144       0.52399361359211916                0           0   454.39274122412041        3.9501337459829332E-003   4.6838778275534840E-004        1070   1.5339721784760338                0
         305         306   8.5255713978393793E-002   1.6586699482616780E-002  -1.1931200371230782E-005  0.97557216214542408        10624387.113807641        441.69112072417624        15.530171794251130       0.24884265687580734                0           0   442.78462439785847        2.6751951435917505E-003  0.50000000000000000             1008   7.7263540313776274E-002           0
         325         326  0.14296285691723640        1.8018411898666035E-002  -1.7591034512000332E-005  0.98525910189351285        11605238.715074902        545.71725305743564        5.1851079206399602       0.38408170309733497                0           0   405.36135215676182        1.9976652747874619E-004  0.50000000000000000             1028   2.6779697610558047E-002           0
         119         120  0.12744757891135747        8.2887871857059842E-002  -6.3848789170769046E-005  0.98269985033698937        12193204.574003790        616.57973866081329        7.9692576237890274       0.25270326195157444                0           0   385.81451078697370        3.7479255214838184E-003  0.50000000000000000              822   6.8228300059461899E-002           0
         133         134  0.13034205300579016        4.8697333779162973E-002  -3.8327119206989678E-005  0.98105090356888625        13234888.391855825        617.16728915164958        9.6089167524172261       0.49658388268874326                0           0   355.44804900202962        9.2284244771338438E-004   3.2506490534015882E-004         836  0.21096392994724114                0
          17          18   8.8310858010865509E-002   3.6165089814597706E-002  -2.2321003472730643E-005  0.98140412768925933        12747100.610456508        533.22349031307033        8.3230710322163084       0.35633020043895797                0           0   369.04982563531280        3.2391129273980847E-003  0.50000000000000000              720  -4.3153205395647445E-002           0
         275         276  0.13196141201412448        6.9014568623332620E-002  -4.7734017756669135E-005  0.97886666808116674        15446737.367659301        711.01551483764979        13.371003252789542       0.42556226006874026                0           0   304.55073752300251        4.1688006915464367E-003   6.5249230347065796E-004         978  0.37023933137232401                0
         221         222  0.10685030920939192        6.9974509155263417E-002  -3.1626043579082032E-005  0.98465931935394913        22714531.666391097        881.02881973356671        10.639622108221239       0.22016150594083209                0           0   207.10597632991781        3.2947473786113192E-003   3.8721005896289273E-005         924 -0.19739634867359693                0
         157         158  0.17882018552997023        8.7937108552675433E-002  -4.2075836476306053E-005  0.98506792104604712        36757420.205201611        1392.7568404162728        8.2559326687113437       0.37082210373742736                0           0   127.98273740057107        8.4236299267437618E-003   4.0261598279986275E-004         860   5.3396824838383167E-003           0
         145         146  0.11284151051838727        7.1741434973604884E-002  -2.4259824544054243E-005  0.99379769262494622        37282101.523579285        1243.5711288290104        14.843394856419968       0.41393730025855291                0           0   126.18160096660569        1.5199858274065005E-003   1.0292082197617000E-004         848  0.14759662053916156                0
         399         400  0.17014458503807270        6.6018282057290864E-002  -2.6984362813991674E-005  0.99072524598800238        45921778.276405998        1551.2775926037505        9.0563444717093518       0.22076526962999604                0           0   102.44192263917134        9.3952745019370322E-003   1.1409747941857378E-004        1102 -0.12814384655157560                0
