 1031617   1   373 108   0      1.6   7.73   4.63  5.508     0.0  -0.2148   0.0000
  -1.117645   0.000000   0.245611   0.096985  -0.663599   0.060150   0.000000   0.000000   0.000000   0.000000
   0.00000   0.00000   0.13641   0.02864   0.00000  -1.11764   0.00000   0.00000  -0.87203   0.66276   0.19282   0.00000   0.00000
 NAME(I1)    NAME(I2)    M1[M*]                    M2[M*]                    EB[NB]                    ECC                       P[Days]                   SEMI[AU]                  RI[PC]                    VI[km/s]                  K*(I1)      K*(I2)      ZN[NB]                    RP[NB]                    STEP(I1)[NB]              NAME(ICM)                 ECM[NB]                   K*(ICM)      
           3           4   8.7970317491499028E-002   4.9196061553816367E-002  -9.2897646351125171E-004  0.98018963898304645        71340.815372945974        17.361255191394889        3.5583830474643170       0.20627088403100907                0           0   65941.428242054317        1.0539810829294615E-004  0.50000000000000000              706   6.7035784441349153E-002           0
          59          60  0.52934127945164156       0.11516011942956719       -3.1001072744619322E-002  0.99635260950274573        9025.0375450904266        7.3279160146024838        14.191595857244646       0.91429248988239542                0           0   521251.59969045070        4.4850020571511419E-005  0.50000000000000000              762   1.3849385856933756                0
          63          64  0.11284127030153632        5.3401276685359052E-002  -1.4468849236327175E-003  0.97984293960292113        54774.265105649982        15.520472950299069        13.578515414782972       0.36615328937022856                0           0   85885.502043175962        9.4206442072616631E-005  0.25000000000000000              766  0.19062607281038285                0
          83          84  0.10272953417562042        4.1373672231505683E-002  -1.2819188696754095E-003  0.97370419826673227        41789.837138321200        12.356008093958177        16.547204527585386       0.41773179702844293                0           0   112570.79662870750        7.4766174595093939E-005  0.12500000000000000              786  0.30829821238142485                0
         131         132   8.4797441590329786E-002   6.4637458177469395E-002  -7.7121942017657882E-004  0.98912831439601701        128788.41655396212        26.485513546867381        6.7813958259854772       0.45279972090831155                0           0   36527.471829531067        1.6151620773559698E-004   1.5625000000000000E-002         834  0.11180215919995895                0
         137         138  0.13717930409073115       0.13193897190263901       -4.0334545728335997E-003  0.97817964388784162        48147.574536657077        16.722602131164937        7.8206866609416972       0.31402638857832293                0           0   97706.173216745112        1.0141787278782275E-004  0.50000000000000000              840  0.59681358897777370                0
         167         168  0.11739175763496201        6.6852661947444644E-002  -1.3371095085191684E-003  0.97921691183512483        87047.450602289726        21.873015901955345        14.751241205423851       0.70077324229482973                0           0   54043.113555826756        1.3272323952673876E-004  0.25000000000000000              870  0.41160028385323022                0
         177         178  0.17518944591650459       0.15841447355487015       -4.8844045916293037E-002  0.97081544669269548        1948.4551180766894        2.1174370246531056       0.51189816254382436       0.79617187436726755                0           0   2414382.1502485364        1.2793853451865820E-005  0.25000000000000000              880  0.48186638284060607                0
         181         182  0.16494482085752635        4.8117280213717237E-002  -2.2342341753636167E-003  0.98308070947828008        38113.841390388654        13.238244572811659        3.1169385685495237       0.33701711881060520                0           0   123428.00111539195        8.0485139620415977E-005  0.50000000000000000              884   3.0568807757363745E-002           0
         193         194  0.13607741833753259        1.4509867592654014E-002  -3.3139095177587647E-004  0.98026160729439438        98477.807758994706        22.203845682541278        15.460811436100945       0.78401380068391990                0           0   47770.308506030713        1.3480179630591914E-004  0.50000000000000000              896   1.0810069174636678                0
         195         196  0.23980714281985319       0.16746154432118399       -1.7866781603804005E-002  0.96643523058497638        13874.745800257982        8.3762612435180923        11.209428439342139        1.0248744830859124                0           0   339055.96004197007        5.0498069052990366E-005  0.50000000000000000              898  0.79278670141620222                0
         207         208   9.9440827635248155E-002   5.0100703362626467E-002  -8.7683211256005204E-003  0.98112175417415370        2910.2243960466299        2.1174416066239212        2.8705771706464454       0.72493886036563226                0           0   1616478.5313583727        1.2860786271453537E-005  0.25000000000000000              910  0.45405991756144432                0
         225         226  0.11258739991983015        4.7810171057872303E-002  -9.4939383745014589E-004  0.98185672257896206        88575.957032427817        21.129198100363176        15.426320117532649       0.73244880357650766                0           0   53110.521356517827        1.2838083044770557E-004  0.50000000000000000              928   1.0219670952567670                0
         235         236   9.9158490776633662E-002   3.5661683213779022E-002  -5.1301121046354124E-003  0.96614283730650707        4095.4263718306088        2.5687641194955386        2.4284620660713658       0.33152689124421814                0           0   1148675.3345151674        1.5484037106406675E-005   3.1250000000000000E-002         938   8.5376496870808574E-002           0
         249         250   8.3325272192247987E-002   6.4931060179189190E-002  -5.9417119074347373E-003  0.97581540753508467        5929.7866670524481        3.3934150410168407        15.537953696834728       0.42117350239139428                0           0   793336.34104971308        2.0555510157367267E-005  0.25000000000000000              952   1.2425444070250875                0
         271         272  0.13618545113931463       0.10282415591629936       -1.7643068358636144E-003  0.98806680624688603        120181.93023047518        29.578155387187675        7.3835764921351910       0.48223784580553897                0           0   39143.282593508091        1.8027976026539725E-004  0.25000000000000000              974   9.3201231889114555E-002           0
         287         288   8.8414603939471620E-002   4.2704642040310346E-002  -5.8515194294090581E-004  0.98093659039144399        118941.02246670357        24.046383900145148        2.3404688721494318       0.59881495419018571                0           0   39551.663169548527        1.4603779329379048E-004  0.25000000000000000              990  0.19584494639437811                0
         291         292  0.10251315781699964        2.9651563345757474E-002  -1.1831110334550475E-003  0.98075559013170377        29765.556837160901        9.5746088155111213        12.608148660047288       0.58846916595577181                0           0   158045.59892431262        5.8142920318824777E-005   3.1250000000000000E-002         994  0.23388366983516115                0
         303         304  0.77980953382043972       0.33783563817501155       -5.2382472905160467E-002  0.97671789874474535        28033.625192942258        18.742492285908785        4.9146287011780743       0.63351552739338191                0           0   167809.73653129677        1.1358394461059082E-004  0.25000000000000000             1006  0.23193884005606399                0
         311         312  0.16827131513595273       0.11782564957455051       -9.1314488263872420E-003  0.97485864189666582        15717.300866973132        8.0915100549741776        16.603780427470245       0.15543296342328311                0           0   299308.08714936365        4.8990345746074786E-005  0.50000000000000000             1014 -0.12938241986795063                0
         321         322  0.12252965187021556        4.0765808550071510E-002  -1.0952504619379879E-003  0.97557453106160041        63331.226025514967        16.995860241612995        17.104396251246680       0.41455994582872263                0           0   74281.133539866772        1.0293936416602254E-004  0.50000000000000000             1024  0.71933740538902435                0
         323         324  0.13577855073708561        2.1714876777924844E-002  -1.0672784058174505E-003  0.97737634574565457        30402.145619620234        10.295090097572151        13.953840628586592       0.66623921585514523                0           0   154736.29119810546        6.2411468000077191E-005  0.25000000000000000             1026  0.36419073033575294                0
         337         338  0.14234346256931027        4.8688670540606271E-002  -2.7220309402593351E-003  0.98436219341894415        24424.438780536861        9.4883723855236379        12.748443851554832       0.40481781737935751                0           0   192606.89262565569        5.7724153992768256E-005  0.50000000000000000             1040   1.4562909134320428                0
         363         364   8.0030474895858961E-002   2.5241398542184282E-002  -3.2505135387658957E-004  0.96900162088983910        125469.53716214608        23.159872534501439        12.541509430779110       0.71138897977259130                0           0   37493.684634903126        1.3980643129274424E-004  0.50000000000000000             1066  0.54676441030776735                0
         371         372   9.0756420354949963E-002   8.9399293653254358E-002  -1.4941626717007766E-003  0.97790038526241019        78336.750524128642        20.236383406048532        10.309625008545636       0.47241334561692278                0           0   60052.468683849453        1.2271064128272370E-004  0.50000000000000000             1074  0.26860481871311426                0
         383         384   9.3433970454860987E-002   6.5975786712685114E-002  -2.9999592269293533E-003  0.97176827062077331        19385.313257799193        7.6576121486429507        10.083854069049300       0.46662621126203863                0           0   242674.19334851863        4.6290742961604388E-005  0.50000000000000000             1086  0.46659386253284185                0
         395         396  0.10118924464727580        7.2387835402996439E-002  -4.0679476328368365E-003  0.98184110250843104        15239.121285685993        6.7103307468978812        8.4696595674817132       0.49364758639939038                0           0   308699.90266850201        4.0771591993552411E-005  0.50000000000000000             1098   6.1736536114482987E-002           0
         401         402  0.11008182267075275        8.1520559788653676E-002  -2.1754919003101718E-003  0.98946501741247106        50292.904508829961        15.372504553420699        7.5015980009622156       0.41674517999541905                0           0   93538.349069078395        9.3761781152373525E-005  0.50000000000000000             1104  0.13772331974881158                0
         219         220   5.9461379470541447        2.5291364086335988      -0.75299076982192070       0.98221912150944157        80559.862777643633        74.428097414589246        6.1475663885374479       0.18679685308279706                0           0   58395.273967004177        4.5230718866207646E-004  0.50000000000000000              922  0.12483024382564935                0
         159         160  0.52009082554844766       0.13749382338007102       -6.8562166579241961E-003  0.98252657550525302        109146.58921206869        38.868446659729038        2.5371680905437364       0.57751021735905361                0           0   43100.891119047374        2.3624417772278330E-004  0.25000000000000000              862  0.18145250188078382                0
           1           2   2.0244841138268650       0.61000484406818434       -7.0741485713423660E-002  0.98738152934187551        118081.33591071346        65.056817812538299        16.302337806979288       0.49233999540213674                0           0   39839.617509086311        3.9638661146352313E-004  0.50000000000000000              704  0.12673129432741381                0
         283         284  0.18094602805437388        8.1870494517192083E-002  -1.6064068193646895E-003  0.97697797871714775        143540.44546752289        34.366892541613126        5.1263224609962368       0.28424284953553602                0           0   32773.447527785116        2.0829891525217590E-004   6.2500000000000000E-002         986  -5.1334789532699689E-002           0
         185         186  0.24628085064239766        6.9358336926096664E-002  -1.8551080494142963E-003  0.99057546901522908        130681.44545928008        34.314639623851313        8.4975207418540784       0.52639391324839580                0           0   35998.341165507023        2.0941269287605858E-004  0.50000000000000000              888  0.21745103341869915                0
         191         192  0.17819880543248182        5.0730547014061628E-002  -8.9966543292994278E-004  0.98450778698896024        174927.64032278312        37.446621017460309        18.031802736636774       0.62902826932314748                0           0   26892.921261409472        2.2782970840593575E-004  0.25000000000000000              894  0.46979472362837793                0
          71          72  0.16939743337267674        2.6319217633798585E-002  -4.7647967898261517E-004  0.96976219828091648        170003.73667627125        34.870225322542275        11.254047517720865       0.27608557899716230                0           0   27671.834452691655        1.5082883319385277E-004  0.25000000000000000              774 -0.11768225106776090                0
          53          54  0.10539273585624893        8.3691576402142989E-002  -9.4861616487088496E-004  0.98840746126056767        171334.30925667207        34.651436372167325        14.070692532750094       0.24941776426624296                0           0   27456.936547351612        2.1096666920612941E-004  0.50000000000000000              756 -0.17171151914960778                0
         245         246  0.10614450888457336        7.9534736728126665E-002  -8.8338078697462622E-004  0.97533507163214717        180155.36208468804        35.614411017835778        9.0226345403798476       0.15349252410766517                0           0   26112.546433302068        2.1568078356416255E-004  0.50000000000000000              948  0.11120858896124262                0
         331         332  0.12214104311112879        9.8521910482032543E-002  -1.1537755047203683E-003  0.97154055198387024        188414.45473505274        38.868024797675822        16.595009669837296       0.28993396544519057                0           0   24967.910579153504        2.3493249830021899E-004  0.50000000000000000             1034   6.9164817499258832E-002           0
         203         204  0.10958957416913398        5.6611292613942377E-002  -6.2817234305771752E-004  0.98494187057407623        200051.97130642890        36.805509599966030        15.017875639969430       0.12658605976633699                0           0   23515.465640870621        1.6988547057778460E-004  0.50000000000000000              906 -0.16870137169810145                0
          21          22  0.17137201111473407        1.8580527211685235E-002  -2.8964617018065918E-004  0.97725619083110171        219756.57682243298        40.968444197440832        3.3707781659795444       0.24041336331885740                0           0   21406.937283364805        1.8343950172520064E-004  0.25000000000000000              724   6.8100991127005822E-002           0
         369         370  0.35577330781196675       0.28758888866695975       -6.5923629871082615E-003  0.96841922705639494        200307.85819162280        57.839387851881206        14.039527491351995       0.41493625078409030                0           0   23485.425385280789        3.4904883910831302E-004  0.50000000000000000             1072   1.5690618097330444                0
          77          78   9.3430964505624117E-002   2.0354482771848002E-002  -1.6334883162896549E-004  0.97425183352183942        309441.22681298596        43.386459025179242        10.229225567266869       0.56831466295148136                0           0   15202.613129787858        1.8457846561722538E-004  0.50000000000000000              780  0.84472166445097430                0
         315         316  0.30834333591613694       0.21242803698149326       -3.5544000840579989E-003  0.96932722246065328        288048.63087816222        68.675120176768687        7.1782399527811620       0.40566796339277295                0           0   16331.670257563481        4.1463143421502049E-004   3.1250000000000000E-002        1018  0.21380200661330268                0
          89          90  0.20842321107894346       0.10223825271363279       -1.3435582502014560E-003  0.98702482580270168        297769.38109927031        59.104743533761280        6.3764963424440273       0.75701466161844422                0           0   15798.519109916271        3.6005640583131949E-004  0.50000000000000000              792  0.39944850134073712                0
         155         156  0.50373356431637750       0.18870347651975347       -4.6345267489272665E-003  0.98128177235206437        293320.33962033020        76.435433608783669        10.578401424367852       0.73481785722900661                0           0   16038.148816184937        4.6428632181207922E-004  0.50000000000000000              858  0.45981537520972487                0
         187         188  0.16652052450678573        4.4390738220572948E-002  -5.1200105471243477E-004  0.98740860044556455        313872.49940009229        53.803263366689940        5.7216774019706769       0.66680616597496944                0           0   14987.981637882163        1.5401396217716847E-004  0.50000000000000000              890  0.29333759389064462                0
         255         256   8.3811449474318997E-002   3.0344259974373743E-002  -1.9498774621546684E-004  0.99476358635673934        366335.73421504453        48.606227887337262        8.7770516398911340       0.45379735740560723                0           0   12841.540746017587        1.7373772739312873E-004  0.50000000000000000              958  0.23872909289117031                0
          93          94   8.5361728603296438E-002   7.1347741082274679E-002  -4.1080252103106030E-004  0.97812880800934654        378910.90214675880        55.249666982163497        9.3619782638928033       0.46772280700630281                0           0   12415.359998859836        1.7179347800011020E-004  0.50000000000000000              796  0.35140160024611033                0
          95         546  0.62290701776509083       0.52092362269304604       -3.7742926354908586E-003  0.93637379170488588        1958533.1418062956        320.39154171793825        7.4801671551849118       0.51720154630305348                0           0   2401.9584643362818        1.5659183886131442E-003   2.1705724468321736E-003         798  0.31803192906143019                0
          67          68  0.52597586808430075       0.46375414949012228       -9.5351984985231255E-003  0.98266064699714351        341740.68956755206        95.332992401100725        16.180999262824503       0.45371432059344885                0           0   13765.745201713413        5.7947742737167690E-004  0.50000000000000000              770   7.0827993147219132E-002           0
         213         214   8.6717284611907239E-002   1.7710005955573944E-002  -1.1427078035879827E-004  0.98213695314694749        400632.33674856107        50.085097135765906        3.7727222910423492       0.34447569653649407                0           0   11742.225542311169        1.5552041722878169E-004  0.25000000000000000              916  0.15283625320671274                0
         313         314  0.11479116130453372        5.7685466757393881E-002  -3.9453446450446250E-004  0.99253727403468150        435049.79924732697        62.547398305763593        2.5501355000535568       0.43426160027738808                0           0   10813.279918261374        1.7042172232509015E-004  0.50000000000000000             1016   7.7353131778544082E-002           0
         365         366  0.29906545429998188       0.27572229150032296       -3.4223050706489746E-003  0.97703614846779008        409915.73603235272        89.792227251814452        13.624666876896042       0.29745993617338251                0           0   11476.298283102440        5.4424978456707430E-004  0.50000000000000000             1068 -0.23623683077114432                0
         201         202  0.41909726131645580       0.36316033186407948       -5.4401348907038797E-003  0.97784193266974673        439642.50440806977        104.26124217537117        15.641658413840318       0.38816260082599857                0           0   10700.319487940789        6.3220712582260643E-004  0.50000000000000000              904   7.1992482539814856E-002           0
         171         172  0.11855449161888632       0.10910379859810015       -6.3808363105355751E-004  0.99690688946593098        502629.43037454027        75.543937317710842        4.0394644162619953       0.23560800027359971                0           0   9359.4106778413025        1.6222029374787257E-004  0.50000000000000000              874  -7.3949766879659318E-002           0
         347         348  0.19457293008789711        9.8264029982305379E-002  -8.4213227326918961E-004  0.97623178622328566        525292.62380639045        84.608893442837001        6.0533091118178133       0.38071014368934669                0           0   8955.6088253366652        5.1262384884362530E-004  0.25000000000000000             1050  0.15724377490940689                0
         343         344   9.9716206803828866E-002   3.9838043689421537E-002  -1.9541286924161294E-004  0.98547806040898511        644708.77578794607        75.758248904357316        14.278634840347442       0.56307762851666898                0           0   7296.8066114739531        4.6110969753691106E-004  0.50000000000000000             1046   1.7376091986757767                0
          99         100  0.11123848720615616        3.9011678252708890E-002  -1.9764343022701515E-004  0.98119635498491209        697449.45099556562        81.825121918085514        8.9397232841264955       0.54639611332194626                0           0   6745.0268272914218        1.9609050585244134E-004  0.25000000000000000              802  0.13370455418164373                0
         391         392  0.13558686976987694        5.7578981684498085E-002  -2.5446740011902898E-004  0.98428057182237338        1015963.8259505472        114.33226250480101        12.895455911602220       0.30922369614631429                0           0   4630.3964151906221        1.9855493643177781E-004  0.50000000000000000             1094  0.10376174098672314                0
         385         386  0.12648191059682606        5.9749107023494945E-002  -2.5030111744847215E-004  0.99192399726360403        1010156.8010307509        112.51654391747591        17.674993367853848       0.27610569973593962                0           0   4657.0148840700185        1.9971473045980897E-004  0.50000000000000000             1088   7.6519027603837685E-003           0
          41          42  0.11122608390456809        8.6847116325004775E-002  -3.0034655602715249E-004  0.97689552612968544        1076875.4069236529        119.85571002551679        1.4476404251100725       0.83486765781922079                0           0   4368.4861102769009        1.9934720720389158E-004  0.25000000000000000              744  0.52051738474517706                0
         345         346  0.55774375829353751       0.47607345656862060       -4.7923803546830179E-003  0.97923176074338625        1065819.0059203701        206.47940675782556        2.6499192504156612       0.25379361612209433                0           0   4413.8031237137029        1.2529054742208931E-003  0.50000000000000000             1048  -4.2317530860353336E-002           0
          73          74  0.94128231410560004       0.69908498357263338       -1.0547991353088345E-002  0.98595090542721642        1010924.7705775029        232.48741209934116        16.513660159186905       0.53747409585346007                0           0   4653.4770880699325        1.4155097427745917E-003  0.50000000000000000              776  0.38514266193557872                0
         285         286   8.9462339041284894E-002   4.2834040765278178E-002  -1.2838168338598593E-004  0.97556116315563901        1178106.6063545495        111.23605151706303        9.1808135385260883       0.66851251758894203                0           0   3993.1150816660524        1.4410236536712358E-004  0.50000000000000000              988  0.22754477385151040                0
         293         294  0.55382231722128972       0.12326253909399966       -1.3046202120956597E-003  0.97555013427591697        1208714.8768618368        195.00098063437505        9.4318256536568494       0.54736401507215771                0           0   3891.9974823661364        1.1809822740092247E-003  0.50000000000000000              996  0.92292860492563389                0
         123         124  0.67985937278035102       0.12376754478802159       -1.4259437356367586E-003  0.97763450747397851        1328700.8239903566        219.90890269502705        6.9246717572504117       0.57990865363960531                0           0   3540.5376234484115        1.3330674591925293E-003  0.50000000000000000              826  0.32056788950168225                0
           7           8  0.10772050310063933        1.1526931384030817E-002  -3.7943697728780554E-005  0.99082248886431246        1424470.1409572540        121.95279694780302        12.090155943816869       0.46722324214472910                0           0   3302.5018372680170        1.6260639909577266E-004   6.2500000000000000E-002         710  -9.6994327012645543E-003           0
         355         356  0.32294731613854971       0.22153041596011064       -1.4146791448691402E-003  0.98835597978780254        1280677.5733209376        188.46314208734015        6.3138389732235591       0.43799084197000882                0           0   3673.3018174480535        1.1488556879049804E-003  0.50000000000000000             1058   6.7330021060035175E-002           0
          85          86   8.0567479673496034E-002   7.0359839832317903E-002  -1.6540594186675728E-004  0.98642166572395873        1357017.8794508749        127.71821781941760        8.9232066059861275       0.31690912615811007                0           0   3466.6567986181526        1.9401392259058692E-004   6.2500000000000000E-002         788  -5.6285706315530717E-002           0
         387         388  0.11696728908539532        8.3148869844046139E-002  -2.2937375263180912E-004  0.96125003999986602        1621786.6926292279        158.01429994062565        3.0550071573893458       0.55357220198805646                0           0   2900.6991357279940        9.3549134929425226E-004   1.9718507560171210E-005        1090  0.15242931273113708                0
         103         104   9.4240900685283069E-002   8.1646476448274677E-002  -1.9581474411928143E-004  0.97430932578693863        1543295.6101144454        146.43699954217337        3.4392088873821249       0.15651481679900425                0           0   3048.2269416265021        8.8618227905427590E-004  0.25000000000000000              806  -5.0356134550260369E-002           0
          65          66   8.1196656538748205E-002   3.2700733033609646E-002  -6.2627861262289943E-005  0.98184767372588766        2149336.5504112290        157.99647215383459        13.276925863415654       0.55921393910235484                0           0   2188.7290088398181        1.9363885980735446E-004  0.50000000000000000              768  0.17594291226029912                0
          15          16  0.12041882448822794        4.7134796559794988E-002  -1.1370748620294229E-004  0.97825164521118502        2263928.7909641471        186.02285177799217        13.083898236617122       0.59956580711998952                0           0   2077.9431210119114        1.1281688166013199E-003  0.50000000000000000              718  0.17958774285665538                0
         243         244  0.10897784068549871        6.2870305948584129E-002  -1.2688985103554134E-004  0.99345305026723485        2514966.0648626112        201.22235189126619        9.4086253504679664       0.37674811140814385                0           0   1870.5283237695505        1.2297376519750148E-003  0.50000000000000000              946   7.3504462530556883E-002           0
         403         404  0.17519688796893346        3.8994197612049461E-002  -1.0593118163205022E-004  0.98389296570559459        2940508.0401707012        240.33769687416094        17.595391571644591       0.41429871202467022                0           0   1599.8307752872768        1.0620212117964840E-003   3.2575906610103703E-004        1106  0.14471348340648799                0
         127         128  0.41687934908818136       0.27898104023835063       -1.0601324713850049E-003  0.99434194081511351        3619474.9262651657        408.83142482301037        13.018238507626894       0.29995492640698496                0           0   1299.7231237899509        2.4997052625840904E-003  0.25000000000000000              830  -2.3472519978018774E-003           0
         217         218   8.1228311512873880E-002   6.5270211912634449E-002  -8.4864059256294254E-005  0.97696892315676265        3390006.8490829859        232.81876606981328        16.573064326237191       0.73248719471134449                0           0   1387.7008121435813        1.4110585494170628E-003  0.50000000000000000              920  0.32161605861173348                0
         143         144  0.25022565110097550       0.15769561095085233       -3.9893226177458845E-004  0.97378367469115990        4047244.7606835263        368.61381757316616        8.7411472934222996       0.64621009312369448                0           0   1162.3500766111972        2.2305190603367172E-003  0.50000000000000000              846  0.21797452655604321                0
          61          62  0.16574606629006447        5.1105325148539382E-002  -1.0680914848388477E-004  0.98146224652464376        3985102.7316611102        295.54272204541036        6.5320599893837290       0.44493535935342560                0           0   1180.4752786595950        1.7952874583487142E-003  0.50000000000000000              764  0.28014856384372533                0
          29          30   9.2064989403419284E-002   3.8673592252436655E-002  -4.8326417632826574E-005  0.98790084533106615        4595724.3541263249        274.56410217347485        6.0431014726087691       0.83284962527922857                0           0   1023.6286807368981        1.6733196375634911E-003  0.25000000000000000              732  0.51034329878350371                0
         405         406   8.7236661288412828E-002   5.5735761705262711E-002  -1.4072219982536795E-005  0.99445045527554632        44632234.652881853        1287.6258805654079        9.8975067136952433       0.68675125456621622                0           0   105.40174145954420        7.8733128566099032E-003  0.50000000000000000             1108   1.2956623298624454                0
          45          46   8.6894120985331738E-002   8.6164685909330241E-002  -8.2040856412477007E-005  0.98387083180607882        5506893.1944410549        340.10174038637848        7.2224196489396260       0.64811762895122604                0           0   854.25939664011355        2.0685513436049150E-003  0.50000000000000000              748  0.47188194056326488                0
         161         162   9.3309048906446132E-002   9.2827486138433946E-002  -9.1370485597445692E-005  0.98843956262210741        5621407.1905390797        353.27569156719198        6.8617987676120684       0.46808624686026162                0           0   836.85723132851911        2.1187631960259464E-003   3.0106605955504042E-005         864  0.12668347400726893                0
         289         290  0.10428359770713377        2.3242149003040714E-002  -2.7029305560490621E-005  0.98098914623122424        6248221.1020238530        334.17713766021086        17.658102227333909       0.16275833611157681                0           0   752.90473573686347        6.3727481065889630E-004   6.4514655265396370E-004         992  -4.6554749939650135E-002           0
         115         116   9.5073144526220191E-002   4.6025486525321645E-002  -4.6726263478262970E-005  0.98361077625756288        6339435.9430684811        348.99124241529205        13.218100462873235       0.48529925926301926                0           0   742.07158174513086        2.1223306805025111E-003  0.25000000000000000              818  0.16990692322858922                0
         223         224  0.13901763968801717        6.0776114313866474E-002  -7.7058538279548965E-005  0.98945978080507690        6749185.8361072531        408.60286763044064        4.2988676101581085       0.32651104149071913                0           0   697.01966605768916        1.6209058917211641E-003   2.0469806654083552E-004         926  0.10025326290241011                0
         199         200  0.11230093762090229        4.7925291740752780E-002  -4.9845320530023470E-005  0.98557578802919299        7365259.5215128316        402.38621163417127        9.2719165248974047       0.40003113590174189                0           0   638.71683596540686        2.4494184751019071E-003  0.50000000000000000              902  0.76407183792105349                0
         373         374  0.15845034820673778       0.15233439132851201       -1.7085676971722002E-004  0.97952111615860005        7914579.3668029699        526.47566817044526        3.9877881233670487       0.40149586102825452                0           0   594.38601088222242        2.4253070217539721E-003   2.5083518093347707E-005        1076  0.10729680788495000                0
          69          70  0.10464422723177559       0.10349050793134676       -8.6377732787562200E-005  0.98042651398566583        8085705.8082159301        467.23280664956275        12.530549781972018       0.16635859627382255                0           0   581.80638391081243        2.8368343572848856E-003  0.50000000000000000              772 -0.16231852600067775                0
          51          52  0.11606384615255892        9.5064690585184505E-002  -1.2276543213329298E-004  0.98205345115529663        4872545.5793825211        334.93415447263214        5.1244795410183865       0.45496648454170047                0           0   965.47383313362923        1.9892380511386115E-004  0.50000000000000000              754   6.4389824980640359E-002           0
         267         268  0.11152016154947933        1.9237634443879208E-002  -2.0555826554889226E-005  0.97570979726193485        7748017.6751340972        388.94612525646278        2.5350282168980685       0.54595801946198708                0           0   607.16372301813874        7.5332641244991571E-004   6.6401512913342921E-004         970  0.15278365513085659                0
         367         368  0.20322917187314732       0.17631903439505672       -1.9839317208248422E-004  0.98268545677447494        10353174.748075929        673.09731935886145        13.405486424811709       0.52340886169210654                0           0   454.38383608071825        1.3584603737205605E-003   2.7695596674479739E-004        1070   1.5336409278314591                0
         305         306   8.5255713978393793E-002   1.6586699482616780E-002  -1.1931200371230782E-005  0.97557216214542408        10624387.113807641        441.69112072417624        11.670675643758507       0.25143234863452080                0           0   442.78462439785847        2.6751951435917505E-003  0.50000000000000000             1008   7.7507867679225489E-002           0
         325         326  0.14296285691723640        1.8018411898666035E-002  -1.7591034512000332E-005  0.98525910189351285        11605238.715074902        545.71725305743564        8.2909001981880142       0.38251581618961161                0           0   405.36135215676182        1.9976652747874619E-004  0.50000000000000000             1028   2.6750862325538447E-002           0
         119         120  0.12744757891135747        8.2887871857059842E-002  -6.3848789170769046E-005  0.98269985033698937        12193204.574003790        616.57973866081329        10.024115687207486       0.25319064464719887                0           0   385.81451078697370        3.7479255214838184E-003  0.50000000000000000              822   6.8157204173550590E-002           0
         133         134  0.13034205300579016        4.8697333779162973E-002  -3.8327362934595064E-005  0.98105135404075661        13234762.149051201        617.16336452198584        5.3621385168126610       0.49227255937465619                0           0   355.45143952451116        3.3285198241967714E-003   6.2428670937749191E-004         836  0.21067239142354544                0
          17          18   8.8310858010865509E-002   3.6165089814597706E-002  -2.2321003472730643E-005  0.98140412768925933        12747100.610456508        533.22349031307033        9.3835118497562373       0.35790596925524953                0           0   369.04982563531280        3.2391129273980847E-003  0.50000000000000000              720  -4.3167885622151722E-002           0
         275         276  0.13196141201412448        6.9014568623332620E-002  -4.7733942377810463E-005  0.97886326715181116        15446773.956651371        711.01663763487420        9.7316472927325641       0.42413001686285945                0           0   304.55001612936064        4.1851432896206969E-003   6.5453327369989359E-004         978  0.37036053325250173                0
         221         222  0.10685030920939192        6.9974509155263417E-002  -3.1625349329335711E-005  0.98461034877569664        22715279.625452060        881.04816035896908        13.098787679166060       0.21359869451473956                0           0   207.09915683246371        4.8730664589011841E-003   4.5689292198546211E-005         924 -0.19872807438535950                0
         157         158  0.17882018552997023        8.7937108552675433E-002  -4.2075833643717255E-005  0.98507031046052373        36757423.917023197        1392.7569341781088        5.5936167632762475       0.37108903997040749                0           0   127.98272447667607        8.0608806433317363E-003   3.9415914602920749E-004         860   5.9416675658736668E-003           0
         145         146  0.11284151051838727        7.1741434973604884E-002  -2.4259728715215407E-005  0.99379548869939904        37282322.426957995        1243.5760410841590        10.704076836842933       0.41402989852508343                0           0   126.18085332160477        7.3838692014631642E-003   2.2808275326289312E-004         848  0.14783350659149946                0
         399         400  0.17014458503807270        6.6018282057290864E-002  -2.6984192383157207E-005  0.99072583427481309        45922213.336638980        1551.2873903968748        11.717925156515374       0.22203723422672914                0           0   102.44095211960160        6.4355507641551983E-003   9.4623442125528630E-005        1102 -0.12819979583848612                0
         265         266   8.4095384718170976E-002   3.6296916915751078E-002  -2.5179289056294275E-005  0.98201216174664840        10108053.301035717        451.77039900769938        2.9408438875961935       0.51707580822188892                0           0   465.40269600307084        1.7354222199261829E-003   1.3253406097364648E-004         968  0.21586702198572066                0
