 1021665   1   373 177   0      1.7   7.73   4.63  7.696     0.0  -0.2148   0.0000
  -1.117539   0.000000   0.245505   0.096985  -0.663599   0.060150   0.000000   0.000000   0.000000   0.000000
   0.00000   0.00000   0.13689   0.02879   0.00000  -1.11754   0.00000   0.00000  -0.87203   0.66276   0.19180   0.00000   0.00000
 NAME(I1)    NAME(I2)    M1[M*]                    M2[M*]                    EB[NB]                    ECC                       P[Days]                   SEMI[AU]                  RI[PC]                    VI[km/s]                  K*(I1)      K*(I2)      ZN[NB]                    RP[NB]                    STEP(I1)[NB]              NAME(ICM)                 ECM[NB]                   K*(ICM)      
           3           4   8.7970317491499028E-002   4.9196061553816367E-002  -9.2897646351125171E-004  0.98018963898304645        71340.815372945974        17.361255191394889        7.1274089801452414       0.20856473093830658                0           0   65941.428242054317        1.0539810829294615E-004  0.50000000000000000              706   6.7107178172895895E-002           0
          59          60  0.52934127945164156       0.11516011942956719       -3.1001072744619322E-002  0.99635260950274573        9025.0375450904266        7.3279160146024838        12.728053316474410       0.91842903763271100                0           0   521251.59969045070        4.4850020571511419E-005  0.50000000000000000              762   1.3849288352171758                0
          63          64  0.11284127030153632        5.3401276685359052E-002  -1.4468849236327175E-003  0.97984293960292113        54774.265105649982        15.520472950299069        10.187983908015106       0.36616304373539094                0           0   85885.502043175962        9.4206442072616631E-005  0.25000000000000000              766  0.19061528908706415                0
          83          84  0.10272953417562042        4.1373672231505683E-002  -1.2819188696754095E-003  0.97370419826673227        41789.837138321200        12.356008093958177        14.220283436196391       0.42087674264360947                0           0   112570.79662870750        7.4766174595093939E-005  0.50000000000000000              786  0.30827127745287430                0
         131         132   8.4797441590329786E-002   6.4637458177469395E-002  -7.7121942017657882E-004  0.98912831439601701        128788.41655396212        26.485513546867381        9.2044757329773947       0.46043686936675282                0           0   36527.471829531067        1.6151620773559698E-004   7.8125000000000000E-003         834  0.11728953936904665                0
         137         138  0.13717930409073115       0.13193897190263901       -4.0334545728335997E-003  0.97817964388784162        48147.574536657077        16.722602131164937        9.5494628117008915       0.31995650434383305                0           0   97706.173216745112        1.0141787278782275E-004  0.50000000000000000              840  0.59684375003933610                0
         167         168  0.11739175763496201        6.6852661947444644E-002  -1.3371095085191684E-003  0.97921691183512483        87047.450602289726        21.873015901955345        10.837694442084990       0.70155924249454538                0           0   54043.113555826756        1.3272323952673876E-004  0.25000000000000000              870  0.41158817520446661                0
         177         178  0.17518944591650459       0.15841447355487015       -4.8844045916293037E-002  0.97081544669269548        1948.4551180766894        2.1174370246531056        4.3133309420857406       0.79609197156493305                0           0   2414382.1502485364        1.2793853451865820E-005  0.25000000000000000              880  0.48200671522339023                0
         181         182  0.16494482085752635        4.8117280213717237E-002  -2.2342341753636167E-003  0.98308070947828008        38113.841390388654        13.238244572811659        6.1613916717525248       0.33795255183763212                0           0   123428.00111539195        8.0485139620415977E-005  0.50000000000000000              884   3.0439745455365610E-002           0
         193         194  0.13607741833753259        1.4509867592654014E-002  -3.3139095177587647E-004  0.98026160729439438        98477.807758994706        22.203845682541278        13.355756391080664       0.78784988742080098                0           0   47770.308506030713        1.3480179630591914E-004  0.50000000000000000              896   1.0802069593891019                0
         195         196  0.23980714281985319       0.16746154432118399       -1.7866781603804005E-002  0.96643523058497638        13874.745800257982        8.3762612435180923        13.126021100868604        1.0264084655422301                0           0   339055.96004197007        5.0498069052990366E-005  0.50000000000000000              898  0.79332696016813320                0
         207         208   9.9440827635248155E-002   5.0100703362626467E-002  -8.7683211256005204E-003  0.98112175417415370        2910.2243960466299        2.1174416066239212        3.2236684384504999       0.72385210747853868                0           0   1616478.5313583727        1.2860786271453537E-005  0.25000000000000000              910  0.45415203477707644                0
         225         226  0.11258739991983015        4.7810171057872303E-002  -9.4939383745014589E-004  0.98185672257896206        88575.957032427817        21.129198100363176        13.387885070927611       0.73749135265622767                0           0   53110.521356517827        1.2838083044770557E-004  0.50000000000000000              928   1.0219005252360824                0
         235         236   9.9158490776633662E-002   3.5661683213779022E-002  -5.1301121046354124E-003  0.96614283730650707        4095.4263718306088        2.5687641194955386        6.2506912696190620       0.33387377603725660                0           0   1148675.3345151674        1.5484037106406675E-005   3.1250000000000000E-002         938   8.7058616387464802E-002           0
         249         250   8.3325272192247987E-002   6.4931060179189190E-002  -5.9417119074347373E-003  0.97581540753508467        5929.7866670524481        3.3934150410168407        15.101307890632159       0.41945310205799224                0           0   793336.34104971308        2.0555510157367267E-005  0.25000000000000000              952   1.2425683741781690                0
         271         272  0.13618545113931463       0.10282415591629936       -1.7643068358636144E-003  0.98806680624688603        120181.93023047518        29.578155387187675        4.7885685483568876       0.48106266081861226                0           0   39143.282593508091        1.8027976026539725E-004  0.50000000000000000              974   9.3269688390052438E-002           0
         287         288   8.8414603939471620E-002   4.2704642040310346E-002  -5.8515194294090581E-004  0.98093659039144399        118941.02246670357        24.046383900145148        4.1296479303113980       0.59857225547331672                0           0   39551.663169548527        1.4603779329379048E-004  0.25000000000000000              990  0.19562149692671410                0
         291         292  0.10251315781699964        2.9651563345757474E-002  -1.1831110334550475E-003  0.98075559013170377        29765.556837160901        9.5746088155111213        8.5073413951404859       0.58848936607580637                0           0   158045.59892431262        5.8142920318824777E-005   3.1250000000000000E-002         994  0.23387403741698135                0
         303         304  0.77980953382043972       0.33783563817501155       -5.2382472905160467E-002  0.97671789874474535        28033.625192942258        18.742492285908785        7.5739970185555734       0.63308416300019343                0           0   167809.73653129677        1.1358394461059082E-004  0.25000000000000000             1006  0.23161905179792974                0
         311         312  0.16827131513595273       0.11782564957455051       -9.1314488263872420E-003  0.97485864189666582        15717.300866973132        8.0915100549741776        13.084112910716689       0.15445867539904481                0           0   299308.08714936365        4.8990345746074786E-005  0.50000000000000000             1014 -0.12948883440746906                0
         321         322  0.12252965187021556        4.0765808550071510E-002  -1.0952504619379879E-003  0.97557453106160041        63331.226025514967        16.995860241612995        15.101237485157325       0.41406173828832737                0           0   74281.133539866772        1.0293936416602254E-004  0.50000000000000000             1024  0.71932855572328125                0
         323         324  0.13577855073708561        2.1714876777924844E-002  -1.0672784058174505E-003  0.97737634574565457        30402.145619620234        10.295090097572151        11.372319501516776       0.66858753975157892                0           0   154736.29119810546        6.2411468000077191E-005  0.25000000000000000             1026  0.36418024122706683                0
         337         338  0.14234346256931027        4.8688670540606271E-002  -2.7220309402593351E-003  0.98436219341894415        24424.438780536861        9.4883723855236379        14.655026267667374       0.40495438439399617                0           0   192606.89262565569        5.7724153992768256E-005  0.50000000000000000             1040   1.4562414834075506                0
         363         364   8.0030474895858961E-002   2.5241398542184282E-002  -3.2505135387658957E-004  0.96900162088983910        125469.53716214608        23.159872534501439        12.985334687433072       0.71241129746178244                0           0   37493.684634903126        1.3980643129274424E-004  0.50000000000000000             1066  0.54680507193930383                0
         371         372   9.0756420354949963E-002   8.9399293653254358E-002  -1.4941626717007766E-003  0.97790038526241019        78336.750524128642        20.236383406048532        10.160247660107689       0.47506749126262465                0           0   60052.468683849453        1.2271064128272370E-004  0.50000000000000000             1074  0.26869084901589912                0
         383         384   9.3433970454860987E-002   6.5975786712685114E-002  -2.9999592269293533E-003  0.97176827062077331        19385.313257799193        7.6576121486429507        14.147589704087354       0.46467980363842959                0           0   242674.19334851863        4.6290742961604388E-005  0.50000000000000000             1086  0.46653923958169818                0
         395         396  0.10118924464727580        7.2387835402996439E-002  -4.0679476328368365E-003  0.98184110250843104        15239.121285685993        6.7103307468978812        9.6798973735273801       0.49386732782143083                0           0   308699.90266850201        4.0771591993552411E-005  0.50000000000000000             1098   6.1594002769342251E-002           0
         401         402  0.11008182267075275        8.1520559788653676E-002  -2.1754919003101718E-003  0.98946501741247106        50292.904508829961        15.372504553420699        10.641862052665255       0.41402077898013279                0           0   93538.349069078395        9.3761781152373525E-005  0.50000000000000000             1104  0.13780106089579630                0
         219         220   5.9461379470541447        2.5291364086335988      -0.75299076982192070       0.98221912150944157        80559.862777643633        74.428097414589246        9.6667299713947603       0.18538318447303329                0           0   58395.273967004177        4.5230718866207646E-004  0.50000000000000000              922  0.12482920542496752                0
         159         160  0.52009082554844766       0.13749382338007102       -6.8562166579241961E-003  0.98252657550525302        109146.58921206869        38.868446659729038        6.1837999551441127       0.57748098630124445                0           0   43100.891119047374        2.3624417772278330E-004  0.25000000000000000              862  0.18026998804105074                0
           1           2   2.0244841138268650       0.61000484406818434       -7.0741485713423660E-002  0.98738152934187551        118081.33591071346        65.056817812538299        12.278078993372640       0.49349161109988987                0           0   39839.617509086311        3.9638661146352313E-004  0.50000000000000000              704  0.12671029916324833                0
         283         284  0.18094602805437388        8.1870494517192083E-002  -1.6064068193646895E-003  0.97697797871714775        143540.44546752289        34.366892541613126        6.5103949925309195       0.28343522383980441                0           0   32773.447527785116        2.0829891525217590E-004   6.2500000000000000E-002         986  -5.1464700348737902E-002           0
         185         186  0.24628085064239766        6.9358336926096664E-002  -1.8551080494142963E-003  0.99057546901522908        130681.44545928008        34.314639623851313        11.504733497809688       0.52524335939542910                0           0   35998.341165507023        2.0941269287605858E-004  0.50000000000000000              888  0.21742122312454240                0
         191         192  0.17819880543248182        5.0730547014061628E-002  -8.9966543292994278E-004  0.98450778698896024        174927.64032278312        37.446621017460309        14.544581919272286       0.62968187570981737                0           0   26892.921261409472        2.2782970840593575E-004  0.25000000000000000              894  0.46978283318626163                0
          71          72  0.16939743337267674        2.6319217633798585E-002  -4.7647967898261517E-004  0.96976219828091648        170003.73667627125        34.870225322542275        10.118885538270840       0.27668894983518422                0           0   27671.834452691655        1.5082883319385277E-004  0.25000000000000000              774 -0.11760233675414412                0
          53          54  0.10539273585624893        8.3691576402142989E-002  -9.4861616487088496E-004  0.98840746126056767        171334.30925667207        34.651436372167325        11.485131861744293       0.24785883602340245                0           0   27456.936547351612        2.1096666920612941E-004  0.50000000000000000              756 -0.17203777481397242                0
         245         246  0.10614450888457336        7.9534736728126665E-002  -8.8338078697462622E-004  0.97533507163214717        180155.36208468804        35.614411017835778        13.021439115068738       0.15073504777050958                0           0   26112.546433302068        2.1568078356416255E-004  0.50000000000000000              948  0.11123881593959843                0
         331         332  0.12214104311112879        9.8521910482032543E-002  -1.1537755047203683E-003  0.97154055198387024        188414.45473505274        38.868024797675822        12.168086490368957       0.28970760593664524                0           0   24967.910579153504        2.3493249830021899E-004  0.50000000000000000             1034   6.9174128360485060E-002           0
         203         204  0.10958957416913398        5.6611292613942377E-002  -6.2817234305771752E-004  0.98494187057407623        200051.97130642890        36.805509599966030        12.081709184752999       0.12467914011353484                0           0   23515.465640870621        1.6988547057778460E-004  0.50000000000000000              906 -0.16872841236359526                0
          21          22  0.17137201111473407        1.8580527211685235E-002  -2.8964617018065918E-004  0.97725619083110171        219756.57682243298        40.968444197440832        7.3441190432864847       0.24026232255174362                0           0   21406.937283364805        1.8343950172520064E-004  0.25000000000000000              724   6.8385512130520243E-002           0
         369         370  0.35577330781196675       0.28758888866695975       -6.5923629871082615E-003  0.96841922705639494        200307.85819162280        57.839387851881206        15.314777825784486       0.41631822295295257                0           0   23485.425385280789        3.4904883910831302E-004  0.50000000000000000             1072   1.5692004426529675                0
          77          78   9.3430964505624117E-002   2.0354482771848002E-002  -1.6334883162896549E-004  0.97425183352183942        309441.22681298596        43.386459025179242        13.258052714723378       0.57115375307255156                0           0   15202.613129787858        1.8457846561722538E-004  0.50000000000000000              780  0.84443849521693415                0
         315         316  0.30834333591613694       0.21242803698149326       -3.5544000840579989E-003  0.96932722246065328        288048.63087816222        68.675120176768687        11.231871240011523       0.40874073801974153                0           0   16331.670257563481        4.1463143421502049E-004   3.1250000000000000E-002        1018  0.21704607410864482                0
          89          90  0.20842321107894346       0.10223825271363279       -1.3435582502014560E-003  0.98702482580270168        297769.38109927031        59.104743533761280        9.4775194188392220       0.75688730398269632                0           0   15798.519109916271        3.6005640583131949E-004  0.50000000000000000              792  0.39934922808370638                0
         155         156  0.50373356431637750       0.18870347651975347       -4.6345267489272665E-003  0.98128177235206437        293320.33962033020        76.435433608783669        12.377869626380384       0.73709699467452239                0           0   16038.148816184937        4.6428632181207922E-004  0.50000000000000000              858  0.45988246289126272                0
         187         188  0.16652052450678573        4.4390738220572948E-002  -5.1200105471243477E-004  0.98740860044556455        313872.49940009229        53.803263366689940        9.0725092997979075       0.66663750947067291                0           0   14987.981637882163        1.5401396217716847E-004  0.50000000000000000              890  0.29354844457602475                0
         255         256   8.3811449474318997E-002   3.0344259974373743E-002  -1.9498774621546684E-004  0.99476358635673934        366335.73421504453        48.606227887337262        12.836775580097022       0.45333730584307613                0           0   12841.540746017587        1.7373772739312873E-004  0.50000000000000000              958  0.23846914204875697                0
          93          94   8.5361728603296438E-002   7.1347741082274679E-002  -4.1080252103106030E-004  0.97812880800934654        378910.90214675880        55.249666982163497        13.810237442629884       0.47101474434275176                0           0   12415.359998859836        1.7179347800011020E-004  0.50000000000000000              796  0.35152533834153871                0
          95         546  0.62290701776509083       0.52092362269304604       -3.7742869403766376E-003  0.93637099969355975        1958537.5747260763        320.39202516460102        11.517430963702104       0.51695753145285928                0           0   2401.9530277853951        1.3013760522359924E-003   1.7058281234965237E-003         798  0.31691212977662786                0
          67          68  0.52597586808430075       0.46375414949012228       -9.5351984985231255E-003  0.98266064699714351        341740.68956755206        95.332992401100725        15.343855673735799       0.45655312669694592                0           0   13765.745201713413        5.7947742737167690E-004  0.50000000000000000              770   7.0813414601700764E-002           0
         213         214   8.6717284611907239E-002   1.7710005955573944E-002  -1.1427078035879827E-004  0.98213695314694749        400632.33674856107        50.085097135765906        7.6916054902036928       0.34362286461616581                0           0   11742.225542311169        1.5552041722878169E-004  0.25000000000000000              916  0.15309152578020560                0
         313         314  0.11479116130453372        5.7685466757393881E-002  -3.9453446450446250E-004  0.99253727403468150        435049.79924732697        62.547398305763593        5.6154837915633031       0.43565643754133559                0           0   10813.279918261374        1.7042172232509015E-004  0.50000000000000000             1016   7.7348923801900227E-002           0
         365         366  0.29906545429998188       0.27572229150032296       -3.4223050706489746E-003  0.97703614846779008        409915.73603235272        89.792227251814452        13.313738434922564       0.29826755995880450                0           0   11476.298283102440        5.4424978456707430E-004  0.50000000000000000             1068 -0.23621713545061973                0
         201         202  0.41909726131645580       0.36316033186407948       -5.4401348907038797E-003  0.97784193266974673        439642.50440806977        104.26124217537117        11.192336777621197       0.38788260494486565                0           0   10700.319487940789        6.3220712582260643E-004  0.50000000000000000              904   7.2016416260482607E-002           0
         171         172  0.11855449161888632       0.10910379859810015       -6.3808363105355751E-004  0.99690688946593098        502629.43037454027        75.543937317710842        5.5421388172540667       0.23558496578569502                0           0   9359.4106778413025        1.6222029374787257E-004  0.50000000000000000              874  -7.4044628142849206E-002           0
         347         348  0.19457293008789711        9.8264029982305379E-002  -8.4213227326918961E-004  0.97623178622328566        525292.62380639045        84.608893442837001        3.9035240522785197       0.37822785625846295                0           0   8955.6088253366652        5.1262384884362530E-004  0.25000000000000000             1050  0.15727613239592841                0
         343         344   9.9716206803828866E-002   3.9838043689421537E-002  -1.9541286924161294E-004  0.98547806040898511        644708.77578794607        75.758248904357316        15.731427187219582       0.56093341112919692                0           0   7296.8066114739531        4.6110969753691106E-004  0.50000000000000000             1046   1.7381351633699893                0
          99         100  0.11123848720615616        3.9011678252708890E-002  -1.9764343022701515E-004  0.98119635498491209        697449.45099556562        81.825121918085514        11.774124663013568       0.54629296776930569                0           0   6745.0268272914218        1.9609050585244134E-004  0.25000000000000000              802  0.13348935922779198                0
         391         392  0.13558686976987694        5.7578981684498085E-002  -2.5446740011902898E-004  0.98428057182237338        1015963.8259505472        114.33226250480101        11.613426722189187       0.30775775698416818                0           0   4630.3964151906221        1.9855493643177781E-004  0.50000000000000000             1094  0.10379496685191288                0
         385         386  0.12648191059682606        5.9749107023494945E-002  -2.5030111744847215E-004  0.99192399726360403        1010156.8010307509        112.51654391747591        13.324415225899211       0.27625938313219939                0           0   4657.0148840700185        1.9971473045980897E-004  0.50000000000000000             1088   7.6892138652532756E-003           0
          41          42  0.11122608390456809        8.6847116325004775E-002  -3.0034655602715249E-004  0.97689552612968544        1076875.4069236529        119.85571002551679        3.7327426748922785       0.83499936086921045                0           0   4368.4861102769009        1.9934720720389158E-004  0.25000000000000000              744  0.52060418238200201                0
         345         346  0.55774375829353751       0.47607345656862060       -4.7923803546830179E-003  0.97923176074338625        1065819.0059203701        206.47940675782556        2.1104229536795995       0.25461213151153089                0           0   4413.8031237137029        1.2529054742208931E-003  0.50000000000000000             1048  -4.2284165735771442E-002           0
          73          74  0.94128231410560004       0.69908498357263338       -1.0547991353088345E-002  0.98595090542721642        1010924.7705775029        232.48741209934116        12.259367689174754       0.54028181226730465                0           0   4653.4770880699325        1.4155097427745917E-003  0.50000000000000000              776  0.38511800905857474                0
         285         286   8.9462339041284894E-002   4.2834040765278178E-002  -1.2838168338598593E-004  0.97556116315563901        1178106.6063545495        111.23605151706303        9.9373211557194043       0.66899874328158870                0           0   3993.1150816660524        1.4410236536712358E-004  0.50000000000000000              988  0.22745432616674391                0
         293         294  0.55382231722128972       0.12326253909399966       -1.3046202120956597E-003  0.97555013427591697        1208714.8768618368        195.00098063437505        12.369022187691005       0.55135502141103798                0           0   3891.9974823661364        1.1809822740092247E-003  0.50000000000000000              996  0.92302502018909971                0
         123         124  0.67985937278035102       0.12376754478802159       -1.4259437356367586E-003  0.97763450747397851        1328700.8239903566        219.90890269502705        11.004046178283829       0.58134534586368847                0           0   3540.5376234484115        1.3330674591925293E-003  0.50000000000000000              826  0.32050900054112658                0
           7           8  0.10772050310063933        1.1526931384030817E-002  -3.7943697728780554E-005  0.99082248886431246        1424470.1409572540        121.95279694780302        10.217321199314172       0.46823556370230873                0           0   3302.5018372680170        1.6260639909577266E-004   6.2500000000000000E-002         710  -9.7123291713635262E-003           0
         355         356  0.32294731613854971       0.22153041596011064       -1.4146791448691402E-003  0.98835597978780254        1280677.5733209376        188.46314208734015        4.4531766698126303       0.43843111850675320                0           0   3673.3018174480535        1.1488556879049804E-003  0.50000000000000000             1058   6.7357942869390355E-002           0
          85          86   8.0567479673496034E-002   7.0359839832317903E-002  -1.6540594186675728E-004  0.98642166572395873        1357017.8794508749        127.71821781941760        7.3393555198071683       0.31819514280999489                0           0   3466.6567986181526        1.9401392259058692E-004   6.2500000000000000E-002         788  -5.6283154895586898E-002           0
         387         388  0.11696728908539532        8.3148869844046139E-002  -2.2937385602103249E-004  0.96119467929754643        1621785.5961098776        158.01422871639795        7.4622766641405089       0.52893912703460744                0           0   2900.7010969445314        4.8084380985463415E-004   1.4433651462136585E-005        1090  0.12033887435149411                0
         103         104   9.4240900685283069E-002   8.1646476448274677E-002  -1.9581474411928143E-004  0.97430932578693863        1543295.6101144454        146.43699954217337        6.9450328405538881       0.15574284264748164                0           0   3048.2269416265021        8.8618227905427590E-004  0.25000000000000000              806  -4.9783098090762132E-002           0
          65          66   8.1196656538748205E-002   3.2700733033609646E-002  -6.2627861262289943E-005  0.98184767372588766        2149336.5504112290        157.99647215383459        10.971914712216609       0.56000805774044793                0           0   2188.7290088398181        1.9363885980735446E-004  0.50000000000000000              768  0.17592431423596541                0
          15          16  0.12041882448822794        4.7134796559794988E-002  -1.1370748620294229E-004  0.97825164521118502        2263928.7909641471        186.02285177799217        11.915558709026833       0.60152295147467993                0           0   2077.9431210119114        1.1281688166013199E-003  0.50000000000000000              718  0.17951985212112803                0
         243         244  0.10897784068549871        6.2870305948584129E-002  -1.2688985103554134E-004  0.99345305026723485        2514966.0648626112        201.22235189126619        13.490063401341697       0.37765163489784326                0           0   1870.5283237695505        1.2297376519750148E-003  0.50000000000000000              946   7.3533712105301047E-002           0
         265         266   8.4095384718170976E-002   3.6296916915751078E-002  -2.5179296842650941E-005  0.98201182580866186        10108048.612368122        451.77025930381967        6.5366548155843880       0.51910071104085420                0           0   465.40291188237882        2.6228160772766404E-003   3.2698371981898939E-004         968  0.21588770138323043                0
         127         128  0.41687934908818136       0.27898104023835063       -1.0601324713850049E-003  0.99434194081511351        3619474.9262651657        408.83142482301037        10.914991810553779       0.30256771280901940                0           0   1299.7231237899509        2.4997052625840904E-003  0.25000000000000000              830  -2.3608361857966192E-003           0
         217         218   8.1228311512873880E-002   6.5270211912634449E-002  -8.4864059256294254E-005  0.97696892315676265        3390006.8490829859        232.81876606981328        13.597301014262934       0.72987823554355524                0           0   1387.7008121435813        1.4110585494170628E-003  0.50000000000000000              920  0.32160160118988124                0
         143         144  0.25022565110097550       0.15769561095085233       -3.9893226177458845E-004  0.97378367469115990        4047244.7606835263        368.61381757316616        10.469357857464953       0.64675345559177977                0           0   1162.3500766111972        2.2305190603367172E-003  0.50000000000000000              846  0.21777342831364035                0
          61          62  0.16574606629006447        5.1105325148539382E-002  -1.0680914848388477E-004  0.98146224652464376        3985102.7316611102        295.54272204541036        8.0077297789921040       0.44601715038400108                0           0   1180.4752786595950        1.7952874583487142E-003  0.50000000000000000              764  0.28018480001594570                0
          29          30   9.2064989403419284E-002   3.8673592252436655E-002  -4.8326417632826574E-005  0.98790084533106615        4595724.3541263249        274.56410217347485        6.9592178017982311       0.83385182257665069                0           0   1023.6286807368981        1.6733196375634911E-003  0.25000000000000000              732  0.51033593092323304                0
         405         406   8.7236661288412828E-002   5.5735761705262711E-002  -1.4072219982536795E-005  0.99445045527554632        44632234.652881853        1287.6258805654079        12.716662661383539       0.69099671981066113                0           0   105.40174145954420        7.8733128566099032E-003  0.50000000000000000             1108   1.2957134671028021                0
          45          46   8.6894120985331738E-002   8.6164685909330241E-002  -8.2040856412477007E-005  0.98387083180607882        5506893.1944410549        340.10174038637848        8.9816892956649799       0.64980857589649332                0           0   854.25939664011355        2.0685513436049150E-003  0.50000000000000000              748  0.47186822454505817                0
         161         162   9.3309048906446132E-002   9.2827486138433946E-002  -9.1368375866471190E-005  0.98841493629874499        5621601.8923473116        353.28384883891727        9.2627984733180266       0.46080060712255749                0           0   836.82824713161358        6.1351138039067443E-004   1.6089055875227176E-005         864  0.12093222516699784                0
         289         290  0.10428359770713377        2.3242149003040714E-002  -2.7029398364527653E-005  0.98098917542913022        6248188.9226369699        334.17599028034539        13.352910181681043       0.16258066817532529                0           0   752.90861334253088        1.6238853108463578E-003   1.0158241393371994E-003         992  -4.6647284182007469E-002           0
         115         116   9.5073144526220191E-002   4.6025486525321645E-002  -4.6726263478262970E-005  0.98361077625756288        6339435.9430684811        348.99124241529205        9.9687903276330729       0.48692183828613689                0           0   742.07158174513086        2.1223306805025111E-003  0.25000000000000000              818  0.16990451244995783                0
         223         224  0.13901763968801717        6.0776114313866474E-002  -7.7057633683182754E-005  0.98945894960478309        6749304.6817025878        408.60766430861025        8.0917836227394737       0.32468377352126770                0           0   697.00739253899667        2.4844921098762535E-003   2.5431226285697867E-004         926   9.9535322834348447E-002           0
         199         200  0.11230093762090229        4.7925291740752780E-002  -4.9845320530023470E-005  0.98557578802919299        7365259.5215128316        402.38621163417127        10.302290388704300       0.40647177994505423                0           0   638.71683596540686        2.4494184751019071E-003  0.50000000000000000              902  0.76410180678238759                0
         373         374  0.15845034820673778       0.15233439132851201       -1.7085755594393716E-004  0.97952976777340306        7914524.7366764862        526.47324551354870        7.7773164368282837       0.40111498744335483                0           0   594.39011364063606        1.5316647285011928E-003   8.0126029049251799E-005        1076  0.10823492021218460                0
          69          70  0.10464422723177559       0.10349050793134676       -8.6377732787562200E-005  0.98042651398566583        8085705.8082159301        467.23280664956275        10.841446167115151       0.16604126471783104                0           0   581.80638391081243        2.8368343572848856E-003  0.50000000000000000              772 -0.16235034813987623                0
          51          52  0.11606384615255892        9.5064690585184505E-002  -1.2276543213329298E-004  0.98205345115529663        4872545.5793825211        334.93415447263214        2.8473188296538008       0.45516932609016614                0           0   965.47383313362923        1.9892380511386115E-004  0.50000000000000000              754   6.4409460351406836E-002           0
         267         268  0.11152016154947933        1.9237634443879208E-002  -2.0555852202192493E-005  0.97570985648513719        7748003.1744681746        388.94563997280096        4.2615970848593943       0.54634086586900033                0           0   607.16485934683021        1.2535936898101362E-003   8.7541046378786203E-004         970  0.15288806148220524                0
         367         368  0.20322917187314732       0.17631903439505672       -1.9839519885623581E-004  0.98268490224679705        10353016.098904813        673.09044310385616        14.655805365756418       0.52375312980118616                0           0   454.39079903897817        3.5231417078994049E-003   4.4279463736365821E-004        1070   1.5338654036595702                0
         305         306   8.5255713978393793E-002   1.6586699482616780E-002  -1.1931200371230782E-005  0.97557216214542408        10624387.113807641        441.69112072417624        15.630663309465332       0.24972324869626572                0           0   442.78462439785847        2.6751951435917505E-003  0.50000000000000000             1008   7.7347277336463169E-002           0
         325         326  0.14296285691723640        1.8018411898666035E-002  -1.7591034512000332E-005  0.98525910189351285        11605238.715074902        545.71725305743564        5.1528888844563756       0.38354771843325136                0           0   405.36135215676182        1.9976652747874619E-004  0.50000000000000000             1028   2.6770116394937121E-002           0
         119         120  0.12744757891135747        8.2887871857059842E-002  -6.3848789170769046E-005  0.98269985033698937        12193204.574003790        616.57973866081329        7.9776888018664298       0.25286069501197855                0           0   385.81451078697370        3.7479255214838184E-003  0.50000000000000000              822   6.8204490668996365E-002           0
         133         134  0.13034205300579016        4.8697333779162973E-002  -3.8327203329693185E-005  0.98105096874861264        13234844.818862580        617.16593455813984        9.7039784343682669       0.49511470341953528                0           0   355.44921924132217        2.1542653507451125E-003   5.0095905738353720E-004         836  0.21086535612718602                0
          17          18   8.8310858010865509E-002   3.6165089814597706E-002  -2.2321003472730643E-005  0.98140412768925933        12747100.610456508        533.22349031307033        8.3010344635233331       0.35686697246019217                0           0   369.04982563531280        3.2391129273980847E-003  0.50000000000000000              720  -4.3157885578652633E-002           0
         275         276  0.13196141201412448        6.9014568623332620E-002  -4.7734035549177697E-005  0.97886556505248479        15446728.731174516        711.01524981187754        13.453962355030242       0.42505435503864397                0           0   304.55090780163283        4.2967359577163805E-003   6.6264950141744345E-004         978  0.37027995029826777                0
         221         222  0.10685030920939192        6.9974509155263417E-002  -3.1625192053147531E-005  0.98464104377975203        22715449.074717160        881.05254192591838        10.569331587809582       0.21786356002762661                0           0   207.09761194555378        4.8496688834867817E-003   4.5623350470390658E-005         924 -0.19786118381008461                0
         157         158  0.17882018552997023        8.7937108552675433E-002  -4.2075862182224174E-005  0.98506878894916228        36757386.520220228        1392.7559895224006        8.3586583694928063       0.37091594147439427                0           0   127.98285468573563        8.4720393254846312E-003   4.0382805389141743E-004         860   5.5455839446681993E-003           0
         145         146  0.11284151051838727        7.1741434973604884E-002  -2.4259796192356829E-005  0.99379735922698420        37282166.879311986        1243.5725821533533        14.927199098335509       0.41396619956607550                0           0   126.18137976994049        4.9249963565470836E-003   1.8632308314331546E-004         848  0.14767795762397504                0
         399         400  0.17014458503807270        6.6018282057290864E-002  -2.6984269394044711E-005  0.99072560429901291        45922016.749444202        1551.2829631501345        8.9981250369761678       0.22119532597336841                0           0   102.44139065825543        7.7742816097515514E-003   1.0408110191955615E-004        1102 -0.12816349678146194                0
