 1021750   1   373 181   0      1.7   7.73   4.63  7.777     0.0  -0.2148   0.0000
  -1.117539   0.000000   0.245505   0.096985  -0.663599   0.060150   0.000000   0.000000   0.000000   0.000000
   0.00000   0.00000   0.13786   0.02896   0.00000  -1.11754   0.00000   0.00000  -0.87203   0.66276   0.19180   0.00000   0.00000
 NAME(I1)    NAME(I2)    M1[M*]                    M2[M*]                    EB[NB]                    ECC                       P[Days]                   SEMI[AU]                  RI[PC]                    VI[km/s]                  K*(I1)      K*(I2)      ZN[NB]                    RP[NB]                    STEP(I1)[NB]              NAME(ICM)                 ECM[NB]                   K*(ICM)      
           3           4   8.7970317491499028E-002   4.9196061553816367E-002  -9.2897646351125171E-004  0.98018963898304645        71340.815372945974        17.361255191394889        6.6912106771811644       0.21270209345144847                0           0   65941.428242054317        1.0539810829294615E-004  0.50000000000000000              706   6.7268654518058010E-002           0
          59          60  0.52934127945164156       0.11516011942956719       -3.1001072744619322E-002  0.99635260950274573        9025.0375450904266        7.3279160146024838        12.711922500572307       0.92577953450442629                0           0   521251.59969045070        4.4850020571511419E-005  0.50000000000000000              762   1.3849092138917043                0
          63          64  0.11284127030153632        5.3401276685359052E-002  -1.4468849236327175E-003  0.97984293960292113        54774.265105649982        15.520472950299069        10.528641839104832       0.36625928641892219                0           0   85885.502043175962        9.4206442072616631E-005  0.25000000000000000              766  0.19059525558166496                0
          83          84  0.10272953417562042        4.1373672231505683E-002  -1.2819188696754095E-003  0.97370419826673227        41789.837138321200        12.356008093958177        14.406687342999689       0.42655357221431950                0           0   112570.79662870750        7.4766174595093939E-005  0.50000000000000000              786  0.30822399913311466                0
         131         132   8.4797441590329786E-002   6.4637458177469395E-002  -7.7121942017657882E-004  0.98912831439601701        128788.41655396212        26.485513546867381        8.9004311625487560       0.48008494569946686                0           0   36527.471829531067        1.6151620773559698E-004   3.9062500000000000E-003         834  0.13238638645000303                0
         137         138  0.13717930409073115       0.13193897190263901       -4.0334545728335997E-003  0.97817964388784162        48147.574536657077        16.722602131164937        9.3307946692137165       0.33049722413484484                0           0   97706.173216745112        1.0141787278782275E-004  0.50000000000000000              840  0.59689727536622239                0
         167         168  0.11739175763496201        6.6852661947444644E-002  -1.3371095085191684E-003  0.97921691183512483        87047.450602289726        21.873015901955345        11.238511515345722       0.70296652573856844                0           0   54043.113555826756        1.3272323952673876E-004  0.25000000000000000              870  0.41156552987675643                0
         177         178  0.17518944591650459       0.15841447355487015       -4.8844045916293037E-002  0.97081544669269548        1948.4551180766894        2.1174370246531056        3.9595671623078523       0.79597714375085049                0           0   2414382.1502485364        1.2793853451865820E-005  0.25000000000000000              880  0.48223508359010919                0
         181         182  0.16494482085752635        4.8117280213717237E-002  -2.2342341753636167E-003  0.98308070947828008        38113.841390388654        13.238244572811659        5.8000519848399916       0.33967446648975036                0           0   123428.00111539195        8.0485139620415977E-005  0.50000000000000000              884   3.0232688649325823E-002           0
         193         194  0.13607741833753259        1.4509867592654014E-002  -3.3139095177587647E-004  0.98026160729439438        98477.807758994706        22.203845682541278        13.558838494952218       0.79467166465077499                0           0   47770.308506030713        1.3480179630591914E-004  0.50000000000000000              896   1.0787983221275157                0
         195         196  0.23980714281985319       0.16746154432118399       -1.7866781603804005E-002  0.96643523058497638        13874.745800257982        8.3762612435180923        12.840398803237715        1.0291550108492071                0           0   339055.96004197007        5.0498069052990366E-005  0.50000000000000000              898  0.79431757456904850                0
         207         208   9.9440827635248155E-002   5.0100703362626467E-002  -8.7683211256005204E-003  0.98112175417415370        2910.2243960466299        2.1174416066239212        3.0138771561291451       0.72195695767980972                0           0   1616478.5313583727        1.2860786271453537E-005  0.25000000000000000              910  0.45431035669369157                0
         225         226  0.11258739991983015        4.7810171057872303E-002  -9.4939383745014589E-004  0.98185672257896206        88575.957032427817        21.129198100363176        13.559695442433647       0.74641994474226059                0           0   53110.521356517827        1.2838083044770557E-004  0.50000000000000000              928   1.0217856616975367                0
         235         236   9.9158490776633662E-002   3.5661683213779022E-002  -5.1301121046354124E-003  0.96614283730650707        4095.4263718306088        2.5687641194955386        5.7790642914156942       0.33718872932703225                0           0   1148675.3345151674        1.5484037106406675E-005   6.2500000000000000E-002         938   8.9372105010225078E-002           0
         249         250   8.3325272192247987E-002   6.4931060179189190E-002  -5.9417119074347373E-003  0.97581540753508467        5929.7866670524481        3.3934150410168407        15.159606209479946       0.41690196114291578                0           0   793336.34104971308        2.0555510157367267E-005  0.25000000000000000              952   1.2426102849749352                0
         271         272  0.13618545113931463       0.10282415591629936       -1.7643068358636144E-003  0.98806680624688603        120181.93023047518        29.578155387187675        4.9535515576123368       0.47895208079809592                0           0   39143.282593508091        1.8027976026539725E-004  0.50000000000000000              974   9.3391306337523461E-002           0
         287         288   8.8414603939471620E-002   4.2704642040310346E-002  -5.8515194294090581E-004  0.98093659039144399        118941.02246670357        24.046383900145148        3.7120672201904759       0.59812481836707709                0           0   39551.663169548527        1.4603779329379048E-004  0.25000000000000000              990  0.19521289946528278                0
         291         292  0.10251315781699964        2.9651563345757474E-002  -1.1831110334550475E-003  0.98075559013170377        29765.556837160901        9.5746088155111213        9.0035053729267727       0.58852727112253178                0           0   158045.59892431262        5.8142920318824777E-005   3.1250000000000000E-002         994  0.23385637426568806                0
         303         304  0.77980953382043972       0.33783563817501155       -5.2382472905160467E-002  0.97671789874474535        28033.625192942258        18.742492285908785        7.1757077758779593       0.63225407790633725                0           0   167809.73653129677        1.1358394461059082E-004  0.25000000000000000             1006  0.23099172271594715                0
         311         312  0.16827131513595273       0.11782564957455051       -9.1314488263872420E-003  0.97485864189666582        15717.300866973132        8.0915100549741776        13.456367269661754       0.15274103114247822                0           0   299308.08714936365        4.8990345746074786E-005  0.50000000000000000             1014 -0.12968400804386443                0
         321         322  0.12252965187021556        4.0765808550071510E-002  -1.0952504619379879E-003  0.97557453106160041        63331.226025514967        16.995860241612995        15.301917193875413       0.41348564989693570                0           0   74281.133539866772        1.0293936416602254E-004  0.50000000000000000             1024  0.71931658731524428                0
         323         324  0.13577855073708561        2.1714876777924844E-002  -1.0672784058174505E-003  0.97737634574565457        30402.145619620234        10.295090097572151        11.614613988127527       0.67277063762805356                0           0   154736.29119810546        6.2411468000077191E-005  0.25000000000000000             1026  0.36416059565868480                0
         337         338  0.14234346256931027        4.8688670540606271E-002  -2.7220309402593351E-003  0.98436219341894415        24424.438780536861        9.4883723855236379        14.468415526964511       0.40580846012198829                0           0   192606.89262565569        5.7724153992768256E-005  0.50000000000000000             1040   1.4561476889670650                0
         363         364   8.0030474895858961E-002   2.5241398542184282E-002  -3.2505135387658957E-004  0.96900162088983910        125469.53716214608        23.159872534501439        12.841737646909483       0.71429124624595530                0           0   37493.684634903126        1.3980643129274424E-004  0.50000000000000000             1066  0.54686740838359760                0
         371         372   9.0756420354949963E-002   8.9399293653254358E-002  -1.4941626717007766E-003  0.97790038526241019        78336.750524128642        20.236383406048532        9.9898878717916126       0.47977372593156897                0           0   60052.468683849453        1.2271064128272370E-004  0.50000000000000000             1074  0.26883754503393703                0
         383         384   9.3433970454860987E-002   6.5975786712685114E-002  -2.9999592269293533E-003  0.97176827062077331        19385.313257799193        7.6576121486429507        13.814917439428330       0.46140453966595618                0           0   242674.19334851863        4.6290742961604388E-005  0.50000000000000000             1086  0.46646257699285920                0
         395         396  0.10118924464727580        7.2387835402996439E-002  -4.0679476328368365E-003  0.98184110250843104        15239.121285685993        6.7103307468978812        9.4846703750739945       0.49425646388249678                0           0   308699.90266850201        4.0771591993552411E-005  0.50000000000000000             1098   6.1333517653879711E-002           0
         401         402  0.11008182267075275        8.1520559788653676E-002  -2.1754919003101718E-003  0.98946501741247106        50292.904508829961        15.372504553420699        10.280527002129904       0.40909699415341488                0           0   93538.349069078395        9.3761781152373525E-005  0.50000000000000000             1104  0.13794370192407843                0
         219         220   5.9461379470541447        2.5291364086335988      -0.75299076982192070       0.98221912150944157        80559.862777643633        74.428097414589246        9.2574853312004421       0.18306756087910381                0           0   58395.273967004177        4.5230718866207646E-004  0.50000000000000000              922  0.12486269492954208                0
         159         160  0.52009082554844766       0.13749382338007102       -6.8562166579241961E-003  0.98252657550525302        109146.58921206869        38.868446659729038        5.8351369446103449       0.57748036041826756                0           0   43100.891119047374        2.3624417772278330E-004  0.25000000000000000              862  0.17830827985660086                0
           1           2   2.0244841138268650       0.61000484406818434       -7.0741485713423660E-002  0.98738152934187551        118081.33591071346        65.056817812538299        12.660588866317525       0.49549434505776108                0           0   39839.617509086311        3.9638661146352313E-004  0.50000000000000000              704  0.12667203140756483                0
         283         284  0.18094602805437388        8.1870494517192083E-002  -1.6064068193646895E-003  0.97697797871714775        143540.44546752289        34.366892541613126        6.1772019577520147       0.28198330412811767                0           0   32773.447527785116        2.0829891525217590E-004   6.2500000000000000E-002         986  -5.1690326129233126E-002           0
         185         186  0.24628085064239766        6.9358336926096664E-002  -1.8551080494142963E-003  0.99057546901522908        130681.44545928008        34.314639623851313        11.322479147394537       0.52325474587397547                0           0   35998.341165507023        2.0941269287605858E-004  0.50000000000000000              888  0.21737408428546959                0
         191         192  0.17819880543248182        5.0730547014061628E-002  -8.9966543292994278E-004  0.98450778698896024        174927.64032278312        37.446621017460309        14.955575440252632       0.63090206292210738                0           0   26892.921261409472        2.2782970840593575E-004  0.25000000000000000              894  0.46976103961326321                0
          71          72  0.16939743337267674        2.6319217633798585E-002  -4.7647967898261517E-004  0.96976219828091648        170003.73667627125        34.870225322542275        10.190032156308355       0.27775338744900435                0           0   27671.834452691655        1.5082883319385277E-004  0.25000000000000000              774 -0.11747142408993305                0
          53          54  0.10539273585624893        8.3691576402142989E-002  -9.4861616487088496E-004  0.98840746126056767        171334.30925667207        34.651436372167325        11.765380850213033       0.24515034675763148                0           0   27456.936547351612        2.1096666920612941E-004  0.50000000000000000              756 -0.17260118538063068                0
         245         246  0.10614450888457336        7.9534736728126665E-002  -8.8338078697462622E-004  0.97533507163214717        180155.36208468804        35.614411017835778        12.688244356682679       0.14602818453349292                0           0   26112.546433302068        2.1568078356416255E-004  0.50000000000000000              948  0.11129268231407760                0
         331         332  0.12214104311112879        9.8521910482032543E-002  -1.1537755047203683E-003  0.97154055198387024        188414.45473505274        38.868024797675822        12.519346068205362       0.28935987081326520                0           0   24967.910579153504        2.3493249830021899E-004  0.50000000000000000             1034   6.9186171762577242E-002           0
         203         204  0.10958957416913398        5.6611292613942377E-002  -6.2817234305771752E-004  0.98494187057407623        200051.97130642890        36.805509599966030        12.380167152818260       0.12130564140660414                0           0   23515.465640870621        1.6988547057778460E-004  0.50000000000000000              906 -0.16877495901825551                0
          21          22  0.17137201111473407        1.8580527211685235E-002  -2.8964617018065918E-004  0.97725619083110171        219756.57682243298        40.968444197440832        6.9608763088148349       0.24017310632783290                0           0   21406.937283364805        1.8343950172520064E-004  0.50000000000000000              724   6.8922110035306849E-002           0
         369         370  0.35577330781196675       0.28758888866695975       -6.5923629871082615E-003  0.96841922705639494        200307.85819162280        57.839387851881206        15.178697335088369       0.41954128165351606                0           0   23485.425385280789        3.4904883910831302E-004  0.50000000000000000             1072   1.5695324818668437                0
          77          78   9.3430964505624117E-002   2.0354482771848002E-002  -1.6334883162896549E-004  0.97425183352183942        309441.22681298596        43.386459025179242        12.929374661827939       0.57636571281158167                0           0   15202.613129787858        1.8457846561722538E-004  0.50000000000000000              780  0.84395094297113649                0
         315         316  0.30834333591613694       0.21242803698149326       -3.5544000840579989E-003  0.96932722246065328        288048.63087816222        68.675120176768687        10.871636971271215       0.41408393813944694                0           0   16331.670257563481        4.1463143421502049E-004   3.1250000000000000E-002        1018  0.22277259544013223                0
          89          90  0.20842321107894346       0.10223825271363279       -1.3435582502014560E-003  0.98702482580270168        297769.38109927031        59.104743533761280        9.2736376985712621       0.75670186364148295                0           0   15798.519109916271        3.6005640583131949E-004  0.50000000000000000              792  0.39917721309058002                0
         155         156  0.50373356431637750       0.18870347651975347       -4.6345267489272665E-003  0.98128177235206437        293320.33962033020        76.435433608783669        11.980271603975838       0.74107367218184561                0           0   16038.148816184937        4.6428632181207922E-004  0.50000000000000000              858  0.45999452643361316                0
         187         188  0.16652052450678573        4.4390738220572948E-002  -5.1200105471243477E-004  0.98740860044556455        313872.49940009229        53.803263366689940        8.8311101940093231       0.66635513379139077                0           0   14987.981637882163        1.5401396217716847E-004  0.50000000000000000              890  0.29390646557482702                0
         255         256   8.3811449474318997E-002   3.0344259974373743E-002  -1.9498774621546684E-004  0.99476358635673934        366335.73421504453        48.606227887337262        12.461644749327180       0.45259148323190534                0           0   12841.540746017587        1.7373772739312873E-004  0.50000000000000000              958  0.23805146207653957                0
          93          94   8.5361728603296438E-002   7.1347741082274679E-002  -4.1080252103106030E-004  0.97812880800934654        378910.90214675880        55.249666982163497        13.406248941251214       0.47685227362779703                0           0   12415.359998859836        1.7179347800011020E-004  0.50000000000000000              796  0.35174601296859537                0
          95         546  0.62290701776509083       0.52092362269304604       -3.7742882337663606E-003  0.93636735305324392        1958536.5679857328        320.39191537125004        11.144206494106369       0.51666519140956568                0           0   2401.9542624536953        1.7894461546353524E-003   4.7902123851179127E-003         798  0.31503949816572219                0
          67          68  0.52597586808430075       0.46375414949012228       -9.5351984985231255E-003  0.98266064699714351        341740.68956755206        95.332992401100725        15.474867203690602       0.46159076592531717                0           0   13765.745201713413        5.7947742737167690E-004  0.50000000000000000              770   7.0789153515164627E-002           0
         213         214   8.6717284611907239E-002   1.7710005955573944E-002  -1.1427078035879827E-004  0.98213695314694749        400632.33674856107        50.085097135765906        7.3261504734327829       0.34222916814115190                0           0   11742.225542311169        1.5552041722878169E-004  0.50000000000000000              916  0.15358272711611415                0
         313         314  0.11479116130453372        5.7685466757393881E-002  -3.9453446450446250E-004  0.99253727403468150        435049.79924732697        62.547398305763593        5.2498828695320165       0.43812541284619433                0           0   10813.279918261374        1.7042172232509015E-004  0.50000000000000000             1016   7.7341773207862466E-002           0
         365         366  0.29906545429998188       0.27572229150032296       -3.4223050706489746E-003  0.97703614846779008        409915.73603235272        89.792227251814452        13.378772106595335       0.29970225930045846                0           0   11476.298283102440        5.4424978456707430E-004  0.50000000000000000             1068 -0.23618645027999891                0
         201         202  0.41909726131645580       0.36316033186407948       -5.4401348907038797E-003  0.97784193266974673        439642.50440806977        104.26124217537117        11.551402492615653       0.38738356787468209                0           0   10700.319487940789        6.3220712582260643E-004  0.50000000000000000              904   7.2053759591238276E-002           0
         171         172  0.11855449161888632       0.10910379859810015       -6.3808363105355751E-004  0.99690688946593098        502629.43037454027        75.543937317710842        5.2510296696027066       0.23555155623129162                0           0   9359.4106778413025        1.6222029374787257E-004  0.50000000000000000              874  -7.4211221208805273E-002           0
         347         348  0.19457293008789711        9.8264029982305379E-002  -8.4213227326918961E-004  0.97623178622328566        525292.62380639045        84.608893442837001        4.0570354315412773       0.37383018258835249                0           0   8955.6088253366652        5.1262384884362530E-004  0.25000000000000000             1050  0.15733072477408794                0
         343         344   9.9716206803828866E-002   3.9838043689421537E-002  -1.9541286924161294E-004  0.98547806040898511        644708.77578794607        75.758248904357316        15.611699598908922       0.55760321085497910                0           0   7296.8066114739531        4.6110969753691106E-004  0.50000000000000000             1046   1.7390456267684267                0
          99         100  0.11123848720615616        3.9011678252708890E-002  -1.9764343022701515E-004  0.98119635498491209        697449.45099556562        81.825121918085514        11.379832777695929       0.54612906355322743                0           0   6745.0268272914218        1.9609050585244134E-004  0.25000000000000000              802  0.13312325816545034                0
         391         392  0.13558686976987694        5.7578981684498085E-002  -2.5446740011902898E-004  0.98428057182237338        1015963.8259505472        114.33226250480101        11.818139492727296       0.30527085938837767                0           0   4630.3964151906221        1.9855493643177781E-004  0.50000000000000000             1094  0.10385359110455804                0
         385         386  0.12648191059682606        5.9749107023494945E-002  -2.5030111744847215E-004  0.99192399726360403        1010156.8010307509        112.51654391747591        13.786283012268809       0.27652742747593945                0           0   4657.0148840700185        1.9971473045980897E-004  0.50000000000000000             1088   7.7563117110724077E-003           0
          41          42  0.11122608390456809        8.6847116325004775E-002  -3.0034655602715249E-004  0.97689552612968544        1076875.4069236529        119.85571002551679        3.3917590673020084       0.83526792650546633                0           0   4368.4861102769009        1.9934720720389158E-004  0.25000000000000000              744  0.52073705188960018                0
         345         346  0.55774375829353751       0.47607345656862060       -4.7923803546830179E-003  0.97923176074338625        1065819.0059203701        206.47940675782556        1.7245485828307336       0.25606125473229363                0           0   4413.8031237137029        1.2529054742208931E-003  0.50000000000000000             1048  -4.2209804287522926E-002           0
          73          74  0.94128231410560004       0.69908498357263338       -1.0547991353088345E-002  0.98595090542721642        1010924.7705775029        232.48741209934116        12.518765486098726       0.54524689471381693                0           0   4653.4770880699325        1.4155097427745917E-003  0.50000000000000000              776  0.38507244601798346                0
         285         286   8.9462339041284894E-002   4.2834040765278178E-002  -1.2838168338598593E-004  0.97556116315563901        1178106.6063545495        111.23605151706303        9.6733160401577809       0.66979997200342900                0           0   3993.1150816660524        1.4410236536712358E-004  0.50000000000000000              988  0.22729762913041709                0
         293         294  0.55382231722128972       0.12326253909399966       -1.3046202120956597E-003  0.97555013427591697        1208714.8768618368        195.00098063437505        12.063088327196944       0.55859650461388144                0           0   3891.9974823661364        1.1809822740092247E-003  0.50000000000000000              996  0.92319111945236065                0
         123         124  0.67985937278035102       0.12376754478802159       -1.4259437356367586E-003  0.97763450747397851        1328700.8239903566        219.90890269502705        10.619961146251311       0.58399423370185333                0           0   3540.5376234484115        1.3330674591925293E-003  0.50000000000000000              826  0.32050064829642189                0
           7           8  0.10772050310063933        1.1526931384030817E-002  -3.7943697728780554E-005  0.99082248886431246        1424470.1409572540        121.95279694780302        10.304826334072427       0.47002123589160039                0           0   3302.5018372680170        1.6260639909577266E-004   6.2500000000000000E-002         710  -9.7380280051161672E-003           0
         355         356  0.32294731613854971       0.22153041596011064       -1.4146791448691402E-003  0.98835597978780254        1280677.5733209376        188.46314208734015        4.5058804038909956       0.43921740676652982                0           0   3673.3018174480535        1.1488556879049804E-003  0.50000000000000000             1058   6.7410363221602584E-002           0
          85          86   8.0567479673496034E-002   7.0359839832317903E-002  -1.6540594186675728E-004  0.98642166572395873        1357017.8794508749        127.71821781941760        7.4649594473734027       0.32046220387665553                0           0   3466.6567986181526        1.9401392259058692E-004   6.2500000000000000E-002         788  -5.6280875417826989E-002           0
         387         388  0.11696728908539532        8.3148869844046139E-002  -2.2937444841721858E-004  0.96133445945532792        1621779.3133330375        158.01382061938850        7.0285874429174804       0.45778417963038059                0           0   2900.7123342673422        8.7791078180062074E-004   1.8990803286026844E-005        1090   2.5010616796183618E-002           0
         103         104   9.4240900685283069E-002   8.1646476448274677E-002  -1.9581474411928143E-004  0.97430932578693863        1543295.6101144454        146.43699954217337        6.6207938299248683       0.15430866756978204                0           0   3048.2269416265021        8.8618227905427590E-004  0.25000000000000000              806  -4.8804859031112244E-002           0
          65          66   8.1196656538748205E-002   3.2700733033609646E-002  -6.2627861262289943E-005  0.98184767372588766        2149336.5504112290        157.99647215383459        11.205901875669364       0.56143549444200413                0           0   2188.7290088398181        1.9363885980735446E-004  0.50000000000000000              768  0.17590194946619597                0
          15          16  0.12041882448822794        4.7134796559794988E-002  -1.1370748620294229E-004  0.97825164521118502        2263928.7909641471        186.02285177799217        12.157380534092265       0.60502037732411262                0           0   2077.9431210119114        1.1281688166013199E-003  0.50000000000000000              718  0.17937590070362375                0
         243         244  0.10897784068549871        6.2870305948584129E-002  -1.2688985103554134E-004  0.99345305026723485        2514966.0648626112        201.22235189126619        13.139508441901040       0.37924950537770441                0           0   1870.5283237695505        1.2297376519750148E-003  0.50000000000000000              946   7.3579797249412882E-002           0
         265         266   8.4095384718170976E-002   3.6296916915751078E-002  -2.5179298712745990E-005  0.98201150103771739        10108047.486263808        451.77022575033061        6.1616293804866604       0.52271304680518760                0           0   465.40296373138602        2.7042181304174863E-003   3.3258871489488616E-004         968  0.21595015867985434                0
         127         128  0.41687934908818136       0.27898104023835063       -1.0601324713850049E-003  0.99434194081511351        3619474.9262651657        408.83142482301037        11.038009322612085       0.30720231938527698                0           0   1299.7231237899509        2.4997052625840904E-003  0.25000000000000000              830  -2.3860148412973153E-003           0
         217         218   8.1228311512873880E-002   6.5270211912634449E-002  -8.4864059256294254E-005  0.97696892315676265        3390006.8490829859        232.81876606981328        13.865090631552103       0.72520156183871076                0           0   1387.7008121435813        1.4110585494170628E-003  0.50000000000000000              920  0.32157509976517284                0
         143         144  0.25022565110097550       0.15769561095085233       -3.9893226177458845E-004  0.97378367469115990        4047244.7606835263        368.61381757316616        10.199971722381953       0.64773398909828028                0           0   1162.3500766111972        2.2305190603367172E-003  0.50000000000000000              846  0.21742459691493204                0
          61          62  0.16574606629006447        5.1105325148539382E-002  -1.0680914848388477E-004  0.98146224652464376        3985102.7316611102        295.54272204541036        7.8814090085233053       0.44803917538944360                0           0   1180.4752786595950        1.7952874583487142E-003  0.50000000000000000              764  0.28024454323635195                0
          29          30   9.2064989403419284E-002   3.8673592252436655E-002  -4.8326417632826574E-005  0.98790084533106615        4595724.3541263249        274.56410217347485        6.6779594365147057       0.83555744684566258                0           0   1023.6286807368981        1.6733196375634911E-003  0.25000000000000000              732  0.51031722808096824                0
         405         406   8.7236661288412828E-002   5.5735761705262711E-002  -1.4072219982536795E-005  0.99445045527554632        44632234.652881853        1287.6258805654079        12.380205594425096       0.69868897757375148                0           0   105.40174145954420        7.8733128566099032E-003  0.50000000000000000             1108   1.2958051397475998                0
          45          46   8.6894120985331738E-002   8.6164685909330241E-002  -8.2040856412477007E-005  0.98387083180607882        5506893.1944410549        340.10174038637848        8.7063343094282963       0.65286342172476675                0           0   854.25939664011355        2.0685513436049150E-003  0.50000000000000000              748  0.47184952309054917                0
         161         162   9.3309048906446132E-002   9.2827486138433946E-002  -9.1370322351159899E-005  0.98816772229771577        5621422.2557303421        353.27632274527065        8.9644968743660467       0.44205375596503527                0           0   836.85498858394737        1.9153766242111130E-003   2.8260345803473628E-005         864  0.10642399722063858                0
         289         290  0.10428359770713377        2.3242149003040714E-002  -2.7029461054448914E-005  0.98098929384639788        6248167.1853420418        334.17521521988544        13.777171504211902       0.16225273766558959                0           0   752.91123270211210        2.0201768511114585E-003   1.1282131194959844E-003         992  -4.6807911825866196E-002           0
         115         116   9.5073144526220191E-002   4.6025486525321645E-002  -4.6726263478262970E-005  0.98361077625756288        6339435.9430684811        348.99124241529205        10.289964516121747       0.48981227057119264                0           0   742.07158174513086        2.1223306805025111E-003  0.25000000000000000              818  0.16989847436353808                0
         223         224  0.13901763968801717        6.0776114313866474E-002  -7.7057935016540773E-005  0.98945659634466143        6749265.0922302911        408.60606645733679        7.7312874925598800       0.32161752798663118                0           0   697.01148100707132        2.1995652423070196E-003   2.3893066163326667E-004         926   9.8314930214653151E-002           0
         199         200  0.11230093762090229        4.7925291740752780E-002  -4.9845320530023470E-005  0.98557578802919299        7365259.5215128316        402.38621163417127        10.143686304644739       0.41789901715279315                0           0   638.71683596540686        2.4494184751019071E-003  0.50000000000000000              902  0.76415392211849698                0
         373         374  0.15845034820673778       0.15233439132851201       -1.7085678443993943E-004  0.97954925652639646        7914578.3438047124        526.47562280406692        7.4636786901253380       0.40090396338442408                0           0   594.38608770954374        2.3858901683945404E-003   4.9747721446792772E-005        1076  0.11017113656004598                0
          69          70  0.10464422723177559       0.10349050793134676       -8.6377732787562200E-005  0.98042651398566583        8085705.8082159301        467.23280664956275        11.014918258370543       0.16553610137665198                0           0   581.80638391081243        2.8368343572848856E-003  0.50000000000000000              772 -0.16240787326045178                0
          51          52  0.11606384615255892        9.5064690585184505E-002  -1.2276543213329298E-004  0.98205345115529663        4872545.5793825211        334.93415447263214        2.7636013204630725       0.45552921433498261                0           0   965.47383313362923        1.9892380511386115E-004  0.50000000000000000              754   6.4435185744827428E-002           0
         267         268  0.11152016154947933        1.9237634443879208E-002  -2.0555979565105942E-005  0.97571056671982892        7747931.1657327600        388.94323010224616        3.9352726470104868       0.54703741377376003                0           0   607.17050229496374        2.2380858311040696E-003   1.1626213419573350E-003         970  0.15305910478192192                0
         367         368  0.20322917187314732       0.17631903439505672       -1.9839550390703920E-004  0.98268335347027991        10352992.220883872        673.08940816719485        14.524015910215027       0.52474058743625818                0           0   454.39184704063632        3.8447352809837638E-003   4.6141023597677321E-004        1070   1.5341997150861455                0
         305         306   8.5255713978393793E-002   1.6586699482616780E-002  -1.1931200371230782E-005  0.97557216214542408        10624387.113807641        441.69112072417624        15.215320898171978       0.24675691343206999                0           0   442.78462439785847        2.6751951435917505E-003  0.50000000000000000             1008   7.7062497452405260E-002           0
         325         326  0.14296285691723640        1.8018411898666035E-002  -1.7591034512000332E-005  0.98525910189351285        11605238.715074902        545.71725305743564        5.3360066731286420       0.38535324392998682                0           0   405.36135215676182        1.9976652747874619E-004  0.50000000000000000             1028   2.6801305020993003E-002           0
         119         120  0.12744757891135747        8.2887871857059842E-002  -6.3848789170769046E-005  0.98269985033698937        12193204.574003790        616.57973866081329        7.9856587450512375       0.25236608846490094                0           0   385.81451078697370        3.7479255214838184E-003  0.50000000000000000              822   6.8283367008343240E-002           0
         133         134  0.13034205300579016        4.8697333779162973E-002  -3.8327287888953197E-005  0.98105083238431112        13234801.019987343        617.16457294093163        9.2921777926870597       0.50008002635644799                0           0   355.45039555489006        2.7052398442642170E-003   5.6520893797227210E-004         836  0.21119617910350325                0
          17          18   8.8310858010865509E-002   3.6165089814597706E-002  -2.2321003472730643E-005  0.98140412768925933        12747100.610456508        533.22349031307033        8.3587058114713191       0.35505434334625269                0           0   369.04982563531280        3.2391129273980847E-003  0.50000000000000000              720  -4.3143541827425205E-002           0
         275         276  0.13196141201412448        6.9014568623332620E-002  -4.7733788568332966E-005  0.97886867843075176        15446848.616411779        711.01892869746962        13.107200790241258       0.42685452841238419                0           0   304.54854413777190        3.2870030744011165E-003   5.7878394669758646E-004         978  0.37014555488454609                0
         221         222  0.10685030920939192        6.9974509155263417E-002  -3.1626182132514377E-005  0.98470095827078341        22714382.398948703        881.02495997058736        10.829721687060234       0.22588687231702090                0           0   207.10733732573306        2.9673441633535089E-003   3.6894571308907527E-005         924 -0.19625123124002669                0
         157         158  0.17882018552997023        8.7937108552675433E-002  -4.2075672378727321E-005  0.98506583485498866        36757635.239538431        1392.7622722492624        7.9553102179279227       0.37058698724206918                0           0   127.98198869399944        7.5802373597901093E-003   3.8195203898113962E-004         860   4.8477841438718406E-003           0
         145         146  0.11284151051838727        7.1741434973604884E-002  -2.4259684391902850E-005  0.99379870139598814        37282424.601212904        1243.5783131421410        14.558018647333316       0.41387882527196929                0           0   126.18050751698479        6.6538276848209389E-003   2.1686754344288155E-004         848  0.14740116470446676                0
         399         400  0.17014458503807270        6.6018282057290864E-002  -2.6984113866422301E-005  0.99072427422695430        45922413.769283794        1551.2919042386629        9.2193985264285896       0.21975642680026236                0           0   102.44050500654100        3.9381918215190435E-003   7.4008342518269634E-005        1102 -0.12809478758700091                0
