 1031452   1   373 105   0      1.5   7.73   4.63  5.515     0.0  -0.2148   0.0000
  -1.117645   0.000000   0.245611   0.096985  -0.663599   0.060150   0.000000   0.000000   0.000000   0.000000
   0.00000   0.00000   0.13505   0.02861   0.00000  -1.11764   0.00000   0.00000  -0.87203   0.66276   0.19282   0.00000   0.00000
 NAME(I1)    NAME(I2)    M1[M*]                    M2[M*]                    EB[NB]                    ECC                       P[Days]                   SEMI[AU]                  RI[PC]                    VI[km/s]                  K*(I1)      K*(I2)      ZN[NB]                    RP[NB]                    STEP(I1)[NB]              NAME(ICM)                 ECM[NB]                   K*(ICM)      
           3           4   8.7970317491499028E-002   4.9196061553816367E-002  -9.2897646351125171E-004  0.98018963898304645        71340.815372945974        17.361255191394889        3.7687188196812866       0.19866380166211750                0           0   65941.428242054317        1.0539810829294615E-004  0.50000000000000000              706   6.6916849867256128E-002           0
          59          60  0.52934127945164156       0.11516011942956719       -3.1001072744619322E-002  0.99635260950274573        9025.0375450904266        7.3279160146024838        14.267828211782495       0.90018697851284590                0           0   521251.59969045070        4.4850020571511419E-005  0.50000000000000000              762   1.3849725914950124                0
          63          64  0.11284127030153632        5.3401276685359052E-002  -1.4468849236327175E-003  0.97984293960292113        54774.265105649982        15.520472950299069        13.381739673557634       0.36636719489445174                0           0   85885.502043175962        9.4206442072616631E-005  0.25000000000000000              766  0.19066007327322082                0
          83          84  0.10272953417562042        4.1373672231505683E-002  -1.2819188696754095E-003  0.97370419826673227        41789.837138321200        12.356008093958177        16.501753991662376       0.40727936217453509                0           0   112570.79662870750        7.4766174595093939E-005  0.25000000000000000              786  0.30839095899605379                0
         131         132   8.4797441590329786E-002   6.4637458177469395E-002  -7.7121942017657882E-004  0.98912831439601701        128788.41655396212        26.485513546867381        6.9128122954849740       0.44076324421074770                0           0   36527.471829531067        1.6151620773559698E-004   3.1250000000000000E-002         834  0.10305193535491780                0
         137         138  0.13717930409073115       0.13193897190263901       -4.0334545728335997E-003  0.97817964388784162        48147.574536657077        16.722602131164937        7.7105049562317296       0.29380358863421591                0           0   97706.173216745112        1.0141787278782275E-004  0.50000000000000000              840  0.59671031695592447                0
         167         168  0.11739175763496201        6.6852661947444644E-002  -1.3371095085191684E-003  0.97921691183512483        87047.450602289726        21.873015901955345        14.541953614963045       0.69812247835935526                0           0   54043.113555826756        1.3272323952673876E-004  0.25000000000000000              870  0.41163804673474580                0
         177         178  0.17518944591650459       0.15841447355487015       -4.8844045916293037E-002  0.97081544669269548        1948.4551180766894        2.1174370246531056       0.60502719749166045       0.79654990100678091                0           0   2414382.1502485364        1.2793853451865820E-005  0.25000000000000000              880  0.48130330847113195                0
         181         182  0.16494482085752635        4.8117280213717237E-002  -2.2342341753636167E-003  0.98308070947828008        38113.841390388654        13.238244572811659        3.2665099407681826       0.33396979621794887                0           0   123428.00111539195        8.0485139620415977E-005  0.50000000000000000              884   3.1061017347642161E-002           0
         193         194  0.13607741833753259        1.4509867592654014E-002  -3.3139095177587647E-004  0.98026160729439438        98477.807758994706        22.203845682541278        15.214691995728346       0.77094090965907269                0           0   47770.308506030713        1.3480179630591914E-004  0.50000000000000000              896   1.0837878003304495                0
         195         196  0.23980714281985319       0.16746154432118399       -1.7866781603804005E-002  0.96643523058497638        13874.745800257982        8.3762612435180923        11.418884430824713        1.0196949929028734                0           0   339055.96004197007        5.0498069052990366E-005  0.50000000000000000              898  0.79103443147537167                0
         207         208   9.9440827635248155E-002   5.0100703362626467E-002  -8.7683211256005204E-003  0.98112175417415370        2910.2243960466299        2.1174416066239212        2.6994891904011475       0.72875879386792786                0           0   1616478.5313583727        1.2860786271453537E-005  0.25000000000000000              910  0.45373162889360763                0
         225         226  0.11258739991983015        4.7810171057872303E-002  -9.4939383745014589E-004  0.98185672257896206        88575.957032427817        21.129198100363176        15.229234320830892       0.71513742137474123                0           0   53110.521356517827        1.2838083044770557E-004  0.50000000000000000              928   1.0222082076279841                0
         235         236   9.9158490776633662E-002   3.5661683213779022E-002  -5.1301121046354124E-003  0.96614283730650707        4095.4263718306088        2.5687641194955386        2.6803384534480421       0.32115462057044414                0           0   1148675.3345151674        1.5484037106406675E-005   6.2500000000000000E-002         938   8.2239490134076151E-002           0
         249         250   8.3325272192247987E-002   6.4931060179189190E-002  -5.9417119074347373E-003  0.97581540753508467        5929.7866670524481        3.3934150410168407        15.332304375805725       0.42857826132535115                0           0   793336.34104971308        2.0555510157367267E-005  0.25000000000000000              952   1.2424602972317609                0
         271         272  0.13618545113931463       0.10282415591629936       -1.7643068358636144E-003  0.98806680624688603        120181.93023047518        29.578155387187675        7.2298980540167674       0.48617552249123563                0           0   39143.282593508091        1.8027976026539725E-004  0.25000000000000000              974   9.2976769920581917E-002           0
         287         288   8.8414603939471620E-002   4.2704642040310346E-002  -5.8515194294090581E-004  0.98093659039144399        118941.02246670357        24.046383900145148        2.7023319584281351       0.59958411161290870                0           0   39551.663169548527        1.4603779329379048E-004  0.25000000000000000              990  0.19658297650901277                0
         291         292  0.10251315781699964        2.9651563345757474E-002  -1.1831110334550475E-003  0.98075559013170377        29765.556837160901        9.5746088155111213        12.275396346770133       0.58840675178433732                0           0   158045.59892431262        5.8142920318824777E-005   3.1250000000000000E-002         994  0.23391445677945805                0
         303         304  0.77980953382043972       0.33783563817501155       -5.2382472905160467E-002  0.97671789874474535        28033.625192942258        18.742492285908785        5.2989145791286187       0.63477993041115754                0           0   167809.73653129677        1.1358394461059082E-004  0.25000000000000000             1006  0.23288844366089770                0
         311         312  0.16827131513595273       0.11782564957455051       -9.1314488263872420E-003  0.97485864189666582        15717.300866973132        8.0915100549741776        16.380367283449687       0.15880456369470555                0           0   299308.08714936365        4.8990345746074786E-005  0.50000000000000000             1014 -0.12903664262066311                0
         321         322  0.12252965187021556        4.0765808550071510E-002  -1.0952504619379879E-003  0.97557453106160041        63331.226025514967        16.995860241612995        16.925213268451291       0.41720957772626710                0           0   74281.133539866772        1.0293936416602254E-004  0.50000000000000000             1024  0.71937969539081215                0
         323         324  0.13577855073708561        2.1714876777924844E-002  -1.0672784058174505E-003  0.97737634574565457        30402.145619620234        10.295090097572151        13.800338105846508       0.65824910663766978                0           0   154736.29119810546        6.2411468000077191E-005  0.25000000000000000             1026  0.36422269426830822                0
         337         338  0.14234346256931027        4.8688670540606271E-002  -2.7220309402593351E-003  0.98436219341894415        24424.438780536861        9.4883723855236379        12.605883615090065       0.40625658399934061                0           0   192606.89262565569        5.7724153992768256E-005  0.50000000000000000             1040   1.4564430611964136                0
         363         364   8.0030474895858961E-002   2.5241398542184282E-002  -3.2505135387658957E-004  0.96900162088983910        125469.53716214608        23.159872534501439        12.685766388627268       0.70809848604472703                0           0   37493.684634903126        1.3980643129274424E-004  0.50000000000000000             1066  0.54659748890219162                0
         371         372   9.0756420354949963E-002   8.9399293653254358E-002  -1.4941626717007766E-003  0.97790038526241019        78336.750524128642        20.236383406048532        10.564971915934743       0.46331795244781343                0           0   60052.468683849453        1.2271064128272370E-004  0.25000000000000000             1074  0.26829336953665894                0
         383         384   9.3433970454860987E-002   6.5975786712685114E-002  -2.9999592269293533E-003  0.97176827062077331        19385.313257799193        7.6576121486429507        10.092665557927713       0.47381825733913430                0           0   242674.19334851863        4.6290742961604388E-005  0.50000000000000000             1086  0.46683552811392698                0
         395         396  0.10118924464727580        7.2387835402996439E-002  -4.0679476328368365E-003  0.98184110250843104        15239.121285685993        6.7103307468978812        8.6052836947296782       0.49288986139587243                0           0   308699.90266850201        4.0771591993552411E-005  0.50000000000000000             1098   6.2198300430318723E-002           0
         401         402  0.11008182267075275        8.1520559788653676E-002  -2.1754919003101718E-003  0.98946501741247106        50292.904508829961        15.372504553420699        7.6947253577847530       0.42580176909308259                0           0   93538.349069078395        9.3761781152373525E-005  0.50000000000000000             1104  0.13746873757890901                0
         219         220   5.9461379470541447        2.5291364086335988      -0.75299076982192070       0.98221912150944157        80559.862777643633        74.428097414589246        6.3762136405829715       0.19220337764692913                0           0   58395.273967004177        4.5230718866207646E-004  0.50000000000000000              922  0.12494342795757564                0
         159         160  0.52009082554844766       0.13749382338007102       -6.8562166579241961E-003  0.98252657550525302        109146.58921206869        38.868446659729038        2.6164083901592559       0.57774299312764843                0           0   43100.891119047374        2.3624417772278330E-004  0.50000000000000000              862  0.18585063894868492                0
           1           2   2.0244841138268650       0.61000484406818434       -7.0741485713423660E-002  0.98738152934187551        118081.33591071346        65.056817812538299        16.200755975544872       0.48826830909880992                0           0   39839.617509086311        3.9638661146352313E-004  0.50000000000000000              704  0.12680068715824760                0
         283         284  0.18094602805437388        8.1870494517192083E-002  -1.6064068193646895E-003  0.97697797871714775        143540.44546752289        34.366892541613126        5.4403434040500924       0.28694913611717288                0           0   32773.447527785116        2.0829891525217590E-004   6.2500000000000000E-002         986  -5.0880277037106604E-002           0
         185         186  0.24628085064239766        6.9358336926096664E-002  -1.8551080494142963E-003  0.99057546901522908        130681.44545928008        34.314639623851313        8.2016354309447070       0.53048693498287092                0           0   35998.341165507023        2.0941269287605858E-004  0.50000000000000000              888  0.21756750330202590                0
         191         192  0.17819880543248182        5.0730547014061628E-002  -8.9966543292994278E-004  0.98450778698896024        174927.64032278312        37.446621017460309        17.724361896073457       0.62697831339413168                0           0   26892.921261409472        2.2782970840593575E-004  0.25000000000000000              894  0.46983232680086845                0
          71          72  0.16939743337267674        2.6319217633798585E-002  -4.7647967898261517E-004  0.96976219828091648        170003.73667627125        34.870225322542275        11.104602435078958       0.27394934677367722                0           0   27671.834452691655        1.5082883319385277E-004  0.25000000000000000              774 -0.11797196691271945                0
          53          54  0.10539273585624893        8.3691576402142989E-002  -9.4861616487088496E-004  0.98840746126056767        171334.30925667207        34.651436372167325        13.816746299976430       0.25495719317992954                0           0   27456.936547351612        2.1096666920612941E-004  0.25000000000000000              756 -0.17053501671709034                0
         245         246  0.10614450888457336        7.9534736728126665E-002  -8.8338078697462622E-004  0.97533507163214717        180155.36208468804        35.614411017835778        8.9545189532768212       0.16345379982210290                0           0   26112.546433302068        2.1568078356416255E-004  0.50000000000000000              948  0.11110765613658589                0
         331         332  0.12214104311112879        9.8521910482032543E-002  -1.1537755047203683E-003  0.97154055198387024        188414.45473505274        38.868024797675822        16.622486155301374       0.29087026628076640                0           0   24967.910579153504        2.3493249830021899E-004  0.50000000000000000             1034   6.9116726311357596E-002           0
         203         204  0.10958957416913398        5.6611292613942377E-002  -6.2817234305771752E-004  0.98494187057407623        200051.97130642890        36.805509599966030        14.811856817748481       0.13314560091615182                0           0   23515.465640870621        1.6988547057778460E-004  0.50000000000000000              906 -0.16860368412446863                0
          21          22  0.17137201111473407        1.8580527211685235E-002  -2.8964617018065918E-004  0.97725619083110171        219756.57682243298        40.968444197440832        3.3329977115709912       0.24146762268420316                0           0   21406.937283364805        1.8343950172520064E-004  0.50000000000000000              724   6.7264164251946951E-002           0
         369         370  0.35577330781196675       0.28758888866695975       -6.5923629871082615E-003  0.96841922705639494        200307.85819162280        57.839387851881206        13.905921082201141       0.41270208682033122                0           0   23485.425385280789        3.4904883910831302E-004  0.50000000000000000             1072   1.5688869325981945                0
          77          78   9.3430964505624117E-002   2.0354482771848002E-002  -1.6334883162896549E-004  0.97425183352183942        309441.22681298596        43.386459025179242        10.273290605335426       0.55914522869732197                0           0   15202.613129787858        1.8457846561722538E-004  0.50000000000000000              780  0.84572873168303975                0
         315         316  0.30834333591613694       0.21242803698149326       -3.5544000840579989E-003  0.96932722246065328        288048.63087816222        68.675120176768687        7.2362100171089878       0.39522042968064564                0           0   16331.670257563481        4.1463143421502049E-004   1.5625000000000000E-002        1018  0.20308510576088940                0
          89          90  0.20842321107894346       0.10223825271363279       -1.3435582502014560E-003  0.98702482580270168        297769.38109927031        59.104743533761280        6.1016381682789209       0.75757646057235761                0           0   15798.519109916271        3.6005640583131949E-004  0.50000000000000000              792  0.39980664920460335                0
         155         156  0.50373356431637750       0.18870347651975347       -4.6345267489272665E-003  0.98128177235206437        293320.33962033020        76.435433608783669        11.029541957310681       0.72680104254818456                0           0   16038.148816184937        4.6428632181207922E-004  0.50000000000000000              858  0.45956359214267201                0
         187         188  0.16652052450678573        4.4390738220572948E-002  -5.1200105471243477E-004  0.98740860044556455        313872.49940009229        53.803263366689940        5.5082600783284752       0.66742590327149565                0           0   14987.981637882163        1.5401396217716847E-004  0.50000000000000000              890  0.29256261502092873                0
         255         256   8.3811449474318997E-002   3.0344259974373743E-002  -1.9498774621546684E-004  0.99476358635673934        366335.73421504453        48.606227887337262        8.9051291489136091       0.45558108014374560                0           0   12841.540746017587        1.7373772739312873E-004  0.50000000000000000              958  0.23972072071653014                0
          93          94   8.5361728603296438E-002   7.1347741082274679E-002  -4.1080252103106030E-004  0.97812880800934654        378910.90214675880        55.249666982163497        9.4405786387667607       0.45644860987821056                0           0   12415.359998859836        1.7179347800011020E-004  0.50000000000000000              796  0.35098216879692912                0
          95         546  0.62290701776509083       0.52092362269304604       -3.7742936552659016E-003  0.93637900276181396        1958532.3480433042        320.39145515146311        7.5509003175727170       0.51826168398063233                0           0   2401.9594378130478        1.6955078597702235E-003   2.3371680051947077E-003         798  0.32208114760137507                0
          67          68  0.52597586808430075       0.46375414949012228       -9.5351984985231255E-003  0.98266064699714351        341740.68956755206        95.332992401100725        15.857210997460204       0.44400496977639153                0           0   13765.745201713413        5.7947742737167690E-004  0.50000000000000000              770   7.0881697660876847E-002           0
         213         214   8.6717284611907239E-002   1.7710005955573944E-002  -1.1427078035879827E-004  0.98213695314694749        400632.33674856107        50.085097135765906        3.7137445135353855       0.34772868394694600                0           0   11742.225542311169        1.5552041722878169E-004  0.25000000000000000              916  0.15210780030645404                0
         313         314  0.11479116130453372        5.7685466757393881E-002  -3.9453446450446250E-004  0.99253727403468150        435049.79924732697        62.547398305763593        2.7129530396250359       0.42947061607267911                0           0   10813.279918261374        1.7042172232509015E-004  0.50000000000000000             1016   7.7377607728480180E-002           0
         365         366  0.29906545429998188       0.27572229150032296       -3.4223050706489746E-003  0.97703614846779008        409915.73603235272        89.792227251814452        13.350025227499634       0.29469819913571244                0           0   11476.298283102440        5.4424978456707430E-004  0.50000000000000000             1068 -0.23631828376931696                0
         201         202  0.41909726131645580       0.36316033186407948       -5.4401348907038797E-003  0.97784193266974673        439642.50440806977        104.26124217537117        15.653731080411561       0.38911090030673495                0           0   10700.319487940789        6.3220712582260643E-004  0.50000000000000000              904   7.1891670511708514E-002           0
         171         172  0.11855449161888632       0.10910379859810015       -6.3808363105355751E-004  0.99690688946593098        502629.43037454027        75.543937317710842        4.1974481901394869       0.23570995071418333                0           0   9359.4106778413025        1.6222029374787257E-004  0.25000000000000000              874  -7.3618303599743348E-002           0
         347         348  0.19457293008789711        9.8264029982305379E-002  -8.4213227326918961E-004  0.97623178622328566        525292.62380639045        84.608893442837001        5.8057259076581680       0.38922847320225124                0           0   8955.6088253366652        5.1262384884362530E-004  0.25000000000000000             1050  0.15712442698502282                0
         343         344   9.9716206803828866E-002   3.9838043689421537E-002  -1.9541286924161294E-004  0.98547806040898511        644708.77578794607        75.758248904357316        14.107285148939917       0.57185201014165044                0           0   7296.8066114739531        4.6110969753691106E-004  0.50000000000000000             1046   1.7357342818927775                0
          99         100  0.11123848720615616        3.9011678252708890E-002  -1.9764343022701515E-004  0.98119635498491209        697449.45099556562        81.825121918085514        9.2397555250672276       0.54677625052007994                0           0   6745.0268272914218        1.9609050585244134E-004  0.25000000000000000              802  0.13454796031033692                0
         391         392  0.13558686976987694        5.7578981684498085E-002  -2.5446740011902898E-004  0.98428057182237338        1015963.8259505472        114.33226250480101        12.516888728513992       0.31458387270802224                0           0   4630.3964151906221        1.9855493643177781E-004  0.50000000000000000             1094  0.10364625237920565                0
         385         386  0.12648191059682606        5.9749107023494945E-002  -2.5030111744847215E-004  0.99192399726360403        1010156.8010307509        112.51654391747591        17.480154690611833       0.27556422048719648                0           0   4657.0148840700185        1.9971473045980897E-004  0.50000000000000000             1088   7.5289726401030193E-003           0
          41          42  0.11122608390456809        8.6847116325004775E-002  -3.0034655602715249E-004  0.97689552612968544        1076875.4069236529        119.85571002551679        1.4594641301468771       0.83452077192811913                0           0   4368.4861102769009        1.9934720720389158E-004  0.12500000000000000              744  0.52010492236463224                0
         345         346  0.55774375829353751       0.47607345656862060       -4.7923803546830179E-003  0.97923176074338625        1065819.0059203701        206.47940675782556        2.6674871839232632       0.25099383870309261                0           0   4413.8031237137029        1.2529054742208931E-003  0.50000000000000000             1048  -4.2384683714495330E-002           0
          73          74  0.94128231410560004       0.69908498357263338       -1.0547991353088345E-002  0.98595090542721642        1010924.7705775029        232.48741209934116        16.676378914912640       0.52781064745440132                0           0   4653.4770880699325        1.4155097427745917E-003  0.12500000000000000              776  0.38522028570107530                0
         285         286   8.9462339041284894E-002   4.2834040765278178E-002  -1.2838168338598593E-004  0.97556116315563901        1178106.6063545495        111.23605151706303        9.4756570042591317       0.66665606904593133                0           0   3993.1150816660524        1.4410236536712358E-004  0.50000000000000000              988  0.22786404997086790                0
         293         294  0.55382231722128972       0.12326253909399966       -1.3046202120956597E-003  0.97555013427591697        1208714.8768618368        195.00098063437505        9.4599818197713610       0.53421557464456448                0           0   3891.9974823661364        1.1809822740092247E-003  0.50000000000000000              996  0.92258252453157008                0
         123         124  0.67985937278035102       0.12376754478802159       -1.4259437356367586E-003  0.97763450747397851        1328700.8239903566        219.90890269502705        7.0162462169756896       0.57480643995552583                0           0   3540.5376234484115        1.3330674591925293E-003  0.25000000000000000              826  0.32057799441326162                0
           7           8  0.10772050310063933        1.1526931384030817E-002  -3.7943697728780554E-005  0.99082248886431246        1424470.1409572540        121.95279694780302        12.137954138041284       0.46372100934399452                0           0   3302.5018372680170        1.6260639909577266E-004   6.2500000000000000E-002         710  -9.6643686078381197E-003           0
         355         356  0.32294731613854971       0.22153041596011064       -1.4146791448691402E-003  0.98835597978780254        1280677.5733209376        188.46314208734015        6.2000497608677678       0.43649451318607380                0           0   3673.3018174480535        1.1488556879049804E-003  0.50000000000000000             1058   6.7244346567245955E-002           0
          85          86   8.0567479673496034E-002   7.0359839832317903E-002  -1.6540594186675728E-004  0.98642166572395873        1357017.8794508749        127.71821781941760        8.7438555185538327       0.31245781023531438                0           0   3466.6567986181526        1.9401392259058692E-004   6.2500000000000000E-002         788  -5.6301735019026904E-002           0
         387         388  0.11696728908539532        8.3148869844046139E-002  -2.2937297947025481E-004  0.96212720427072784        1621794.8926197821        158.01483256910711        3.2017063496782110       0.60464080158874667                0           0   2900.6844694433598        8.3704680847656351E-004   1.8372999218697834E-005        1090  0.21676115573446614                0
         103         104   9.4240900685283069E-002   8.1646476448274677E-002  -1.9581474411928143E-004  0.97430932578693863        1543295.6101144454        146.43699954217337        3.3341221175253666       0.15892430970627669                0           0   3048.2269416265021        8.8618227905427590E-004  0.25000000000000000              806  -5.2427707851278642E-002           0
          65          66   8.1196656538748205E-002   3.2700733033609646E-002  -6.2627861262289943E-005  0.98184767372588766        2149336.5504112290        157.99647215383459        13.049981734896287       0.55653955342095729                0           0   2188.7290088398181        1.9363885980735446E-004  0.50000000000000000              768  0.17602556775827305                0
          15          16  0.12041882448822794        4.7134796559794988E-002  -1.1370748620294229E-004  0.97825164521118502        2263928.7909641471        186.02285177799217        12.627156747159237       0.59300230289994771                0           0   2077.9431210119114        1.1281688166013199E-003  0.50000000000000000              718  0.17982406664485029                0
         243         244  0.10897784068549871        6.2870305948584129E-002  -1.2688985103554134E-004  0.99345305026723485        2514966.0648626112        201.22235189126619        9.4273087337785633       0.37362851787389523                0           0   1870.5283237695505        1.2297376519750148E-003  0.50000000000000000              946   7.3387843394674857E-002           0
         403         404  0.17519688796893346        3.8994197612049461E-002  -1.0593122347259991E-004  0.98389302171974524        2940506.2980149426        240.33760194595169        17.389992347912376       0.42071191350804815                0           0   1599.8317231357473        1.4568154291519542E-003   7.5743318733594836E-004        1106  0.14784339850135086                0
         127         128  0.41687934908818136       0.27898104023835063       -1.0601324713850049E-003  0.99434194081511351        3619474.9262651657        408.83142482301037        12.987278630397725       0.29100523380018700                0           0   1299.7231237899509        2.4997052625840904E-003  0.25000000000000000              830  -2.3044997704374081E-003           0
         217         218   8.1228311512873880E-002   6.5270211912634449E-002  -8.4864059256294254E-005  0.97696892315676265        3390006.8490829859        232.81876606981328        16.429142386185408       0.74127413744342463                0           0   1387.7008121435813        1.4110585494170628E-003  0.50000000000000000              920  0.32166375392173324                0
         143         144  0.25022565110097550       0.15769561095085233       -3.9893226177458845E-004  0.97378367469115990        4047244.7606835263        368.61381757316616        8.9089191446922786       0.64439650970818951                0           0   1162.3500766111972        2.2305190603367172E-003  0.50000000000000000              846  0.21868604299496441                0
          61          62  0.16574606629006447        5.1105325148539382E-002  -1.0680914848388477E-004  0.98146224652464376        3985102.7316611102        295.54272204541036        6.2854929819550529       0.44155351238347107                0           0   1180.4752786595950        1.7952874583487142E-003  0.50000000000000000              764  0.28001058626537367                0
          29          30   9.2064989403419284E-002   3.8673592252436655E-002  -4.8326417632826574E-005  0.98790084533106615        4595724.3541263249        274.56410217347485        6.3577831503101434       0.82918856573721478                0           0   1023.6286807368981        1.6733196375634911E-003  0.25000000000000000              732  0.51035076205680063                0
         405         406   8.7236661288412828E-002   5.5735761705262711E-002  -1.4072219982536795E-005  0.99445045527554632        44632234.652881853        1287.6258805654079        9.9230115211068419       0.67273696343485223                0           0   105.40174145954420        7.8733128566099032E-003  0.50000000000000000             1108   1.2954899405562974                0
          45          46   8.6894120985331738E-002   8.6164685909330241E-002  -8.2040856412477007E-005  0.98387083180607882        5506893.1944410549        340.10174038637848        7.4091666810818611       0.64248627772159428                0           0   854.25939664011355        2.0685513436049150E-003  0.25000000000000000              748  0.47193156986447093                0
         161         162   9.3309048906446132E-002   9.2827486138433946E-002  -9.1369958934283730E-005  0.98833500434605859        5621455.7939157216        353.27772787425550        6.9926545733771164       0.48268489803034281                0           0   836.84999582072498        2.1250535564922685E-003   3.0316747266945323E-005         864  0.13718929414922507                0
         289         290  0.10428359770713377        2.3242149003040714E-002  -2.7029449751897425E-005  0.98098892521573322        6248171.1044139815        334.17535495756459        17.519874028940755       0.16332302769384915                0           0   752.91076044979445        1.9256391488872416E-003   5.5189339443246219E-004         992  -4.6229105619149079E-002           0
         115         116   9.5073144526220191E-002   4.6025486525321645E-002  -4.6726263478262970E-005  0.98361077625756288        6339435.9430684811        348.99124241529205        13.027575679881050       0.47977861681127087                0           0   742.07158174513086        2.1223306805025111E-003  0.25000000000000000              818  0.16990877064213405                0
         223         224  0.13901763968801717        6.0776114313866474E-002  -7.7057897892200388E-005  0.98945943915837198        6749269.9696416594        408.60626331231350        4.1930824755583656       0.33317266796963452                0           0   697.01097730641379        2.4550248980497553E-003   2.5286994376899744E-004         926  0.10273487455863170                0
         199         200  0.11230093762090229        4.7925291740752780E-002  -4.9845320530023470E-005  0.98557578802919299        7365259.5215128316        402.38621163417127        9.1508882582642048       0.37799145772398396                0           0   638.71683596540686        2.4494184751019071E-003  0.50000000000000000              902  0.76396602994060681                0
         373         374  0.15845034820673778       0.15233439132851201       -1.7085704375489406E-004  0.97950271908087816        7914560.3255155571        526.47482375593142        3.8054153395602497       0.40405585724489768                0           0   594.38744088899489        1.6276017118160323E-003   4.1279234087939173E-005        1076  0.10481767264618283                0
          69          70  0.10464422723177559       0.10349050793134676       -8.6377732787562200E-005  0.98042651398566583        8085705.8082159301        467.23280664956275        12.276690658655816       0.16763911493487696                0           0   581.80638391081243        2.8368343572848856E-003  0.50000000000000000              772 -0.16220787149150234                0
          51          52  0.11606384615255892        9.5064690585184505E-002  -1.2276543213329298E-004  0.98205345115529663        4872545.5793825211        334.93415447263214        5.3021682853274212       0.45428103683695770                0           0   965.47383313362923        1.9892380511386115E-004  0.50000000000000000              754   6.4300457736348876E-002           0
         265         266   8.4095384718170976E-002   3.6296916915751078E-002  -2.5177911686992077E-005  0.98207343105716716        10108882.760974810        451.79511331629539        3.0508875382222582       0.51020225379019801                0           0   465.36450850985239        2.1230577228082926E-003   6.0021098689157768E-004         968  0.21590054110584853                0
         367         368  0.20322917187314732       0.17631903439505672       -1.9839546473758351E-004  0.98268795099176676        10352995.286889620        673.08954105604789        13.272124288888509       0.52340850418410301                0           0   454.39171247397468        3.6895611888833144E-003   4.5296858707421779E-004        1070   1.5326734820191064                0
         305         306   8.5255713978393793E-002   1.6586699482616780E-002  -1.1931200371230782E-005  0.97557216214542408        10624387.113807641        441.69112072417624        11.889352320564759       0.25748266857276453                0           0   442.78462439785847        2.6751951435917505E-003  0.50000000000000000             1008   7.8057352130825236E-002           0
         325         326  0.14296285691723640        1.8018411898666035E-002  -1.7591034512000332E-005  0.98525910189351285        11605238.715074902        545.71725305743564        8.2806327469829597       0.37890117447253580                0           0   405.36135215676182        1.9976652747874619E-004  0.25000000000000000             1028   2.6674777405977294E-002           0
         119         120  0.12744757891135747        8.2887871857059842E-002  -6.3848789170769046E-005  0.98269985033698937        12193204.574003790        616.57973866081329        10.201230613196536       0.25459827361711784                0           0   385.81451078697370        3.7479255214838184E-003  0.25000000000000000              822   6.7976749718186680E-002           0
         133         134  0.13034205300579016        4.8697333779162973E-002  -3.8327220577942712E-005  0.98105245920926798        13234835.884825232        617.16565681736245        5.4319321145983794       0.48230541677907246                0           0   355.44945918359491        2.2547138565914820E-003   5.1663652573254669E-004         836  0.20998530460902926                0
          17          18   8.8310858010865509E-002   3.6165089814597706E-002  -2.2321003472730643E-005  0.98140412768925933        12747100.610456508        533.22349031307033        9.2478822090862884       0.36155704078543133                0           0   369.04982563531280        3.2391129273980847E-003  0.50000000000000000              720  -4.3212652319056924E-002           0
         275         276  0.13196141201412448        6.9014568623332620E-002  -4.7733543146373308E-005  0.97885962201837651        15446967.746497694        711.02258440051060        9.7988927062897293       0.42146955549027049                0           0   304.54619539885920        2.3418668531098273E-003   4.8771762245121268E-004         978  0.37066430639329467                0
         221         222  0.10685030920939192        6.9974509155263417E-002  -3.1625266257749548E-005  0.98449291472010825        22715369.126463648        881.05047464994050        12.885798430721676       0.20049550112270773                0           0   207.09834083938284        4.6963486553750610E-003   4.5103169047673278E-005         924 -0.20138675617875948                0
         157         158  0.17882018552997023        8.7937108552675433E-002  -4.2075310801884927E-005  0.98507222343283762        36758109.059148461        1392.7742410398666        5.8731125610921477       0.37161388754894181                0           0   127.98033897975881        3.1643024764580162E-003   2.4641989570882531E-004         860   7.2959139206603650E-003           0
         145         146  0.11284151051838727        7.1741434973604884E-002  -2.4259764712707426E-005  0.99379120409652466        37282239.445757113        1243.5741958222968        10.760891786810502       0.41432419426887285                0           0   126.18113416950696        5.9741818602662110E-003   2.0526027814711973E-004         848  0.14834202802525981                0
         399         400  0.17014458503807270        6.6018282057290864E-002  -2.6984391306602739E-005  0.99072760369025403        45921705.543746896        1551.2759546216812        11.598552342320808       0.22509701791768558                0           0   102.44208489084185        9.4676283087593779E-003   1.1446190628960546E-004        1102 -0.12830829299021934                0
         267         268  0.11152016154947933        1.9237634443879208E-002  -2.0555997533530183E-005  0.97570858548785910        7747921.0067937281        388.94289011889322        2.5394893161361276       0.54473547474873596                0           0   607.17129840634743        2.3179200480552137E-003   5.9122098509037087E-004         970  0.15241261440831463                0
