 1031346   1   373 117   0      1.3   7.73   4.63  5.989     0.0  -0.2148   0.0000
  -1.118025   0.000000   0.245991   0.096985  -0.663599   0.060150   0.000000   0.000000   0.000000   0.000000
   0.00000   0.00000   0.13478   0.02870   0.00000  -1.11802   0.00000   0.00000  -0.87203   0.66276   0.19282   0.00000   0.00000
 NAME(I1)    NAME(I2)    M1[M*]                    M2[M*]                    EB[NB]                    ECC                       P[Days]                   SEMI[AU]                  RI[PC]                    VI[km/s]                  K*(I1)      K*(I2)      ZN[NB]                    RP[NB]                    STEP(I1)[NB]              NAME(ICM)                 ECM[NB]                   K*(ICM)      
           3           4   8.7970317491499028E-002   4.9196061553816367E-002  -9.2897646351125171E-004  0.98018963898304645        71340.815372945974        17.361255191394889        4.5549082707917226       0.19405046106681995                0           0   65941.428242054317        1.0539810829294615E-004  0.50000000000000000              706   6.6980738041848759E-002           0
          59          60  0.52934127945164156       0.11516011942956719       -3.1001072744619322E-002  0.99635260950274573        9025.0375450904266        7.3279160146024838        13.751764511525790       0.89125483728077626                0           0   521251.59969045070        4.4850020571511419E-005  0.50000000000000000              762   1.3849827565759889                0
          63          64  0.11284127030153632        5.3401276685359052E-002  -1.4468849236327175E-003  0.97984293960292113        54774.265105649982        15.520472950299069        12.448400858503421       0.36670797081433198                0           0   85885.502043175962        9.4206442072616631E-005  0.25000000000000000              766  0.19067939446174761                0
          83          84  0.10272953417562042        4.1373672231505683E-002  -1.2819188696754095E-003  0.97370419826673227        41789.837138321200        12.356008093958177        15.942158571210911       0.40088005390531323                0           0   112570.79662870750        7.4766174595093939E-005  0.25000000000000000              786  0.30845043558394780                0
         131         132   8.4797441590329786E-002   6.4637458177469395E-002  -7.7121942017657882E-004  0.98912831439601701        128788.41655396212        26.485513546867381        7.4680051225927588       0.43931845641536460                0           0   36527.471829531067        1.6151620773559698E-004   1.5625000000000000E-002         834  0.10135780200831171                0
         137         138  0.13717930409073115       0.13193897190263901       -4.0334545728335997E-003  0.97817964388784162        48147.574536657077        16.722602131164937        7.6528533553348055       0.28098270995479657                0           0   97706.173216745112        1.0141787278782275E-004  0.50000000000000000              840  0.59664509506861130                0
         167         168  0.11739175763496201        6.6852661947444644E-002  -1.3371095085191684E-003  0.97921691183512483        87047.450602289726        21.873015901955345        13.513416964702687       0.69646426253787819                0           0   54043.113555826756        1.3272323952673876E-004  0.50000000000000000              870  0.41165929491097836                0
         177         178  0.17518944591650459       0.15841447355487015       -4.8844045916293037E-002  0.97081544669269548        1948.4551180766894        2.1174370246531056        1.2376968420700938       0.79686684433660770                0           0   2414382.1502485364        1.2793853451865820E-005  0.25000000000000000              880  0.48089329473079540                0
         181         182  0.16494482085752635        4.8117280213717237E-002  -2.2342341753636167E-003  0.98308070947828008        38113.841390388654        13.238244572811659        3.8596941693376334       0.33217921386875665                0           0   123428.00111539195        8.0485139620415977E-005  0.50000000000000000              884   3.1445325954071207E-002           0
         193         194  0.13607741833753259        1.4509867592654014E-002  -3.3139095177587647E-004  0.98026160729439438        98477.807758994706        22.203845682541278        14.447765683312833       0.76265766349328779                0           0   47770.308506030713        1.3480179630591914E-004  0.50000000000000000              896   1.0856046508526069                0
         195         196  0.23980714281985319       0.16746154432118399       -1.7866781603804005E-002  0.96643523058497638        13874.745800257982        8.3762612435180923        12.040574790443445        1.0164412599648589                0           0   339055.96004197007        5.0498069052990366E-005  0.50000000000000000              898  0.78999076232954923                0
         207         208   9.9440827635248155E-002   5.0100703362626467E-002  -8.7683211256005204E-003  0.98112175417415370        2910.2243960466299        2.1174416066239212        1.9405425361823239       0.73127326902867806                0           0   1616478.5313583727        1.2860786271453537E-005  0.25000000000000000              910  0.45351375153447215                0
         225         226  0.11258739991983015        4.7810171057872303E-002  -9.4939383745014589E-004  0.98185672257896206        88575.957032427817        21.129198100363176        14.513912324627436       0.70405595592029402                0           0   53110.521356517827        1.2838083044770557E-004  0.50000000000000000              928   1.0223739914620686                0
         235         236   9.9158490776633662E-002   3.5661683213779022E-002  -5.1301121046354124E-003  0.96614283730650707        4095.4263718306088        2.5687641194955386        3.5606809922665130       0.31607936021130378                0           0   1148675.3345151674        1.5484037106406675E-005  0.50000000000000000              938   8.2169433825160718E-002           0
         249         250   8.3325272192247987E-002   6.4931060179189190E-002  -5.9417119074347373E-003  0.97581540753508467        5929.7866670524481        3.3934150410168407        14.886922614734633       0.43450328451960735                0           0   793336.34104971308        2.0555510157367267E-005  0.25000000000000000              952   1.2424047429046912                0
         271         272  0.13618545113931463       0.10282415591629936       -1.7643068358636144E-003  0.98806680624688603        120181.93023047518        29.578155387187675        6.3693609776942166       0.48861568514606313                0           0   39143.282593508091        1.8027976026539725E-004  0.50000000000000000              974   9.2848899518386221E-002           0
         287         288   8.8414603939471620E-002   4.2704642040310346E-002  -5.8515194294090581E-004  0.98093659039144399        118941.02246670357        24.046383900145148        3.0328982101532573       0.60003735543877834                0           0   39551.663169548527        1.4603779329379048E-004  0.50000000000000000              990  0.19703333884015248                0
         291         292  0.10251315781699964        2.9651563345757474E-002  -1.1831110334550475E-003  0.98075559013170377        29765.556837160901        9.5746088155111213        11.140655331688571       0.58837281341905834                0           0   158045.59892431262        5.8142920318824777E-005   3.1250000000000000E-002         994  0.23393185158614666                0
         303         304  0.77980953382043972       0.33783563817501155       -5.2382472905160467E-002  0.97671789874474535        28033.625192942258        18.742492285908785        6.0516783758950865       0.63541249451791937                0           0   167809.73653129677        1.1358394461059082E-004  0.50000000000000000             1006  0.23339394174103464                0
         311         312  0.16827131513595273       0.11782564957455051       -9.1314488263872420E-003  0.97485864189666582        15717.300866973132        8.0915100549741776        15.397395768650576       0.16098716065503449                0           0   299308.08714936365        4.8990345746074786E-005  0.50000000000000000             1014 -0.12883032054185650                0
         321         322  0.12252965187021556        4.0765808550071510E-002  -1.0952504619379879E-003  0.97557453106160041        63331.226025514967        16.995860241612995        16.231728979036447       0.41966133905394298                0           0   74281.133539866772        1.0293936416602254E-004  0.25000000000000000             1024  0.71941730004044147                0
         323         324  0.13577855073708561        2.1714876777924844E-002  -1.0672784058174505E-003  0.97737634574565457        30402.145619620234        10.295090097572151        13.100132913052267       0.65318920493869526                0           0   154736.29119810546        6.2411468000077191E-005  0.25000000000000000             1026  0.36424049905127254                0
         337         338  0.14234346256931027        4.8688670540606271E-002  -2.7220309402593351E-003  0.98436219341894415        24424.438780536861        9.4883723855236379        12.644858451249455       0.40872920532546808                0           0   192606.89262565569        5.7724153992768256E-005  0.50000000000000000             1040   1.4565278778290021                0
         363         364   8.0030474895858961E-002   2.5241398542184282E-002  -3.2505135387658957E-004  0.96900162088983910        125469.53716214608        23.159872534501439        12.960086233153927       0.70617171241189680                0           0   37493.684634903126        1.3980643129274424E-004  0.50000000000000000             1066  0.54646982950841916                0
         371         372   9.0756420354949963E-002   8.9399293653254358E-002  -1.4941626717007766E-003  0.97790038526241019        78336.750524128642        20.236383406048532        10.758075551384005       0.45750430910755685                0           0   60052.468683849453        1.2271064128272370E-004  0.25000000000000000             1074  0.26807988996899756                0
         383         384   9.3433970454860987E-002   6.5975786712685114E-002  -2.9999592269293533E-003  0.97176827062077331        19385.313257799193        7.6576121486429507        10.917681030872323       0.47881189132395041                0           0   242674.19334851863        4.6290742961604388E-005  0.50000000000000000             1086  0.46697418581795791                0
         395         396  0.10118924464727580        7.2387835402996439E-002  -4.0679476328368365E-003  0.98184110250843104        15239.121285685993        6.7103307468978812        8.9161292354695316       0.49240347347652663                0           0   308699.90266850201        4.0771591993552411E-005  0.50000000000000000             1098   6.2478648603820075E-002           0
         401         402  0.11008182267075275        8.1520559788653676E-002  -2.1754919003101718E-003  0.98946501741247106        50292.904508829961        15.372504553420699        8.4582607508839551       0.43137463200664750                0           0   93538.349069078395        9.3761781152373525E-005  0.50000000000000000             1104  0.13733499422844911                0
         219         220   5.9461379470541447        2.5291364086335988      -0.75299076982192070       0.98221912150944157        80559.862777643633        74.428097414589246        7.2047271529972017       0.19607887753937539                0           0   58395.273967004177        4.5230718866207646E-004  0.50000000000000000              922  0.12512611885777308                0
         159         160  0.52009082554844766       0.13749382338007102       -6.8562166579241961E-003  0.98252657550525302        109146.58921206869        38.868446659729038        3.3597842553772037       0.57798357124250366                0           0   43100.891119047374        2.3624417772278330E-004  0.50000000000000000              862  0.18886854761746646                0
           1           2   2.0244841138268650       0.61000484406818434       -7.0741485713423660E-002  0.98738152934187551        118081.33591071346        65.056817812538299        15.243168002485243       0.48556098715367080                0           0   39839.617509086311        3.9638661146352313E-004  0.50000000000000000              704  0.12684350070756928                0
         283         284  0.18094602805437388        8.1870494517192083E-002  -1.6064068193646895E-003  0.97697797871714775        143540.44546752289        34.366892541613126        5.8397117487715571       0.28862773318153973                0           0   32773.447527785116        2.0829891525217590E-004  0.50000000000000000              986  -5.0582478715476470E-002           0
         185         186  0.24628085064239766        6.9358336926096664E-002  -1.8551080494142963E-003  0.99057546901522908        130681.44545928008        34.314639623851313        8.4543858994335341       0.53321621666501118                0           0   35998.341165507023        2.0941269287605858E-004  0.50000000000000000              888  0.21764898125016258                0
         191         192  0.17819880543248182        5.0730547014061628E-002  -8.9966543292994278E-004  0.98450778698896024        174927.64032278312        37.446621017460309        16.681681237793679       0.62582466567770978                0           0   26892.921261409472        2.2782970840593575E-004  0.25000000000000000              894  0.46985431616970069                0
          71          72  0.16939743337267674        2.6319217633798585E-002  -4.7647967898261517E-004  0.96976219828091648        170003.73667627125        34.870225322542275        10.629055459130397       0.27247095404274335                0           0   27671.834452691655        1.5082883319385277E-004  0.25000000000000000              774 -0.11814388424384763                0
          53          54  0.10539273585624893        8.3691576402142989E-002  -9.4861616487088496E-004  0.98840746126056767        171334.30925667207        34.651436372167325        12.959291971066401       0.25867816820957867                0           0   27456.936547351612        2.1096666920612941E-004  0.25000000000000000              756 -0.16972285990218824                0
         245         246  0.10614450888457336        7.9534736728126665E-002  -8.8338078697462622E-004  0.97533507163214717        180155.36208468804        35.614411017835778        9.6540668234252909       0.17019107153920368                0           0   26112.546433302068        2.1568078356416255E-004  0.50000000000000000              948  0.11104756158848386                0
         331         332  0.12214104311112879        9.8521910482032543E-002  -1.1537755047203683E-003  0.97154055198387024        188414.45473505274        38.868024797675822        15.785716778025822       0.29159577409287168                0           0   24967.910579153504        2.3493249830021899E-004  0.50000000000000000             1034   6.9071422466655222E-002           0
         203         204  0.10958957416913398        5.6611292613942377E-002  -6.2817234305771752E-004  0.98494187057407623        200051.97130642890        36.805509599966030        13.949228524018078       0.13736007984257456                0           0   23515.465640870621        1.6988547057778460E-004  0.50000000000000000              906 -0.16853655441844892                0
          21          22  0.17137201111473407        1.8580527211685235E-002  -2.8964617018065918E-004  0.97725619083110171        219756.57682243298        40.968444197440832        4.0096874077205271       0.24255236856763029                0           0   21406.937283364805        1.8343950172520064E-004  0.50000000000000000              724   6.6881152467995308E-002           0
         369         370  0.35577330781196675       0.28758888866695975       -6.5923629871082615E-003  0.96841922705639494        200307.85819162280        57.839387851881206        13.795554808374252       0.41339519436997246                0           0   23485.425385280789        3.4904883910831302E-004  0.50000000000000000             1072   1.5690507881232234                0
          77          78   9.3430964505624117E-002   2.0354482771848002E-002  -1.6334883162896549E-004  0.97425183352183942        309441.22681298596        43.386459025179242        10.837206078382442       0.55375107732994833                0           0   15202.613129787858        1.8457846561722538E-004  0.50000000000000000              780  0.84639012837910454                0
         315         316  0.30834333591613694       0.21242803698149326       -3.5544000840579989E-003  0.96932722246065328        288048.63087816222        68.675120176768687        8.1015310137292520       0.38802790217188743                0           0   16331.670257563481        4.1463143421502049E-004   3.1250000000000000E-002        1018  0.19857198831280332                0
          89          90  0.20842321107894346       0.10223825271363279       -1.3435582502014560E-003  0.98702482580270168        297769.38109927031        59.104743533761280        6.4490234075130859       0.75803379356103540                0           0   15798.519109916271        3.6005640583131949E-004  0.50000000000000000              792  0.40004802311589460                0
         155         156  0.50373356431637750       0.18870347651975347       -4.6345267489272665E-003  0.98128177235206437        293320.33962033020        76.435433608783669        11.764066684326380       0.72150661894421120                0           0   16038.148816184937        4.6428632181207922E-004  0.50000000000000000              858  0.45938722430882839                0
         187         188  0.16652052450678573        4.4390738220572948E-002  -5.1200105471243477E-004  0.98740860044556455        313872.49940009229        53.803263366689940        5.9692657884337201       0.66784547056991961                0           0   14987.981637882163        1.5401396217716847E-004  0.50000000000000000              890  0.29201689233902650                0
         255         256   8.3811449474318997E-002   3.0344259974373743E-002  -1.9498774621546684E-004  0.99476358635673934        366335.73421504453        48.606227887337262        9.8343581347132041       0.45687914497627008                0           0   12841.540746017587        1.7373772739312873E-004  0.50000000000000000              958  0.24040475967962530                0
          93          94   8.5361728603296438E-002   7.1347741082274679E-002  -4.1080252103106030E-004  0.97812880800934654        378910.90214675880        55.249666982163497        10.410770964385110       0.44925661188074434                0           0   12415.359998859836        1.7179347800011020E-004  0.50000000000000000              796  0.35073086148690041                0
          51          52  0.11606384615255892        9.5064690585184505E-002  -1.2277047817380282E-004  0.98216546894862911        4872245.1796842050        334.92038820457867        4.8663592317934441       0.45387783962837802                0           0   965.53335970454452        1.9588536546835959E-004  0.25000000000000000              754   6.4245044915324276E-002           0
          67          68  0.52597586808430075       0.46375414949012228       -9.5351984985231255E-003  0.98266064699714351        341740.68956755206        95.332992401100725        15.223452065975630       0.43781961767274036                0           0   13765.745201713413        5.7947742737167690E-004  0.50000000000000000              770   7.0916489242699110E-002           0
         213         214   8.6717284611907239E-002   1.7710005955573944E-002  -1.1427078035879827E-004  0.98213695314694749        400632.33674856107        50.085097135765906        4.3366265295049287       0.35004122153825490                0           0   11742.225542311169        1.5552041722878169E-004  0.50000000000000000              916  0.15177795141084677                0
         313         314  0.11479116130453372        5.7685466757393881E-002  -3.9453446450446250E-004  0.99253727403468150        435049.79924732697        62.547398305763593        3.2881591534108221       0.42640869753586402                0           0   10813.279918261374        1.7042172232509015E-004  0.50000000000000000             1016   7.7411576100731322E-002           0
         365         366  0.29906545429998188       0.27572229150032296       -3.4223050706489746E-003  0.97703614846779008        409915.73603235272        89.792227251814452        12.903696807379998       0.29293690742240369                0           0   11476.298283102440        5.4424978456707430E-004  0.50000000000000000             1068 -0.23638236275101909                0
         201         202  0.41909726131645580       0.36316033186407948       -5.4401348907038797E-003  0.97784193266974673        439642.50440806977        104.26124217537117        14.770516116834893       0.38970721988749296                0           0   10700.319487940789        6.3220712582260643E-004  0.50000000000000000              904   7.1811072369845380E-002           0
         171         172  0.11855449161888632       0.10910379859810015       -6.3808363105355751E-004  0.99690688946593098        502629.43037454027        75.543937317710842        4.4543780542461677       0.23579609492341538                0           0   9359.4106778413025        1.6222029374787257E-004  0.25000000000000000              874  -7.3409215857780388E-002           0
         347         348  0.19457293008789711        9.8264029982305379E-002  -8.4213227326918961E-004  0.97623178622328566        525292.62380639045        84.608893442837001        4.8234397127900772       0.39468193569641391                0           0   8955.6088253366652        5.1262384884362530E-004  0.12500000000000000             1050  0.15704162134662536                0
         343         344   9.9716206803828866E-002   3.9838043689421537E-002  -1.9541286924161294E-004  0.98547806040898511        644708.77578794607        75.758248904357316        13.998615127639725       0.57859298471802556                0           0   7296.8066114739531        4.6110969753691106E-004  0.50000000000000000             1046   1.7344775978697156                0
          99         100  0.11123848720615616        3.9011678252708890E-002  -1.9764343022701515E-004  0.98119635498491209        697449.45099556562        81.825121918085514        10.078507602857927       0.54697283953733611                0           0   6745.0268272914218        1.9609050585244134E-004  0.25000000000000000              802  0.13523709621433122                0
         391         392  0.13558686976987694        5.7578981684498085E-002  -2.5446740011902898E-004  0.98428057182237338        1015963.8259505472        114.33226250480101        11.710477752440113       0.31827463510646709                0           0   4630.3964151906221        1.9855493643177781E-004  0.50000000000000000             1094  0.10357093344751597                0
         385         386  0.12648191059682606        5.9749107023494945E-002  -2.5030111744847215E-004  0.99192399726360403        1010156.8010307509        112.51654391747591        16.440330407592679       0.27521033712912324                0           0   4657.0148840700185        1.9971473045980897E-004  0.50000000000000000             1088   7.4579603043612736E-003           0
          41          42  0.11122608390456809        8.6847116325004775E-002  -3.0034655602715249E-004  0.97689552612968544        1076875.4069236529        119.85571002551679        1.3542253191575704       0.83432218892001042                0           0   4368.4861102769009        1.9934720720389158E-004  0.44130547607356796              744  0.51974338858434710                0
         345         346  0.55774375829353751       0.47607345656862060       -4.7923803546830179E-003  0.97923176074338625        1065819.0059203701        206.47940675782556        2.0597582066398967       0.24919610904177833                0           0   4413.8031237137029        1.2529054742208931E-003  0.50000000000000000             1048  -4.2398919470472571E-002           0
          73          74  0.94128231410560004       0.69908498357263338       -1.0547991353088345E-002  0.98595090542721642        1010924.7705775029        232.48741209934116        16.008551938090257       0.52160399611735153                0           0   4653.4770880699325        1.4155097427745917E-003  0.50000000000000000              776  0.38526549489946083                0
         285         286   8.9462339041284894E-002   4.2834040765278178E-002  -1.2838168338598593E-004  0.97556116315563901        1178106.6063545495        111.23605151706303        9.8687501080383555       0.66531168991388645                0           0   3993.1150816660524        1.4410236536712358E-004  0.50000000000000000              988  0.22807537687420953                0
         293         294  0.55382231722128972       0.12326253909399966       -1.3046202120956597E-003  0.97555013427591697        1208714.8768618368        195.00098063437505        9.9160908554517704       0.52626347692318598                0           0   3891.9974823661364        1.1809822740092247E-003  0.50000000000000000              996  0.92234941148798666                0
         123         124  0.67985937278035102       0.12376754478802159       -1.4259437356367586E-003  0.97763450747397851        1328700.8239903566        219.90890269502705        7.9271400484589440       0.57151817017687234                0           0   3540.5376234484115        1.3330674591925293E-003  0.25000000000000000              826  0.32105928430087571                0
           7           8  0.10772050310063933        1.1526931384030817E-002  -3.7943697728780554E-005  0.99082248886431246        1424470.1409572540        121.95279694780302        11.810043872371208       0.46145232354981802                0           0   3302.5018372680170        1.6260639909577266E-004   6.2500000000000000E-002         710  -9.6490575758221425E-003           0
         355         356  0.32294731613854971       0.22153041596011064       -1.4146791448691402E-003  0.98835597978780254        1280677.5733209376        188.46314208734015        5.4094085669995833       0.43554706859408643                0           0   3673.3018174480535        1.1488556879049804E-003  0.50000000000000000             1058   6.7198954811182043E-002           0
          85          86   8.0567479673496034E-002   7.0359839832317903E-002  -1.6540594186675728E-004  0.98642166572395873        1357017.8794508749        127.71821781941760        8.1322425936640119       0.30957436484015977                0           0   3466.6567986181526        1.9401392259058692E-004   6.2500000000000000E-002         788  -5.6319119593222888E-002           0
         387         388  0.11696728908539532        8.3148869844046139E-002  -2.2937495944737820E-004  0.96230053696514184        1621773.8935325388        158.01346857647951        4.2169489519428289       0.58226698648812480                0           0   2900.7220281477398        9.4910625758462108E-004   1.9274740708879024E-005        1090  0.19534832211096909                0
         103         104   9.4240900685283069E-002   8.1646476448274677E-002  -1.9581474411928143E-004  0.97430932578693863        1543295.6101144454        146.43699954217337        3.8326318584412444       0.16024655937475651                0           0   3048.2269416265021        8.8618227905427590E-004  0.25000000000000000              806  -5.3826026860148549E-002           0
          65          66   8.1196656538748205E-002   3.2700733033609646E-002  -6.2627861262289943E-005  0.98184767372588766        2149336.5504112290        157.99647215383459        12.343243118341318       0.55487334980538594                0           0   2188.7290088398181        1.9363885980735446E-004  0.50000000000000000              768  0.17609663233936218                0
          15          16  0.12041882448822794        4.7134796559794988E-002  -1.1370748620294229E-004  0.97825164521118502        2263928.7909641471        186.02285177799217        11.807850263803953       0.58889037197637406                0           0   2077.9431210119114        1.1281688166013199E-003  0.50000000000000000              718  0.17995052690797389                0
         243         244  0.10897784068549871        6.2870305948584129E-002  -1.2688985103554134E-004  0.99345305026723485        2514966.0648626112        201.22235189126619        10.295655314163552       0.37161050608997470                0           0   1870.5283237695505        1.2297376519750148E-003  0.50000000000000000              946   7.3311951776950629E-002           0
         403         404  0.17519688796893346        3.8994197612049461E-002  -1.0593125682827959E-004  0.98389275953049993        2940504.9091532212        240.33752626834425        16.362301626551702       0.42449117791416874                0           0   1599.8324787695960        1.3250742020966036E-003   7.2050088069329206E-004        1106  0.14930002402028397                0
         127         128  0.41687934908818136       0.27898104023835063       -1.0601324713850049E-003  0.99434194081511351        3619474.9262651657        408.83142482301037        12.498314192389570       0.28528962495831955                0           0   1299.7231237899509        2.4997052625840904E-003  0.25000000000000000              830  -2.2796783799138853E-003           0
         217         218   8.1228311512873880E-002   6.5270211912634449E-002  -8.4864059256294254E-005  0.97696892315676265        3390006.8490829859        232.81876606981328        15.621321150631079       0.74676702386694760                0           0   1387.7008121435813        1.4110585494170628E-003  0.50000000000000000              920  0.32169400845355128                0
         143         144  0.25022565110097550       0.15769561095085233       -3.9893226177458845E-004  0.97378367469115990        4047244.7606835263        368.61381757316616        9.4245931604308950       0.64327190641738519                0           0   1162.3500766111972        2.2305190603367172E-003  0.50000000000000000              846  0.21916032663707327                0
          61          62  0.16574606629006447        5.1105325148539382E-002  -1.0680914848388477E-004  0.98146224652464376        3985102.7316611102        295.54272204541036        6.0103200329148825       0.43966113509631477                0           0   1180.4752786595950        1.7952874583487142E-003  0.50000000000000000              764  0.27991164668819424                0
          29          30   9.2064989403419284E-002   3.8673592252436655E-002  -4.8326417632826574E-005  0.98790084533106615        4595724.3541263249        274.56410217347485        6.6190051006383728       0.82665977638634547                0           0   1023.6286807368981        1.6733196375634911E-003  0.12500000000000000              732  0.51033714969928956                0
         405         406   8.7236661288412828E-002   5.5735761705262711E-002  -1.4072219982536795E-005  0.99445045527554632        44632234.652881853        1287.6258805654079        10.294459644740598       0.66424051341125445                0           0   105.40174145954420        7.8733128566099032E-003  0.50000000000000000             1108   1.2953825359507452                0
          45          46   8.6894120985331738E-002   8.6164685909330241E-002  -8.2040856412477007E-005  0.98387083180607882        5506893.1944410549        340.10174038637848        7.7269272370985105       0.63902388574683866                0           0   854.25939664011355        2.0685513436049150E-003  0.25000000000000000              748  0.47197155205067065                0
         161         162   9.3309048906446132E-002   9.2827486138433946E-002  -9.1369737243294705E-005  0.98826422183751006        5621476.2529903809        353.27858503430923        7.5297495300621442       0.48805631405704858                0           0   836.84695014806323        2.1526482360804716E-003   6.1173366420278727E-005         864  0.14002567174782679                0
         289         290  0.10428359770713377        2.3242149003040714E-002  -2.7029455480585399E-005  0.98098876528021695        6248169.1180354115        334.17528413163399        16.519240671406752       0.16364415143281177                0           0   752.91099981044113        2.0079376053547381E-003   5.6226793261469150E-004         992  -4.6016321408023531E-002           0
         115         116   9.5073144526220191E-002   4.6025486525321645E-002  -4.6726263478262970E-005  0.98361077625756288        6339435.9430684811        348.99124241529205        12.179779288260091       0.47628311322105688                0           0   742.07158174513086        2.1223306805025111E-003  0.12500000000000000              818  0.16990513462615861                0
         223         224  0.13901763968801717        6.0776114313866474E-002  -7.7058759109620046E-005  0.98945844965640317        6749156.8240493666        408.60169668243503        4.8170932041065990       0.33765436288901013                0           0   697.02266228009546        1.8540132889934267E-003   4.3844452114941374E-004         926  0.10424552950874734                0
         199         200  0.11230093762090229        4.7925291740752780E-002  -4.9845320530023470E-005  0.98557578802919299        7365259.5215128316        402.38621163417127        8.9499217521020320       0.36394533995355682                0           0   638.71683596540686        2.4494184751019071E-003  0.50000000000000000              902  0.76389665074797786                0
         373         374  0.15845034820673778       0.15233439132851201       -1.7085702688685625E-004  0.97949689249523308        7914561.4975753976        526.47487573270632        4.3791956368121570       0.40654128950803275                0           0   594.38735286672750        3.1365636137904067E-003   5.6831766272519184E-005        1076  0.10374129848755569                0
          69          70  0.10464422723177559       0.10349050793134676       -8.6377732787562200E-005  0.98042651398566583        8085705.8082159301        467.23280664956275        11.527575937485295       0.16860525881925340                0           0   581.80638391081243        2.8368343572848856E-003  0.50000000000000000              772 -0.16213818526410839                0
          95         546  0.62290701776509083       0.52092362269304604       -4.1543656225982023E-003  0.93272069739080021        1696005.3025631402        291.07968489862787        8.4627653345704310       0.53299759437743310                0           0   2773.7621165070777        1.5870692025451996E-003   4.0410185720006998E-003         798  0.34186099090295585                0
         265         266   8.4095384718170976E-002   3.6296916915751078E-002  -2.5177934556629424E-005  0.98207404454422209        10108868.987817822        451.79470294147404        3.7433444067102952       0.50583732553309857                0           0   465.36514256084672        2.4040555718754957E-003   6.3539679370403206E-004         968  0.21604732015234865                0
         367         368  0.20322917187314732       0.17631903439505672       -1.9839425628863185E-004  0.98268899671927068        10353089.879487107        673.09364094465093        13.146337834636578       0.52438111203268623                0           0   454.38756085423012        2.8820807112032360E-003   3.9894082228528069E-004        1070   1.5318965878225619                0
         305         306   8.5255713978393793E-002   1.6586699482616780E-002  -1.1931200371230782E-005  0.97557216214542408        10624387.113807641        441.69112072417624        12.891419504152948       0.26150090557856642                0           0   442.78462439785847        2.6751951435917505E-003  0.50000000000000000             1008   7.8409631513121414E-002           0
         325         326  0.14296285691723640        1.8018411898666035E-002  -1.7591034512000332E-005  0.98525910189351285        11605238.715074902        545.71725305743564        7.6079473742826735       0.37652596903433705                0           0   405.36135215676182        1.9976652747874619E-004  0.25000000000000000             1028   2.6618621682807063E-002           0
         119         120  0.12744757891135747        8.2887871857059842E-002  -6.3848789170769046E-005  0.98269985033698937        12193204.574003790        616.57973866081329        9.9749706466599761       0.25572124446252292                0           0   385.81451078697370        3.7479255214838184E-003  0.12500000000000000              822   6.7843715934336288E-002           0
         133         134  0.13034205300579016        4.8697333779162973E-002  -3.8327329510577861E-005  0.98105278320243461        13234779.461463254        617.16390273007846        6.3671782224218649       0.47574252480277379                0           0   355.45097455856268        3.1115903635607475E-003   6.0334001422111404E-004         836  0.20953159075381192                0
          17          18   8.8310858010865509E-002   3.6165089814597706E-002  -2.2321003472730643E-005  0.98140412768925933        12747100.610456508        533.22349031307033        8.6468813947290144       0.36396469755565752                0           0   369.04982563531280        3.2391129273980847E-003  0.50000000000000000              720  -4.3249015707038846E-002           0
         275         276  0.13196141201412448        6.9014568623332620E-002  -4.7734063391436422E-005  0.97885642843509735        15446715.216556508        711.01483509188233        10.592951064576175       0.42017184127655072                0           0   304.55117425887795        4.2566486279950761E-003   6.5941959032695470E-004         978  0.37081919800120289                0
         221         222  0.10685030920939192        6.9974509155263417E-002  -3.1625809804551788E-005  0.98443213611585301        22714783.521860518        881.03533220232976        12.072046989566102       0.19346123791751882                0           0   207.10367999401666        4.1522381886421583E-003   4.2819442235546690E-005         924 -0.20277441430177146                0
         157         158  0.17882018552997023        8.7937108552675433E-002  -4.2075688066510743E-005  0.98507410818408814        36757614.682093255        1392.7617529623799        6.6325427160736643       0.37189384038993895                0           0   127.98206027053503        7.8269773024213143E-003   3.8818974024572327E-004         860   8.1742385321429290E-003           0
         145         146  0.11284151051838727        7.1741434973604884E-002  -2.4259721611461743E-005  0.99378761685421080        37282338.802524358        1243.5764052292222        11.692608875818244       0.41458492559218774                0           0   126.18079789903734        6.3691737969868772E-003   2.1236936895975032E-004         848  0.14864710698103181                0
         399         400  0.17014458503807270        6.6018282057290864E-002  -2.6984417908252730E-005  0.99072837377261802        45921637.638288967        1551.2744253502283        10.816128122853019       0.22720275113535099                0           0   102.44223637447885        9.0059238778989314E-003   1.1011659897112158E-004        1102 -0.12836222055526209                0
         267         268  0.11152016154947933        1.9237634443879208E-002  -2.0555837703027031E-005  0.97570815239889142        7748011.3721102346        388.94591431760125        2.4223378821506776       0.54401546138964196                0           0   607.16421694712926        1.5516695779331712E-003   4.8219446722965294E-004         970  0.15214983523356240                0
