 1031372   1   373 106   0      1.4   7.73   4.63  5.656     0.0  -0.2148   0.0000
  -1.117645   0.000000   0.245611   0.096985  -0.663599   0.060150   0.000000   0.000000   0.000000   0.000000
   0.00000   0.00000   0.13455   0.02867   0.00000  -1.11764   0.00000   0.00000  -0.87203   0.66276   0.19282   0.00000   0.00000
 NAME(I1)    NAME(I2)    M1[M*]                    M2[M*]                    EB[NB]                    ECC                       P[Days]                   SEMI[AU]                  RI[PC]                    VI[km/s]                  K*(I1)      K*(I2)      ZN[NB]                    RP[NB]                    STEP(I1)[NB]              NAME(ICM)                 ECM[NB]                   K*(ICM)      
           3           4   8.7970317491499028E-002   4.9196061553816367E-002  -9.2897646351125171E-004  0.98018963898304645        71340.815372945974        17.361255191394889        4.0085165999124985       0.19515395292854176                0           0   65941.428242054317        1.0539810829294615E-004  0.50000000000000000              706   6.6934157569634195E-002           0
          59          60  0.52934127945164156       0.11516011942956719       -3.1001072744619322E-002  0.99635260950274573        9025.0375450904266        7.3279160146024838        14.114639564933579       0.89343408761078302                0           0   521251.59969045070        4.4850020571511419E-005  0.50000000000000000              762   1.3849815288120229                0
          63          64  0.11284127030153632        5.3401276685359052E-002  -1.4468849236327175E-003  0.97984293960292113        54774.265105649982        15.520472950299069        13.092300813453537       0.36660960722477970                0           0   85885.502043175962        9.4206442072616631E-005  0.25000000000000000              766  0.19067471699133123                0
          83          84  0.10272953417562042        4.1373672231505683E-002  -1.2819188696754095E-003  0.97370419826673227        41789.837138321200        12.356008093958177        16.385048242417202       0.40242558730916617                0           0   112570.79662870750        7.4766174595093939E-005  0.25000000000000000              786  0.30843607979863730                0
         131         132   8.4797441590329786E-002   6.4637458177469395E-002  -7.7121942017657882E-004  0.98912831439601701        128788.41655396212        26.485513546867381        7.1113940102559692       0.43940808748442367                0           0   36527.471829531067        1.6151620773559698E-004   7.8125000000000000E-003         834  0.10161047333351106                0
         137         138  0.13717930409073115       0.13193897190263901       -4.0334545728335997E-003  0.97817964388784162        48147.574536657077        16.722602131164937        7.5705236102924616       0.28411279719147103                0           0   97706.173216745112        1.0141787278782275E-004  0.50000000000000000              840  0.59666024177849331                0
         167         168  0.11739175763496201        6.6852661947444644E-002  -1.3371095085191684E-003  0.97921691183512483        87047.450602289726        21.873015901955345        14.228935867573480       0.69686759299596790                0           0   54043.113555826756        1.3272323952673876E-004  0.50000000000000000              870  0.41165424553533481                0
         177         178  0.17518944591650459       0.15841447355487015       -4.8844045916293037E-002  0.97081544669269548        1948.4551180766894        2.1174370246531056       0.86920413993195866       0.79678736000921113                0           0   2414382.1502485364        1.2793853451865820E-005  0.25000000000000000              880  0.48099581548719855                0
         181         182  0.16494482085752635        4.8117280213717237E-002  -2.2342341753636167E-003  0.98308070947828008        38113.841390388654        13.238244572811659        3.4752623485977820       0.33260329750832790                0           0   123428.00111539195        8.0485139620415977E-005  0.50000000000000000              884   3.1337050735512254E-002           0
         193         194  0.13607741833753259        1.4509867592654014E-002  -3.3139095177587647E-004  0.98026160729439438        98477.807758994706        22.203845682541278        14.917120399472271       0.76467983637643067                0           0   47770.308506030713        1.3480179630591914E-004  0.50000000000000000              896   1.0851564657900863                0
         195         196  0.23980714281985319       0.16746154432118399       -1.7866781603804005E-002  0.96643523058497638        13874.745800257982        8.3762612435180923        11.693863008161170        1.0172342332333686                0           0   339055.96004197007        5.0498069052990366E-005  0.50000000000000000              898  0.79023990504615482                0
         207         208   9.9440827635248155E-002   5.0100703362626467E-002  -8.7683211256005204E-003  0.98112175417415370        2910.2243960466299        2.1174416066239212        2.4495877002478519       0.73065308415019647                0           0   1616478.5313583727        1.2860786271453537E-005  0.25000000000000000              910  0.45356777041772905                0
         225         226  0.11258739991983015        4.7810171057872303E-002  -9.4939383745014589E-004  0.98185672257896206        88575.957032427817        21.129198100363176        14.961186649086093       0.70676991629928565                0           0   53110.521356517827        1.2838083044770557E-004  0.50000000000000000              928   1.0223323187476216                0
         235         236   9.9158490776633662E-002   3.5661683213779022E-002  -5.1301121046354124E-003  0.96614283730650707        4095.4263718306088        2.5687641194955386        2.9586155914266370       0.31722052124312661                0           0   1148675.3345151674        1.5484037106406675E-005  0.50000000000000000              938   8.2158145447068717E-002           0
         249         250   8.3325272192247987E-002   6.4931060179189190E-002  -5.9417119074347373E-003  0.97581540753508467        5929.7866670524481        3.3934150410168407        15.108661954793451       0.43296848136581356                0           0   793336.34104971308        2.0555510157367267E-005  0.25000000000000000              952   1.2424183472165375                0
         271         272  0.13618545113931463       0.10282415591629936       -1.7643068358636144E-003  0.98806680624688603        120181.93023047518        29.578155387187675        6.9744856161507593       0.48802380759280001                0           0   39143.282593508091        1.8027976026539725E-004  0.50000000000000000              974   9.2879096082859505E-002           0
         287         288   8.8414603939471620E-002   4.2704642040310346E-002  -5.8515194294090581E-004  0.98093659039144399        118941.02246670357        24.046383900145148        2.9606257641246452       0.59992810817456266                0           0   39551.663169548527        1.4603779329379048E-004  0.50000000000000000              990  0.19692974045921530                0
         291         292  0.10251315781699964        2.9651563345757474E-002  -1.1831110334550475E-003  0.98075559013170377        29765.556837160901        9.5746088155111213        11.905445429320675       0.58838066227710140                0           0   158045.59892431262        5.8142920318824777E-005   3.1250000000000000E-002         994  0.23392779546651563                0
         303         304  0.77980953382043972       0.33783563817501155       -5.2382472905160467E-002  0.97671789874474535        28033.625192942258        18.742492285908785        5.6567368359820343       0.63526970056163223                0           0   167809.73653129677        1.1358394461059082E-004  0.50000000000000000             1006  0.23328598165712416                0
         311         312  0.16827131513595273       0.11782564957455051       -9.1314488263872420E-003  0.97485864189666582        15717.300866973132        8.0915100549741776        16.073903832043889       0.16045064064529330                0           0   299308.08714936365        4.8990345746074786E-005  0.50000000000000000             1014 -0.12887976782604754                0
         321         322  0.12252965187021556        4.0765808550071510E-002  -1.0952504619379879E-003  0.97557453106160041        63331.226025514967        16.995860241612995        16.675534090468567       0.41900674344962374                0           0   74281.133539866772        1.0293936416602254E-004  0.25000000000000000             1024  0.71940716065062693                0
         323         324  0.13577855073708561        2.1714876777924844E-002  -1.0672784058174505E-003  0.97737634574565457        30402.145619620234        10.295090097572151        13.592301877590803       0.65442474896879066                0           0   154736.29119810546        6.2411468000077191E-005  0.25000000000000000             1026  0.36423614827800121                0
         337         338  0.14234346256931027        4.8688670540606271E-002  -2.7220309402593351E-003  0.98436219341894415        24424.438780536861        9.4883723855236379        12.482832159967435       0.40801171385912688                0           0   192606.89262565569        5.7724153992768256E-005  0.50000000000000000             1040   1.4565075613700031                0
         363         364   8.0030474895858961E-002   2.5241398542184282E-002  -3.2505135387658957E-004  0.96900162088983910        125469.53716214608        23.159872534501439        12.869420449178897       0.70663047065321083                0           0   37493.684634903126        1.3980643129274424E-004  0.50000000000000000             1066  0.54650244829433914                0
         371         372   9.0756420354949963E-002   8.9399293653254358E-002  -1.4941626717007766E-003  0.97790038526241019        78336.750524128642        20.236383406048532        10.767372334384465       0.45892776679435682                0           0   60052.468683849453        1.2271064128272370E-004  0.25000000000000000             1074  0.26813386418870311                0
         383         384   9.3433970454860987E-002   6.5975786712685114E-002  -2.9999592269293533E-003  0.97176827062077331        19385.313257799193        7.6576121486429507        10.274248546415949       0.47757875926953919                0           0   242674.19334851863        4.6290742961604388E-005  0.50000000000000000             1086  0.46698809777676664                0
         395         396  0.10118924464727580        7.2387835402996439E-002  -4.0679476328368365E-003  0.98184110250843104        15239.121285685993        6.7103307468978812        8.7681910812259751       0.49252362982491199                0           0   308699.90266850201        4.0771591993552411E-005  0.50000000000000000             1098   6.2408430654437928E-002           0
         401         402  0.11008182267075275        8.1520559788653676E-002  -2.1754919003101718E-003  0.98946501741247106        50292.904508829961        15.372504553420699        7.9547930946559111       0.43002210209845010                0           0   93538.349069078395        9.3761781152373525E-005  0.50000000000000000             1104  0.13735076968888882                0
         219         220   5.9461379470541447        2.5291364086335988      -0.75299076982192070       0.98221912150944157        80559.862777643633        74.428097414589246        6.6433687157787737       0.19510720295157580                0           0   58395.273967004177        4.5230718866207646E-004  0.50000000000000000              922  0.12505700248862670                0
         159         160  0.52009082554844766       0.13749382338007102       -6.8562166579241961E-003  0.98252657550525302        109146.58921206869        38.868446659729038        2.8543036958552164       0.57791415048764838                0           0   43100.891119047374        2.3624417772278330E-004  0.50000000000000000              862  0.18813649952832975                0
           1           2   2.0244841138268650       0.61000484406818434       -7.0741485713423660E-002  0.98738152934187551        118081.33591071346        65.056817812538299        15.954792285879087       0.48623173062137354                0           0   39839.617509086311        3.9638661146352313E-004  0.50000000000000000              704  0.12683324117944278                0
         283         284  0.18094602805437388        8.1870494517192083E-002  -1.6064068193646895E-003  0.97697797871714775        143540.44546752289        34.366892541613126        5.6883018648733579       0.28822095403254244                0           0   32773.447527785116        2.0829891525217590E-004  0.50000000000000000              986  -5.0658391624540201E-002           0
         185         186  0.24628085064239766        6.9358336926096664E-002  -1.8551080494142963E-003  0.99057546901522908        130681.44545928008        34.314639623851313        8.1146270546958537       0.53254013729487726                0           0   35998.341165507023        2.0941269287605858E-004  0.50000000000000000              888  0.21762856570102282                0
         191         192  0.17819880543248182        5.0730547014061628E-002  -8.9966543292994278E-004  0.98450778698896024        174927.64032278312        37.446621017460309        17.363600495474497       0.62609578974025060                0           0   26892.921261409472        2.2782970840593575E-004  0.25000000000000000              894  0.46984911571320265                0
          71          72  0.16939743337267674        2.6319217633798585E-002  -4.7647967898261517E-004  0.96976219828091648        170003.73667627125        34.870225322542275        10.950068715371712       0.27284435288368936                0           0   27671.834452691655        1.5082883319385277E-004  0.25000000000000000              774 -0.11810417979291703                0
          53          54  0.10539273585624893        8.3691576402142989E-002  -9.4861616487088496E-004  0.98840746126056767        171334.30925667207        34.651436372167325        13.523960887127055       0.25775297542733483                0           0   27456.936547351612        2.1096666920612941E-004  0.25000000000000000              756 -0.16992672200385375                0
         245         246  0.10614450888457336        7.9534736728126665E-002  -8.8338078697462622E-004  0.97533507163214717        180155.36208468804        35.614411017835778        9.0560245314216026       0.16851704062107625                0           0   26112.546433302068        2.1568078356416255E-004  0.50000000000000000              948  0.11106055947251227                0
         331         332  0.12214104311112879        9.8521910482032543E-002  -1.1537755047203683E-003  0.97154055198387024        188414.45473505274        38.868024797675822        16.473237037725166       0.29140936268065715                0           0   24967.910579153504        2.3493249830021899E-004  0.50000000000000000             1034   6.9083756248391970E-002           0
         203         204  0.10958957416913398        5.6611292613942377E-002  -6.2817234305771752E-004  0.98494187057407623        200051.97130642890        36.805509599966030        14.542288672213274       0.13632644161341312                0           0   23515.465640870621        1.6988547057778460E-004  0.50000000000000000              906 -0.16855323221383745                0
          21          22  0.17137201111473407        1.8580527211685235E-002  -2.8964617018065918E-004  0.97725619083110171        219756.57682243298        40.968444197440832        3.4177647833630469       0.24225804055438224                0           0   21406.937283364805        1.8343950172520064E-004  0.50000000000000000              724   6.6960854667462058E-002           0
         369         370  0.35577330781196675       0.28758888866695975       -6.5923629871082615E-003  0.96841922705639494        200307.85819162280        57.839387851881206        13.751012906646238       0.41306731516877099                0           0   23485.425385280789        3.4904883910831302E-004  0.50000000000000000             1072   1.5689881726912520                0
          77          78   9.3430964505624117E-002   2.0354482771848002E-002  -1.6334883162896549E-004  0.97425183352183942        309441.22681298596        43.386459025179242        10.383006280718970       0.55503757772791806                0           0   15202.613129787858        1.8457846561722538E-004  0.50000000000000000              780  0.84623061708964253                0
         315         316  0.30834333591613694       0.21242803698149326       -3.5544000840579989E-003  0.96932722246065328        288048.63087816222        68.675120176768687        7.4507817378385557       0.39052616058216982                0           0   16331.670257563481        4.1463143421502049E-004   1.5625000000000000E-002        1018  0.19843754832939386                0
          89          90  0.20842321107894346       0.10223825271363279       -1.3435582502014560E-003  0.98702482580270168        297769.38109927031        59.104743533761280        6.0723895662983125       0.75791529467734731                0           0   15798.519109916271        3.6005640583131949E-004  0.50000000000000000              792  0.39998983225575208                0
         155         156  0.50373356431637750       0.18870347651975347       -4.6345267489272665E-003  0.98128177235206437        293320.33962033020        76.435433608783669        11.411950732205966       0.72281520694011947                0           0   16038.148816184937        4.6428632181207922E-004  0.50000000000000000              858  0.45943146484551889                0
         187         188  0.16652052450678573        4.4390738220572948E-002  -5.1200105471243477E-004  0.98740860044556455        313872.49940009229        53.803263366689940        5.5316166263148308       0.66774231151188179                0           0   14987.981637882163        1.5401396217716847E-004  0.50000000000000000              890  0.29215723121477183                0
         255         256   8.3811449474318997E-002   3.0344259974373743E-002  -1.9498774621546684E-004  0.99476358635673934        366335.73421504453        48.606227887337262        9.1691111740458204       0.45655458079609706                0           0   12841.540746017587        1.7373772739312873E-004  0.50000000000000000              958  0.24023831047000263                0
          93          94   8.5361728603296438E-002   7.1347741082274679E-002  -4.1080252103106030E-004  0.97812880800934654        378910.90214675880        55.249666982163497        9.6757580011249527       0.45101589816563120                0           0   12415.359998859836        1.7179347800011020E-004  0.50000000000000000              796  0.35078314976159874                0
          95         546  0.62290701776509083       0.52092362269304604       -3.7742968084477999E-003  0.93638006643895288        1958529.8937023615        320.39118748503728        7.7698571769391656       0.51878169930087892                0           0   2401.9624478398077        1.8734027750354513E-003   5.1080515534663532E-003         798  0.32406713436718287                0
          67          68  0.52597586808430075       0.46375414949012228       -9.5351984985231255E-003  0.98266064699714351        341740.68956755206        95.332992401100725        15.550453329209997       0.43933219900101034                0           0   13765.745201713413        5.7947742737167690E-004  0.50000000000000000              770   7.0907972739629177E-002           0
         213         214   8.6717284611907239E-002   1.7710005955573944E-002  -1.1427078035879827E-004  0.98213695314694749        400632.33674856107        50.085097135765906        3.7724496294909011       0.34946025075467940                0           0   11742.225542311169        1.5552041722878169E-004  0.50000000000000000              916  0.15184753831922915                0
         313         314  0.11479116130453372        5.7685466757393881E-002  -3.9453446450446250E-004  0.99253727403468150        435049.79924732697        62.547398305763593        2.9289679456494291       0.42715748762357036                0           0   10813.279918261374        1.7042172232509015E-004  0.50000000000000000             1016   7.7401973921899375E-002           0
         365         366  0.29906545429998188       0.27572229150032296       -3.4223050706489746E-003  0.97703614846779008        409915.73603235272        89.792227251814452        13.128218169716940       0.29336796334002191                0           0   11476.298283102440        5.4424978456707430E-004  0.50000000000000000             1068 -0.23636559521707728                0
         201         202  0.41909726131645580       0.36316033186407948       -5.4401348907038797E-003  0.97784193266974673        439642.50440806977        104.26124217537117        15.478338856159725       0.38955812573038140                0           0   10700.319487940789        6.3220712582260643E-004  0.50000000000000000              904   7.1829379020517808E-002           0
         171         172  0.11855449161888632       0.10910379859810015       -6.3808363105355751E-004  0.99690688946593098        502629.43037454027        75.543937317710842        4.3691136251732257       0.23577346440598812                0           0   9359.4106778413025        1.6222029374787257E-004  0.25000000000000000              874  -7.3453073663744484E-002           0
         347         348  0.19457293008789711        9.8264029982305379E-002  -8.4213227326918961E-004  0.97623178622328566        525292.62380639045        84.608893442837001        5.4691461240512318       0.39334630183483998                0           0   8955.6088253366652        5.1262384884362530E-004  0.12500000000000000             1050  0.15706241682085853                0
         343         344   9.9716206803828866E-002   3.9838043689421537E-002  -1.9541286924161294E-004  0.98547806040898511        644708.77578794607        75.758248904357316        13.938544213746297       0.57686241503905478                0           0   7296.8066114739531        4.6110969753691106E-004  0.50000000000000000             1046   1.7347895180796822                0
          99         100  0.11123848720615616        3.9011678252708890E-002  -1.9764343022701515E-004  0.98119635498491209        697449.45099556562        81.825121918085514        9.5791478266933083       0.54693370381111051                0           0   6745.0268272914218        1.9609050585244134E-004  0.25000000000000000              802  0.13504924436139193                0
         391         392  0.13558686976987694        5.7578981684498085E-002  -2.5446740011902898E-004  0.98428057182237338        1015963.8259505472        114.33226250480101        12.153085155479157       0.31735231450005674                0           0   4630.3964151906221        1.9855493643177781E-004  0.50000000000000000             1094  0.10358949760497378                0
         385         386  0.12648191059682606        5.9749107023494945E-002  -2.5030111744847215E-004  0.99192399726360403        1010156.8010307509        112.51654391747591        17.190823272370988       0.27529991126877279                0           0   4657.0148840700185        1.9971473045980897E-004  0.50000000000000000             1088   7.4759014203840575E-003           0
          41          42  0.11122608390456809        8.6847116325004775E-002  -3.0034655602715249E-004  0.97689552612968544        1076875.4069236529        119.85571002551679        1.4648820774069036       0.83437724748851394                0           0   4368.4861102769009        1.9934720720389158E-004  0.44130549828641608              744  0.51983571916454985                0
         345         346  0.55774375829353751       0.47607345656862060       -4.7923803546830179E-003  0.97923176074338625        1065819.0059203701        206.47940675782556        2.5827321841513422       0.24962915455256601                0           0   4413.8031237137029        1.2529054742208931E-003  0.50000000000000000             1048  -4.2399283408071961E-002           0
          73          74  0.94128231410560004       0.69908498357263338       -1.0547991353088345E-002  0.98595090542721642        1010924.7705775029        232.48741209934116        16.625808888353639       0.52312566641174607                0           0   4653.4770880699325        1.4155097427745917E-003  0.50000000000000000              776  0.38525472458686594                0
         285         286   8.9462339041284894E-002   4.2834040765278178E-002  -1.2838168338598593E-004  0.97556116315563901        1178106.6063545495        111.23605151706303        9.7254047566272064       0.66565280113211378                0           0   3993.1150816660524        1.4410236536712358E-004  0.50000000000000000              988  0.22802181171383584                0
         293         294  0.55382231722128972       0.12326253909399966       -1.3046202120956597E-003  0.97555013427591697        1208714.8768618368        195.00098063437505        9.5216001732025717       0.52817647926521949                0           0   3891.9974823661364        1.1809822740092247E-003  0.50000000000000000              996  0.92240760123096965                0
         123         124  0.67985937278035102       0.12376754478802159       -1.4259437356367586E-003  0.97763450747397851        1328700.8239903566        219.90890269502705        7.2568686784214611       0.57238023749336386                0           0   3540.5376234484115        1.3330674591925293E-003  0.25000000000000000              826  0.32061757579744238                0
           7           8  0.10772050310063933        1.1526931384030817E-002  -3.7943697728780554E-005  0.99082248886431246        1424470.1409572540        121.95279694780302        12.124355164119267       0.46201019713095987                0           0   3302.5018372680170        1.6260639909577266E-004   6.2500000000000000E-002         710  -9.6526932822278977E-003           0
         355         356  0.32294731613854971       0.22153041596011064       -1.4146791448691402E-003  0.98835597978780254        1280677.5733209376        188.46314208734015        5.9635628801025931       0.43577846931549358                0           0   3673.3018174480535        1.1488556879049804E-003  0.50000000000000000             1058   6.7209820654898195E-002           0
          85          86   8.0567479673496034E-002   7.0359839832317903E-002  -1.6540594186675728E-004  0.98642166572395873        1357017.8794508749        127.71821781941760        8.5571580063125232       0.31028332960343974                0           0   3466.6567986181526        1.9401392259058692E-004   6.2500000000000000E-002         788  -5.6313647834030769E-002           0
         387         388  0.11696728908539532        8.3148869844046139E-002  -2.2937041008985173E-004  0.96267726803861986        1621822.1434300514        158.01660263270878        3.4745666110561033       0.59649887009996017                0           0   2900.6357304355424        3.9718637003669584E-004   1.3176861704927355E-005        1090  0.20942175772940558                0
         103         104   9.4240900685283069E-002   8.1646476448274677E-002  -1.9581474411928143E-004  0.97430932578693863        1543295.6101144454        146.43699954217337        3.3805599030579025       0.15993973595157118                0           0   3048.2269416265021        8.8618227905427590E-004  0.25000000000000000              806  -5.3477189351232662E-002           0
          65          66   8.1196656538748205E-002   3.2700733033609646E-002  -6.2627861262289943E-005  0.98184767372588766        2149336.5504112290        157.99647215383459        12.827021970811069       0.55527837419389170                0           0   2188.7290088398181        1.9363885980735446E-004  0.50000000000000000              768  0.17607848186010433                0
          15          16  0.12041882448822794        4.7134796559794988E-002  -1.1370748620294229E-004  0.97825164521118502        2263928.7909641471        186.02285177799217        12.242121253012765       0.58989101436286728                0           0   2077.9431210119114        1.1281688166013199E-003  0.50000000000000000              718  0.17992091273782659                0
         243         244  0.10897784068549871        6.2870305948584129E-002  -1.2688985103554134E-004  0.99345305026723485        2514966.0648626112        201.22235189126619        9.6388301695767264       0.37210643788266634                0           0   1870.5283237695505        1.2297376519750148E-003  0.50000000000000000              946   7.3327729450434115E-002           0
         403         404  0.17519688796893346        3.8994197612049461E-002  -1.0593114842278593E-004  0.98389306697378442        2940509.4229384377        240.33777221968685        17.110942950446134       0.42358167765620230                0           0   1599.8300229705649        7.9361042363397267E-004   5.5281605862028574E-004        1106  0.14897333996721249                0
         127         128  0.41687934908818136       0.27898104023835063       -1.0601324713850049E-003  0.99434194081511351        3619474.9262651657        408.83142482301037        12.878984123264010       0.28668870157133536                0           0   1299.7231237899509        2.4997052625840904E-003  0.25000000000000000              830  -2.2858966844840345E-003           0
         217         218   8.1228311512873880E-002   6.5270211912634449E-002  -8.4864059256294254E-005  0.97696892315676265        3390006.8490829859        232.81876606981328        16.195703528407488       0.74543170816783422                0           0   1387.7008121435813        1.4110585494170628E-003  0.50000000000000000              920  0.32168769171885814                0
         143         144  0.25022565110097550       0.15769561095085233       -3.9893226177458845E-004  0.97378367469115990        4047244.7606835263        368.61381757316616        9.1416509213492834       0.64354503263861018                0           0   1162.3500766111972        2.2305190603367172E-003  0.50000000000000000              846  0.21903978148995273                0
          61          62  0.16574606629006447        5.1105325148539382E-002  -1.0680914848388477E-004  0.98146224652464376        3985102.7316611102        295.54272204541036        6.0592139125667259       0.44010477097203060                0           0   1180.4752786595950        1.7952874583487142E-003  0.50000000000000000              764  0.27993641295460053                0
          29          30   9.2064989403419284E-002   3.8673592252436655E-002  -4.8326417632826574E-005  0.98790084533106615        4595724.3541263249        274.56410217347485        6.5728066561036025       0.82729259922367970                0           0   1023.6286807368981        1.6733196375634911E-003  0.25000000000000000              732  0.51034445081350133                0
         405         406   8.7236661288412828E-002   5.5735761705262711E-002  -1.4072219982536795E-005  0.99445045527554632        44632234.652881853        1287.6258805654079        9.9347752796037874       0.66628608101050979                0           0   105.40174145954420        7.8733128566099032E-003  0.50000000000000000             1108   1.2954080136081427                0
          45          46   8.6894120985331738E-002   8.6164685909330241E-002  -8.2040856412477007E-005  0.98387083180607882        5506893.1944410549        340.10174038637848        7.5379773556674952       0.63986199888419326                0           0   854.25939664011355        2.0685513436049150E-003  0.25000000000000000              748  0.47195885487887707                0
         161         162   9.3309048906446132E-002   9.2827486138433946E-002  -9.1369785969010983E-005  0.98827949333483611        5621471.7562563000        353.27839663776308        7.1856037441914120       0.48688629994177640                0           0   836.84761955962756        1.6654811638875046E-003   2.6867079057791850E-005         864  0.13947244240144246                0
         289         290  0.10428359770713377        2.3242149003040714E-002  -2.7029432774839289E-005  0.98098882653787234        6248176.9910847237        334.17556485151522        17.255097987392716       0.16356863282957207                0           0   752.91005110085132        1.6765537498759208E-003   5.1242903414065472E-004         992  -4.6068619472977489E-002           0
         115         116   9.5073144526220191E-002   4.6025486525321645E-002  -4.6726263478262970E-005  0.98361077625756288        6339435.9430684811        348.99124241529205        12.775109252676376       0.47713666037273922                0           0   742.07158174513086        2.1223306805025111E-003  0.25000000000000000              818  0.16990626857443708                0
         223         224  0.13901763968801717        6.0776114313866474E-002  -7.7059477177720103E-005  0.98945871280476816        6749062.4876399096        408.59788918393173        4.2528176063619112       0.33654508275255718                0           0   697.03240505776114        4.3138632164961603E-004   2.0627912458713382E-004         926  0.10388420958817142                0
         199         200  0.11230093762090229        4.7925291740752780E-002  -4.9845320530023470E-005  0.98557578802919299        7365259.5215128316        402.38621163417127        8.9796895277244460       0.36738074726279757                0           0   638.71683596540686        2.4494184751019071E-003  0.50000000000000000              902  0.76391332855503713                0
         373         374  0.15845034820673778       0.15233439132851201       -1.7085701745281280E-004  0.97949836648184774        7914562.1530912109        526.47490480255033        3.8358262090954534       0.40588016832205359                0           0   594.38730363718048        6.4600036324443061E-004   1.2693097953320290E-005        1076  0.10397291899959937                0
          69          70  0.10464422723177559       0.10349050793134676       -8.6377732787562200E-005  0.98042651398566583        8085705.8082159301        467.23280664956275        11.987980708639419       0.16835799031262347                0           0   581.80638391081243        2.8368343572848856E-003  0.50000000000000000              772 -0.16215509821456539                0
          51          52  0.11606384615255892        9.5064690585184505E-002  -1.2276543213329298E-004  0.98205345115529663        4872545.5793825211        334.93415447263214        5.3182325001278423       0.45395560172864879                0           0   965.47383313362923        1.9892380511386115E-004  0.25000000000000000              754   6.4244622035286247E-002           0
         265         266   8.4095384718170976E-002   3.6296916915751078E-002  -2.5177886983575109E-005  0.98207378889534425        10108897.638554133        451.79555659746018        3.2404731123276500       0.50690785791879578                0           0   465.36382361841942        1.8667578365666715E-003   5.5880405783181885E-004         968  0.21599050453723939                0
         367         368  0.20322917187314732       0.17631903439505672       -1.9839320851626220E-004  0.98268883715087085        10353171.896124069        673.09719574838857        13.113688601225190       0.52407233358926397                0           0   454.38396124823589        1.5578407804582761E-003   2.9208890489558655E-004        1070   1.5320982029535288                0
         305         306   8.5255713978393793E-002   1.6586699482616780E-002  -1.1931200371230782E-005  0.97557216214542408        10624387.113807641        441.69112072417624        12.210603203318248       0.26050626548928313                0           0   442.78462439785847        2.6751951435917505E-003  0.50000000000000000             1008   7.8321155612440213E-002           0
         325         326  0.14296285691723640        1.8018411898666035E-002  -1.7591034512000332E-005  0.98525910189351285        11605238.715074902        545.71725305743564        8.1524492989817929       0.37711234460549126                0           0   405.36135215676182        1.9976652747874619E-004  0.25000000000000000             1028   2.6632625267937846E-002           0
         119         120  0.12744757891135747        8.2887871857059842E-002  -6.3848789170769046E-005  0.98269985033698937        12193204.574003790        616.57973866081329        10.279767862771605       0.25543056232875755                0           0   385.81451078697370        3.7479255214838184E-003  0.25000000000000000              822   6.7878174297452937E-002           0
         133         134  0.13034205300579016        4.8697333779162973E-002  -3.8327237635207750E-005  0.98105260251486681        13234827.049721567        617.16538215216781        5.6538026456851798       0.47736158064580719                0           0   355.44969646911488        2.5107453814241388E-003   5.4132974605675664E-004         836  0.20963759694145845                0
          17          18   8.8310858010865509E-002   3.6165089814597706E-002  -2.2321003472730643E-005  0.98140412768925933        12747100.610456508        533.22349031307033        9.0362441431827278       0.36336993631910441                0           0   369.04982563531280        3.2391129273980847E-003  0.50000000000000000              720  -4.3239277299934001E-002           0
         275         276  0.13196141201412448        6.9014568623332620E-002  -4.7734017596107725E-005  0.97885752957407923        15446737.445595859        711.01551722927036        9.9973989744894034       0.42047221889261749                0           0   304.55073598639092        4.0677565019148374E-003   6.4441247649867583E-004         978  0.37082724114370413                0
         221         222  0.10685030920939192        6.9974509155263417E-002  -3.1625067718866169E-005  0.98444567943230299        22715583.033883873        881.05600579311465        12.623070536504750       0.19508007215143733                0           0   207.09639064194545        5.1459116595046865E-003   4.6702611409341424E-005         924 -0.20245993678824120                0
         157         158  0.17882018552997023        8.7937108552675433E-002  -4.2075611114299667E-005  0.98507346508949489        36757715.521306604        1392.7643001885178        6.1854397863572341       0.37183099262768760                0           0   127.98170917117817        7.2172848343453515E-003   3.7278254820420403E-004         860   7.9374933751231169E-003           0
         145         146  0.11284151051838727        7.1741434973604884E-002  -2.4259726636625872E-005  0.99378832919673421        37282327.218519427        1243.5761476345824        10.999715949246170       0.41451560944977223                0           0   126.18083710471718        7.3208751480227851E-003   2.2741130240477441E-004         848  0.14857115710101310                0
         399         400  0.17014458503807270        6.6018282057290864E-002  -2.6984170989389753E-005  0.99072806824174287        45922267.949175417        1551.2886202987197        11.378508265145788       0.22667580751112298                0           0   102.44083029286085        6.3891100387222389E-003   9.4265508752946488E-005        1102 -0.12835007698589179                0
         267         268  0.11152016154947933        1.9237634443879208E-002  -2.0555921872820806E-005  0.97570807411735117        7747963.7837907393        388.94432171097441        2.5100088856508993       0.54418677557020745                0           0   607.16794617529138        9.4279660775305695E-004   3.7275326904919983E-004         970  0.15221847584564230                0
