 122  31   1   452 111   0      0.0   0.46   4.88  5.997     0.0  -0.2385   0.0000
  -1.208671   0.000000   0.287030   0.062472  -0.571267   0.053723   0.000000   0.000000   0.000000   0.000000
   0.00000   0.00000   0.15061   0.03371   0.00000  -1.20867   0.00000   0.00000  -0.92164   0.77512   0.20854   0.00000   0.00000
 NAME(I1)    NAME(I2)    M1[M*]                    M2[M*]                    EB[NB]                    ECC                       P[Days]                   SEMI[AU]                  RI[PC]                    VI[km/s]                  K*(I1)      K*(I2)      ZN[NB]                    RP[NB]                    STEP(I1)[NB]              NAME(ICM)                 ECM[NB]                   K*(ICM)      
           3           4   8.7970317491499028E-002   4.9196061553816367E-002  -9.2897646351125171E-004  0.98018963898304645        71340.815372945974        17.361255191394889        7.7650960111297023       0.17469938303565949                0           0   65941.428242054317        1.0539810829294615E-004   3.1250000000000000E-002         706  0.11412604531877234                0
          57          58   8.8793517676333700E-002   7.4789808565780366E-002  -1.3944536633748324E-003  0.99288618157622466        67519.482439442989        17.747571380570307        14.185436016070989       0.53578763324063194                0           0   69673.449613065080        1.0843421479498632E-004   3.1250000000000000E-002         760   1.1555934198267690                0
          59          60  0.52934127945164156       0.11516011942956719       -3.1001072744619322E-002  0.99635260950274573        9025.0375450904266        7.3279160146024838        17.973694542032650       0.78358582642901509                0           0   521251.59969045070        4.4850020571511419E-005   6.2500000000000000E-002         762   1.4517116488935313                0
          63          64  0.11284127030153632        5.3401276685359052E-002  -1.4468849236327175E-003  0.97984293960292113        54774.265105649982        15.520472950299069        11.921456029089160       0.40050745457619874                0           0   85885.502043175962        9.4206442072616631E-005   6.2500000000000000E-002         766  0.23322499838617533                0
          83          84  0.10272953417562042        4.1373672231505683E-002  -1.2819188696754095E-003  0.97370419826673227        41789.837138321200        12.356008093958177        13.961661580029448       0.34514825573044583                0           0   112570.79662870750        7.4766174595093939E-005   3.1250000000000000E-002         786  0.23227829152085808                0
          87          88  0.10306885414503236        3.0345968261083246E-002  -4.1821248241819420E-003  0.98428134930470224        4652.7998571211401        2.7870887101701558        15.124749945329086       0.29266505787675295                0           0   1011071.9141389197        1.6955045282497800E-005   6.2500000000000000E-002         790   8.8691498602559482E-002           0
         105         106  0.12790761581087476        8.1406408734692293E-002  -3.3640542461646258E-002  0.96974758674909145        989.02684361157492        1.1534833915785283        18.239203282503642       0.34645803931743319                0           0   4756509.1767037120        6.9657331703446991E-006  0.12500000000000000              808  0.11612478459027868                0
         131         132   8.4797441590329786E-002   6.4637458177469395E-002  -7.7121942017657882E-004  0.98912831439601701        128788.41655396212        26.485513546867381        7.7911304512445030       0.46916219734043352                0           0   36527.471829531067        1.6151620773559698E-004  0.12500000000000000              834  0.12439545208823104                0
         137         138  0.13717930409073115       0.13193897190263901       -4.0334545728335997E-003  0.97817964388784162        48147.574536657077        16.722602131164937        11.885792977528629       0.14653881754851822                0           0   97706.173216745112        1.0141787278782275E-004   6.2500000000000000E-002         840  0.66824405295343370                0
         167         168  0.11739175763496201        6.6852661947444644E-002  -1.3371095085191684E-003  0.97921691183512483        87047.450602289726        21.873015901955345        12.686537701116073       0.66877447316056204                0           0   54043.113555826756        1.3272323952673876E-004  0.12500000000000000              870  0.41887454983784089                0
         177         178  0.17518944591650459       0.15841447355487015       -4.8844045916293037E-002  0.97081544669269548        1948.4551180766894        2.1174370246531056        3.8572708476628059       0.80624462728840740                0           0   2414382.1502485364        1.2793853451865820E-005  0.12500000000000000              880  0.51091584252122779                0
         181         182  0.16494482085752635        4.8117280213717237E-002  -2.2342341753636167E-003  0.98308070947828008        38113.841390388654        13.238244572811659        5.2228884587700453       0.30625071378208713                0           0   123428.00111539195        8.0485139620415977E-005   6.2500000000000000E-002         884   5.5377269304147478E-002           0
         193         194  0.13607741833753259        1.4509867592654014E-002  -3.3139095177587647E-004  0.98026160729439438        98477.807758994706        22.203845682541278        15.646983059873069       0.68325450525988307                0           0   47770.308506030713        1.3480179630591914E-004   6.2500000000000000E-002         896   1.2040135512830750                0
         195         196  0.23980714281985319       0.16746154432118399       -1.7866781603804005E-002  0.96643523058497638        13874.745800257982        8.3762612435180923        11.227566768772132       0.97431685297945991                0           0   339055.96004197007        5.0498069052990366E-005  0.12500000000000000              898  0.74600120781738677                0
         207         208   9.9440827635248155E-002   5.0100703362626467E-002  -8.7683211256005204E-003  0.98112175417415370        2910.2243960466299        2.1174416066239212        3.9080235997287400       0.75409411924106551                0           0   1616478.5313583727        1.2860786271453537E-005  0.12500000000000000              910  0.45580672512763154                0
         225         226  0.11258739991983015        4.7810171057872303E-002  -9.4939383745014589E-004  0.98185672257896206        88575.957032427817        21.129198100363176        15.917975770447560       0.58230839088952435                0           0   53110.521356517827        1.2838083044770557E-004   6.2500000000000000E-002         928   1.1149590985771749                0
         235         236   9.9158490776633662E-002   3.5661683213779022E-002  -5.1301121046354124E-003  0.96614283730650707        4095.4263718306088        2.5687641194955386        7.2323015877297259       0.28693304931177066                0           0   1148675.3345151674        1.5484037106406675E-005   6.2500000000000000E-002         938  0.12898601621471115                0
         239         240   8.3253089810449737E-002   5.9845060969569666E-002  -7.4110620056441019E-004  0.97866503909393976        121080.59857328323        25.053451414275163        15.882659791375302       0.45901420999206360                0           0   38852.758518512826        1.5197941044801133E-004  0.12500000000000000              942  0.14873563174212145                0
         247         248  0.12867704596478571        5.6124925773135610E-002  -4.8755267774440045E-002  0.97148621675522984        348.47281385192167       0.55201979559906922        18.504011785097433       0.63406834991830663                0           0   13499805.639483234        3.3365167437779866E-006   6.2500000000000000E-002         950  0.54675626346787976                0
         249         250   8.3325272192247987E-002   6.4931060179189190E-002  -5.9417119074347373E-003  0.97581540753508467        5929.7866670524481        3.3934150410168407        16.068947714361144       0.56037203401140023                0           0   793336.34104971308        2.0555510157367267E-005   3.1250000000000000E-002         952   1.3351651088027445                0
         271         272  0.13618545113931463       0.10282415591629936       -1.7643068358636144E-003  0.98806680624688603        120181.93023047518        29.578155387187675        6.7196106312598927       0.51131986091919679                0           0   39143.282593508091        1.8027976026539725E-004  0.12500000000000000              974   8.5746192428525575E-002           0
         287         288   8.8414603939471620E-002   4.2704642040310346E-002  -5.8515194294090581E-004  0.98093659039144399        118941.02246670357        24.046383900145148        3.2331081659515704       0.61854027229519071                0           0   39551.663169548527        1.4603779329379048E-004  0.12500000000000000              990  0.21532305981016656                0
         291         292  0.10251315781699964        2.9651563345757474E-002  -1.1831110334550475E-003  0.98075559013170377        29765.556837160901        9.5746088155111213        8.8425182290707003       0.59125711800762415                0           0   158045.59892431262        5.8142920318824777E-005  0.12500000000000000              994  0.24122664436958466                0
         303         304  0.77980953382043972       0.33783563817501155       -5.2382472905160467E-002  0.97671789874474535        28033.625192942258        18.742492285908785        6.0446013063824457       0.63451531741664968                0           0   167809.73653129677        1.1358394461059082E-004  0.12500000000000000             1006  0.23107380111314579                0
         311         312  0.16827131513595273       0.11782564957455051       -9.1314488263872420E-003  0.97485864189666582        15717.300866973132        8.0915100549741776        14.351388018369772       0.18496472463752622                0           0   299308.08714936365        4.8990345746074786E-005  0.12500000000000000             1014 -0.14187539180371470                0
         321         322  0.12252965187021556        4.0765808550071510E-002  -1.0952504619379879E-003  0.97557453106160041        63331.226025514967        16.995860241612995        16.392084715922344       0.48320228517617453                0           0   74281.133539866772        1.0293936416602254E-004   3.1250000000000000E-002        1024  0.78562447535736601                0
         323         324  0.13577855073708561        2.1714876777924844E-002  -1.0672784058174505E-003  0.97737634574565457        30402.145619620234        10.295090097572151        11.797941347896028       0.58551909950817549                0           0   154736.29119810546        6.2411468000077191E-005   6.2500000000000000E-002        1026  0.38848536875562723                0
         337         338  0.14234346256931027        4.8688670540606271E-002  -2.7220309402593351E-003  0.98436219341894415        24424.438780536861        9.4883723855236379        16.188003672570645       0.51634240629872641                0           0   192606.89262565569        5.7724153992768256E-005   3.1250000000000000E-002        1040   1.5595038049233507                0
         357         358   7.9717634398698847E-002   3.5168480550120958E-002  -1.1543449013877967E-003  0.99034897964864510        29342.295402160125        9.0508997532508531        13.595642295910334       0.51255523122724378                0           0   160325.40035359471        5.5228836842580753E-005   6.2500000000000000E-002        1060  0.89906017908900138                0
         363         364   8.0030474895858961E-002   2.5241398542184282E-002  -3.2505135387658957E-004  0.96900162088983910        125469.53716214608        23.159872534501439        9.7971295721744678       0.68287535825705570                0           0   37493.684634903126        1.3980643129274424E-004   6.2500000000000000E-002        1066  0.47772489437438997                0
         371         372   9.0756420354949963E-002   8.9399293653254358E-002  -1.4941626717007766E-003  0.97790038526241019        78336.750524128642        20.236383406048532        7.9642663456973937       0.38048964235300858                0           0   60052.468683849453        1.2271064128272370E-004   6.2500000000000000E-002        1074  0.20440843866808156                0
         383         384   9.3433970454860987E-002   6.5975786712685114E-002  -2.9999592269293533E-003  0.97176827062077331        19385.313257799193        7.6576121486429507        12.148054448576636       0.55162058031790728                0           0   242674.19334851863        4.6290742961604388E-005   6.2500000000000000E-002        1086  0.51879887980865202                0
         395         396  0.10118924464727580        7.2387835402996439E-002  -4.0679476328368365E-003  0.98184110250843104        15239.121285685993        6.7103307468978812        7.1051494638842128       0.47307541732805725                0           0   308699.90266850201        4.0771591993552411E-005  0.12500000000000000             1098   5.8288844301858857E-002           0
         401         402  0.11008182267075275        8.1520559788653676E-002  -2.1754919003101718E-003  0.98946501741247106        50292.904508829961        15.372504553420699        9.3825001603215465       0.48946006334192593                0           0   93538.349069078395        9.3761781152373525E-005  0.12500000000000000             1104  0.16252081766065388                0
         219         220   5.9461379470541447        2.5291364086335988      -0.75299076982192070       0.98221912150944157        80559.862777643633        74.428097414589246        9.4830088175131007       0.27514633484906953                0           0   58395.273967004177        4.5230718866207646E-004   1.5625000000000000E-002         922  0.17630793419836585                0
         159         160  0.52009082554844766       0.13749382338007102       -6.8562166579241961E-003  0.98252657550525302        109146.58921206869        38.868446659729038        4.9217054863205139       0.56482698907296969                0           0   43100.891119047374        2.3624417772278330E-004   1.5625000000000000E-002         862  0.23928773603592374                0
           1           2   2.0244841138268650       0.61000484406818434       -7.0741485713423660E-002  0.98738152934187551        118081.33591071346        65.056817812538299        14.099792930467679       0.45206299576376385                0           0   39839.617509086311        3.9638661146352313E-004   1.5625000000000000E-002         704  0.10282757629156894                0
         283         284  0.18094602805437388        8.1870494517192083E-002  -1.6064068193646895E-003  0.97697797871714775        143540.44546752289        34.366892541613126        5.2735489927692747       0.31082689623802673                0           0   32773.447527785116        2.0829891525217590E-004   1.5625000000000000E-002         986  -4.3680191500077487E-002           0
         185         186  0.24628085064239766        6.9358336926096664E-002  -1.8551080494142963E-003  0.99057546901522908        130681.44545928008        34.314639623851313        9.7989379346179035       0.57959481172011107                0           0   35998.341165507023        2.0941269287605858E-004   1.5625000000000000E-002         888  0.25184132729907027                0
         191         192  0.17819880543248182        5.0730547014061628E-002  -8.9966543292994278E-004  0.98450778698896024        174927.64032278312        37.446621017460309        15.479990365915576       0.62018886278312457                0           0   26892.921261409472        2.2782970840593575E-004   1.5625000000000000E-002         894  0.50379203671500905                0
          71          72  0.16939743337267674        2.6319217633798585E-002  -4.7647967898261517E-004  0.96976219828091648        170003.73667627125        34.870225322542275        9.9872789685920189       0.26099571492670365                0           0   27671.834452691655        1.5082883319385277E-004   1.5625000000000000E-002         774 -0.14196742213159808                0
          53          54  0.10539273585624893        8.3691576402142989E-002  -9.4861616487088496E-004  0.98840746126056767        171334.30925667207        34.651436372167325        12.116627612839519       0.32770189293068225                0           0   27456.936547351612        2.1096666920612941E-004   1.5625000000000000E-002         756 -0.16471350271110730                0
         245         246  0.10614450888457336        7.9534736728126665E-002  -8.8338078697462622E-004  0.97533507163214717        180155.36208468804        35.614411017835778        12.249419500803976       0.26175478247929568                0           0   26112.546433302068        2.1568078356416255E-004   1.5625000000000000E-002         948  0.14731228470201871                0
         331         332  0.12214104311112879        9.8521910482032543E-002  -1.1537755047203683E-003  0.97154055198387024        188414.45473505274        38.868024797675822        13.752523698782946       0.30217592521606973                0           0   24967.910579153504        2.3493249830021899E-004   1.5625000000000000E-002        1034   2.8328438632482848E-002           0
         203         204  0.10958957416913398        5.6611292613942377E-002  -6.2817234305771752E-004  0.98494187057407623        200051.97130642890        36.805509599966030        12.985773895739442       0.18259319648359779                0           0   23515.465640870621        1.6988547057778460E-004   1.5625000000000000E-002         906 -0.19186414256571233                0
          21          22  0.17137201111473407        1.8580527211685235E-002  -2.8964617018065918E-004  0.97725619083110171        219756.57682243298        40.968444197440832        7.8678931069682214       0.26454771029406532                0           0   21406.937283364805        1.8343950172520064E-004   1.5625000000000000E-002         724  0.10024123701576401                0
         369         370  0.35577330781196675       0.28758888866695975       -6.5923629871082615E-003  0.96841922705639494        200307.85819162280        57.839387851881206        17.293644943609948       0.53351495621376266                0           0   23485.425385280789        3.4904883910831302E-004   1.5625000000000000E-002        1072   1.6963574723480068                0
          77          78   9.3430964505624117E-002   2.0354482771848002E-002  -1.6334883162896549E-004  0.97425183352183942        309441.22681298596        43.386459025179242        13.724969343106860       0.51500609663884589                0           0   15202.613129787858        1.8457846561722538E-004   1.5625000000000000E-002         780  0.92682676353618787                0
         315         316  0.30834333591613694       0.21242803698149326       -3.5544000840579989E-003  0.96932722246065328        288048.63087816222        68.675120176768687        9.9741925822341670       0.39013776108117265                0           0   16331.670257563481        4.1463143421502049E-004   1.5625000000000000E-002        1018  0.24066122938966050                0
          89          90  0.20842321107894346       0.10223825271363279       -1.3435582502014560E-003  0.98702482580270168        297769.38109927031        59.104743533761280        6.9485215979150459       0.78084772325884944                0           0   15798.519109916271        3.6005640583131949E-004   1.5625000000000000E-002         792  0.43181547016425198                0
         155         156  0.50373356431637750       0.18870347651975347       -4.6345267489272665E-003  0.98128177235206437        293320.33962033020        76.435433608783669        11.914096087637374       0.65329008559399881                0           0   16038.148816184937        4.6428632181207922E-004   1.5625000000000000E-002         858  0.41769698168305014                0
         187         188  0.16652052450678573        4.4390738220572948E-002  -5.1200105471243477E-004  0.98740860044556455        313872.49940009229        53.803263366689940        6.6685754529948298       0.68120316308787998                0           0   14987.981637882163        1.5401396217716847E-004   1.5625000000000000E-002         890  0.30366250654754173                0
         255         256   8.3811449474318997E-002   3.0344259974373743E-002  -1.9498774621546684E-004  0.99476358635673934        366335.73421504453        48.606227887337262        11.103220705718522       0.48260481856698556                0           0   12841.540746017587        1.7373772739312873E-004   1.5625000000000000E-002         958  0.28560241322826846                0
          93          94   8.5361728603296438E-002   7.1347741082274679E-002  -4.1080252103106030E-004  0.97812880800934654        378910.90214675880        55.249666982163497        13.033475464824170       0.35687659999500226                0           0   12415.359998859836        1.7179347800011020E-004   1.5625000000000000E-002         796  0.39340949335307046                0
          95          96  0.62290701776509083        9.1312241257938784E-002  -2.4694035120953577E-003  0.98227271991372578        343711.21074684139        85.837982375057834        10.470336036019800       0.46730803097458612                0           0   13686.825190900454        5.2166033599137813E-004   9.2608118591094271E-004         798  0.32111710685094463                0
          67          68  0.52597586808430075       0.46375414949012228       -9.5351984985231255E-003  0.98266064699714351        341740.68956755206        95.332992401100725        16.747837564972755       0.37559892314376331                0           0   13765.745201713413        5.7947742737167690E-004   1.5625000000000000E-002         770  0.11793535071729241                0
         213         214   8.6717284611907239E-002   1.7710005955573944E-002  -1.1427078035879827E-004  0.98213695314694749        400632.33674856107        50.085097135765906        8.1432620858821441       0.37999316738369460                0           0   11742.225542311169        1.5552041722878169E-004   1.5625000000000000E-002         916  0.17950549044198236                0
         313         314  0.11479116130453372        5.7685466757393881E-002  -3.9453446450446250E-004  0.99253727403468150        435049.79924732697        62.547398305763593        4.8456575734772915       0.37478665268696082                0           0   10813.279918261374        1.7042172232509015E-004   1.5625000000000000E-002        1016   9.3770856401798136E-002           0
         365         366  0.29906545429998188       0.27572229150032296       -3.4223050706489746E-003  0.97703614846779008        409915.73603235272        89.792227251814452        13.409004696835691       0.28367088022761722                0           0   11476.298283102440        5.4424978456707430E-004   1.5625000000000000E-002        1068 -0.23295840052859806                0
         201         202  0.41909726131645580       0.36316033186407948       -5.4401348907038797E-003  0.97784193266974673        439642.50440806977        104.26124217537117        13.522010049496231       0.39214006463432555                0           0   10700.319487940789        6.3220712582260643E-004   1.5625000000000000E-002         904   4.7759357672452672E-002           0
         171         172  0.11855449161888632       0.10910379859810015       -6.3808363105355751E-004  0.99690688946593098        502629.43037454027        75.543937317710842        2.7777425212222617       0.23144584983976016                0           0   9359.4106778413025        1.6222029374787257E-004   1.5625000000000000E-002         874  -8.0920529693810736E-002           0
         347         348  0.19457293008789711        9.8264029982305379E-002  -8.4213227326918961E-004  0.97623178622328566        525292.62380639045        84.608893442837001        5.6121650960385239       0.45844482540407255                0           0   8955.6088253366652        5.1262384884362530E-004   1.5625000000000000E-002        1050  0.17521784038808635                0
         343         344   9.9716206803828866E-002   3.9838043689421537E-002  -1.9541286924161294E-004  0.98547806040898511        644708.77578794607        75.758248904357316        17.280161375177432       0.70756589071480547                0           0   7296.8066114739531        4.6110969753691106E-004   1.5625000000000000E-002        1046   1.8141495258644051                0
          55          56   8.3915877860446200E-002   1.7498204653530233E-002  -7.7740196882517218E-005  0.96898154446861051        677342.13462491788        70.390059717499767        13.613530808583654       0.14420575394712543                0           0   6945.2570823012566        1.8325936041652929E-004   1.5625000000000000E-002         758 -0.19813807554432553                0
          99         100  0.11123848720615616        3.9011678252708890E-002  -1.9764343022701515E-004  0.98119635498491209        697449.45099556562        81.825121918085514        10.696468293154425       0.54324165811296854                0           0   6745.0268272914218        1.9609050585244134E-004   1.5625000000000000E-002         802  0.14444890900218166                0
         391         392  0.13558686976987694        5.7578981684498085E-002  -2.5446740011902898E-004  0.98428057182237338        1015963.8259505472        114.33226250480101        12.400793193950090       0.38859012182396507                0           0   4630.3964151906221        1.9855493643177781E-004   1.5625000000000000E-002        1094  0.14391082872722327                0
         385         386  0.12648191059682606        5.9749107023494945E-002  -2.5030111744847215E-004  0.99192399726360403        1010156.8010307509        112.51654391747591        13.861672243127499       0.28195044611101888                0           0   4657.0148840700185        1.9971473045980897E-004   3.1250000000000000E-002        1088  -1.0489628584152718E-002           0
          41          42  0.11122608390456809        8.6847116325004775E-002  -3.0034655602715249E-004  0.97689552612968544        1076875.4069236529        119.85571002551679        3.8669196918064594       0.81715228610677193                0           0   4368.4861102769009        1.9934720720389158E-004   3.1250000000000000E-002         744  0.51222503612194037                0
         345         346  0.55774375829353751       0.47607345656862060       -4.7923803546830179E-003  0.97923176074338625        1065819.0059203701        206.47940675782556        2.4135288686330094       0.23055513178823003                0           0   4413.8031237137029        1.2529054742208931E-003   3.1250000000000000E-002        1048  -3.0643645193971482E-002           0
          73          74  0.94128231410560004       0.69908498357263338       -1.0547991353088345E-002  0.98595090542721642        1010924.7705775029        232.48741209934116        13.849478106206885       0.45346764268432244                0           0   4653.4770880699325        1.4155097427745917E-003   3.1250000000000000E-002         776  0.32367795891299111                0
         285         286   8.9462339041284894E-002   4.2834040765278178E-002  -1.2838168338598593E-004  0.97556116315563901        1178106.6063545495        111.23605151706303        8.8220323223852652       0.64366491738938458                0           0   3993.1150816660524        1.4410236536712358E-004   3.1250000000000000E-002         988  0.21746757101070710                0
         293         294  0.55382231722128972       0.12326253909399966       -1.3046202120956597E-003  0.97555013427591697        1208714.8768618368        195.00098063437505        13.160682534376772       0.45389714348674171                0           0   3891.9974823661364        1.1809822740092247E-003   3.1250000000000000E-002         996  0.99334735870855495                0
         123         124  0.67985937278035102       0.12376754478802159       -1.4259437356367586E-003  0.97763450747397851        1328700.8239903566        219.90890269502705        10.165248450943119       0.51554026461235058                0           0   3540.5376234484115        1.3330674591925293E-003   3.1250000000000000E-002         826  0.35017612456699210                0
           7           8  0.10772050310063933        1.1526931384030817E-002  -3.7943697728780554E-005  0.99082248886431246        1424470.1409572540        121.95279694780302        8.9024795042727032       0.42557494970569848                0           0   3302.5018372680170        1.6260639909577266E-004   1.5625000000000000E-002         710  -2.5516851641802216E-002           0
         355         356  0.32294731613854971       0.22153041596011064       -1.4146791448691402E-003  0.98835597978780254        1280677.5733209376        188.46314208734015        7.1604196923190369       0.40995018574921310                0           0   3673.3018174480535        1.1488556879049804E-003   1.5625000000000000E-002        1058   6.6881909097743636E-002           0
         117         118  0.40216802461087314       0.11268199431891886       -9.3948131643061938E-004  0.97690707695788359        1226845.1060164988        179.76007936485891        14.435544269251292       0.60716704825380519                0           0   3834.4818221751120        1.0894929361876689E-003   1.5625000000000000E-002         820  0.96015447038055979                0
          85          86   8.0567479673496034E-002   7.0359839832317903E-002  -1.6540594186675728E-004  0.98642166572395873        1357017.8794508749        127.71821781941760        6.5238406693228956       0.28791629192725998                0           0   3466.6567986181526        1.9401392259058692E-004   1.5625000000000000E-002         788  -7.2923396573040311E-002           0
          47          48   9.8900608463481726E-002   3.1153535981132970E-002  -9.0443949087021743E-005  0.96929450295796848        1448762.9164048610        126.95392421516813        16.251778268539720       0.83522931241861154                0           0   3247.1256714098058        1.9207619232510233E-004   1.5625000000000000E-002         750  0.40699901767042351                0
         387         388  0.11696728908539532        8.3148869844046139E-002  -2.2937088301854837E-004  0.98805647634749161        1621817.1274980351        158.01627682594136        8.1221888121942420       0.43589446905563739                0           0   2900.6447014788123        8.5138456254486524E-004   1.4976390323864376E-004        1090  0.22391972812237410                0
         103         104   9.4240900685283069E-002   8.1646476448274677E-002  -1.9581474411928143E-004  0.97430932578693863        1543295.6101144454        146.43699954217337        6.4044621796380126       0.17584766816149405                0           0   3048.2269416265021        8.8618227905427590E-004   3.1250000000000000E-002         806  -4.2304787765565358E-002           0
         215         216   9.9764396033006283E-002   5.7531129034738331E-002  -1.3467170227244636E-004  0.99202500142069505        1843377.2888768672        158.82594977762659        17.364464837661352       0.26295300621767576                0           0   2552.0089056272404        1.9606910170443681E-004   1.5625000000000000E-002         918 -0.28006874258709868                0
          65          66   8.1196656538748205E-002   3.2700733033609646E-002  -6.2627861262289943E-005  0.98184767372588766        2149336.5504112290        157.99647215383459        10.110770887528622       0.54981608661710113                0           0   2188.7290088398181        1.9363885980735446E-004   3.1250000000000000E-002         768  0.14639460009171457                0
          15          16  0.12041882448822794        4.7134796559794988E-002  -1.1370748620294229E-004  0.97825164521118502        2263928.7909641471        186.02285177799217        11.741004289415230       0.56011005206636177                0           0   2077.9431210119114        1.1281688166013199E-003   3.1250000000000000E-002         718  0.22038018240374432                0
         243         244  0.10897784068549871        6.2870305948584129E-002  -1.2688985103554134E-004  0.99345305026723485        2514966.0648626112        201.22235189126619        11.594522776259005       0.33757193987624329                0           0   1870.5283237695505        1.2297376519750148E-003   3.1250000000000000E-002         946   9.0087047020189659E-002           0
          37          38  0.10983277472157330        9.0349772612143470E-002  -1.6313461273031012E-004  0.98167519740275366        2786284.6185355540        226.68993556755197        15.822702332999929       0.57946067689869951                0           0   1688.3828831949368        1.3772225981147541E-003   3.1250000000000000E-002         740  -8.3329445893637666E-002           0
         403         404  0.17519688796893346        3.8994197612049461E-002  -1.0593113612855943E-004  0.98390423872838007        2940509.9348458606        240.33780011296847        13.063397739700466       0.47423053236548257                0           0   1599.8297444593941        1.4196031047611201E-003   9.3674008651216324E-005        1106  0.13148323286185021                0
         127         128  0.41687934908818136       0.27898104023835063       -1.0601324713850049E-003  0.99434194081511351        3619474.9262651657        408.83142482301037        11.629681308829209       0.21770184863865785                0           0   1299.7231237899509        2.4997052625840904E-003   1.5625000000000000E-002         830   2.8454534592430206E-002           0
         217         218   8.1228311512873880E-002   6.5270211912634449E-002  -8.4864059256294254E-005  0.97696892315676265        3390006.8490829859        232.81876606981328        15.390843404433626       0.79184250681068324                0           0   1387.7008121435813        1.4110585494170628E-003   3.1250000000000000E-002         920  0.28241492073233015                0
         175         176   8.2952047495663137E-002   3.6571247402372269E-002  -5.1727611890545795E-005  0.99014035190296468        3413576.4452176457        218.55653224383278        15.005466261598743       0.56226079954783936                0           0   1378.1192052210861        7.6310860883876963E-004   9.2909406361314418E-005         878   3.9263976438503045E-002           0
         143         144  0.25022565110097550       0.15769561095085233       -3.9893226177458845E-004  0.97378367469115990        4047244.7606835263        368.61381757316616        8.2276122539264591       0.62378351252605468                0           0   1162.3500766111972        2.2305190603367172E-003   3.1250000000000000E-002         846  0.20869222206738455                0
          61          62  0.16574606629006447        5.1105325148539382E-002  -1.0680914848388477E-004  0.98146224652464376        3985102.7316611102        295.54272204541036        9.2053409244262951       0.42889676321776321                0           0   1180.4752786595950        1.7952874583487142E-003   1.5625000000000000E-002         764  0.31562856085973756                0
          29          30   9.2064989403419284E-002   3.8673592252436655E-002  -4.8326417632826574E-005  0.98790084533106615        4595724.3541263249        274.56410217347485        6.2912015959595902       0.77802092321764404                0           0   1023.6286807368981        1.6733196375634911E-003   3.1250000000000000E-002         732  0.46424962111637669                0
         237         238  0.17519413512811899        4.8620481183886892E-002  -9.6133046925272949E-005  0.99516489023133436        4632593.2409340926        330.20636827131904        17.916016458581549       0.54902881477051457                0           0   1015.4820449326151        1.9984115928462558E-004   3.1250000000000000E-002         940  0.71372813586339290                0
         147         148  0.31456825641218544       0.25964081492902225       -6.6243600918377415E-004  0.98456015427272825        4747337.3481747657        459.47645601886813        15.728270562340615       0.45593347153326824                0           0   990.93763780099937        1.9668248657376449E-004   3.1250000000000000E-002         850  0.12002430782110934                0
          51          52  0.11606384615255892        9.5064690585184505E-002  -1.2272221428051900E-004  0.98225103213757459        4875119.6793184308        335.05210487844778        2.3886891770598511       0.44290379164998056                0           0   964.96405567267061        1.9367940639091392E-003   1.1012172423363816E-004         754   4.9137344323944988E-002           0
         281         282   8.0478030877779258E-002   1.6466831233086777E-002  -1.7957727337739561E-005  0.98262333469442575        5350086.8788017910        275.01433954594262        14.760650266602289       0.50508915801833265                0           0   879.29698418249711        1.6643525650286792E-003   1.4666444661698823E-004         984  0.44883595693148171                0
          45          46   8.6894120985331738E-002   8.6164685909330241E-002  -8.2040856412477007E-005  0.98387083180607882        5506893.1944410549        340.10174038637848        9.5643159003959521       0.59887812748633074                0           0   854.25939664011355        2.0685513436049150E-003   3.1250000000000000E-002         748  0.51253417055174200                0
         161         162   9.3309048906446132E-002   9.2827486138433946E-002  -9.1369927435486345E-005  0.98807800851442606        5621458.7008203892        353.27784966294331        7.5510472251756733       0.51769918179735641                0           0   836.84956307839116        2.1526484602820127E-003   6.1453700850819799E-005         864  0.15800412300724948                0
         309         310  0.10545420084030525        5.3264404142991120E-002  -5.7855495593977865E-005  0.98363597107776712        6309425.5400360068        361.80592593708820        13.507026527575006       0.51264210773625341                0           0   745.60120058377254        2.2003001492994592E-003   3.1250000000000000E-002        1012  -2.5732971936419630E-002           0
         189         190  0.11107991559331475        5.1209466390144058E-002  -5.9401457297079668E-005  0.98671314114777653        6112335.9088638304        356.86834591407722        18.290331778115000       0.12759993356436791                0           0   769.64278923590894        2.1736268209196817E-003   3.1250000000000000E-002         892 -0.14479590816036786                0
         289         290  0.10428359770713377        2.3242149003040714E-002  -2.7029433624609803E-005  0.98098461537071713        6248176.6964327917        334.17555434546659        14.610094758069346       0.16702601169447959                0           0   752.91008660663363        1.7761026643886141E-003   6.6330401564611123E-005         992  -5.8845270247289617E-002           0
         115         116   9.5073144526220191E-002   4.6025486525321645E-002  -4.6726263478262970E-005  0.98361077625756288        6339435.9430684811        348.99124241529205        10.617849445321713       0.43504893618802026                0           0   742.07158174513086        2.1223306805025111E-003   3.1250000000000000E-002         818  0.19384347441035546                0
         223         224  0.13901763968801717        6.0776114313866474E-002  -7.7059131560537375E-005  0.98944225446693035        6749107.8929253947        408.59972178246312        8.0795637232458528       0.41160312244720609                0           0   697.02771570387233        1.6990012177490953E-003   5.2920958723574733E-005         926  0.15737550401169834                0
         299         300   9.2079428251349071E-002   8.2023039557947389E-002  -6.9096429149020550E-005  0.98687582712561039        7196661.3834268562        407.34482671833763        17.333579181781090       0.13779048449221634                0           0   653.68022851239039        9.3972520013011233E-004   4.2291037798885426E-005        1002 -0.35732666466798257                0
         199         200  0.11230093762090229        4.7925291740752780E-002  -4.9845320530023470E-005  0.98557578802919299        7365259.5215128316        402.38621163417127        12.996421966520455       0.21865897623463032                0           0   638.71683596540686        2.4494184751019071E-003   3.1250000000000000E-002         902  0.84814723021829930                0
         373         374  0.15845034820673778       0.15233439132851201       -1.7085682843982747E-004  0.97954031152148824        7914575.2865033858        526.47548722348358        6.8837082906464175       0.46789975825100699                0           0   594.38631731344640        1.3896043970662484E-003   3.7652743995199119E-005        1076  0.14239979127738678                0
          69          70  0.10464422723177559       0.10349050793134676       -8.6377732787562200E-005  0.98042651398566583        8085705.8082159301        467.23280664956275        12.301102677671974       0.18752622177965914                0           0   581.80638391081243        2.8368343572848856E-003   3.1250000000000000E-002         772 -0.15154192044344011                0
         267         268  0.11152016154947933        1.9237634443879208E-002  -2.0549696823086878E-005  0.97570900786193104        7751484.6468552602        389.06214329088488        5.0121119777027916       0.52371076034305475                0           0   606.89215962690196        9.5129919559910133E-004   4.7411805295101088E-005         970  0.14334637961707439                0
         183         184  0.10185732075756881        5.4219839429199369E-002  -4.3501450625613663E-005  0.97493219091672811        9514142.5788059551        473.11429690989576        16.620172728786752       0.32352496132182923                0           0   494.45498831647370        2.6482130727351195E-003   7.4132778520175411E-005         886   1.2610183832773696                0
         265         266   8.4095384718170976E-002   3.6296916915751078E-002  -2.5177902909617661E-005  0.98208370162262626        10108888.047125349        451.79527081848624        6.4953851700249983       0.43993901080430264                0           0   465.36426516094645        2.6759792395366286E-003   8.3901557483406899E-005         968  0.24549233506245005                0
         367         368  0.20322917187314732       0.17631903439505672       -1.9839680432340125E-004  0.98272409345778977        10352890.431101037        673.08499631952179        16.762345704495271       0.58066127755178176                0           0   454.39631462847967        4.0316021975612482E-003   5.9036496222678753E-005        1070   1.6061872670110948                0
         305         306   8.5255713978393793E-002   1.6586699482616780E-002  -1.1931200371230782E-005  0.97557216214542408        10624387.113807641        441.69112072417624        14.202123057541145       0.32510512276221815                0           0   442.78462439785847        2.6751951435917505E-003   3.1250000000000000E-002        1008  0.11534100176729860                0
         325         326  0.14296285691723640        1.8018411898666035E-002  -1.7591034512000332E-005  0.98525910189351285        11605238.715074902        545.71725305743564        6.1636785799822489       0.32925647488328913                0           0   405.36135215676182        1.9976652747874619E-004   1.5625000000000000E-002        1028   2.6955043378168533E-002           0
         119         120  0.12744757891135747        8.2887871857059842E-002  -6.3848789170769046E-005  0.98269985033698937        12193204.574003790        616.57973866081329        6.3612428403202221       0.28579388719462678                0           0   385.81451078697370        3.7479255214838184E-003   1.6285508013587462E-002         822   2.4824428941640761E-002           0
         133         134  0.13034205300579016        4.8697333779162973E-002  -3.8327526093679221E-005  0.98106207626009567        13234677.639186101        617.16073727677599        9.7228755682756365       0.37653074039610374                0           0   355.45370925514027        2.8742523197515715E-003   3.6391531157817048E-005         836  0.23772271855697294                0
          17          18   8.8310858010865509E-002   3.6165089814597706E-002  -2.2321003472730643E-005  0.98140412768925933        12747100.610456508        533.22349031307033        10.107396801904104       0.38561906214942099                0           0   369.04982563531280        3.2391129273980847E-003   1.7025303551798713E-002         720  -4.7504640132674081E-002           0
         275         276  0.13196141201412448        6.9014568623332620E-002  -4.7734106262763001E-005  0.97881983025500785        15446694.406875264        711.01419650971161        12.169557929932965       0.41714364600800014                0           0   304.55158454814068        1.8111285888241105E-003   2.6760841039798624E-005         978  0.42005763713551975                0
         221         222  0.10685030920939192        6.9974509155263417E-002  -3.1624739812736633E-005  0.98385281793791446        22715936.329986762        881.06514116202095        11.465008506558425       0.18189745957503772                0           0   207.09316971604244        5.3192113357237369E-003   4.7343423175796458E-005         924 -0.23244889755999701                0
         157         158  0.17882018552997023        8.7937108552675433E-002  -4.2075731033301296E-005  0.98509078472327771        36757558.378033079        1392.7603307053907        7.5220599384128839       0.37472075250857068                0           0   127.98225630938911        4.9367143354147368E-003   3.8669174272434739E-005         860   2.6117287986731821E-002           0
         145         146  0.11284151051838727        7.1741434973604884E-002  -2.4259739213422932E-005  0.99376696730215941        37282298.226521716        1243.5755029366037        13.092092468148303       0.40873754427315362                0           0   126.18093522727708        4.0321795166461134E-003   4.2346681779086451E-005         848  0.16551975544892084                0
         405         406   8.7236661288412828E-002   5.5735761705262711E-002  -1.4072224979467871E-005  0.99446106178788729        44632210.880076110        1287.6254233400732        15.197966052689161       0.58955621676741554                0           0   105.40179760050329        1.2339994327300720E-003   2.6997840076141110E-005        1108   1.3783026573923931                0
         399         400  0.17014458503807270        6.6018282057290864E-002  -2.6982396582429629E-005  0.99084075936365867        45926797.909917802        1551.3906356003110        10.576213512259715       0.24956206958203608                0           0   102.43072610618201        2.4129002243509761E-004   9.4651092180144830E-006        1102 -0.15229270677761972                0
