 1021951   1   373  32   0      1.9   7.73   4.63  2.297     0.0  -0.2148   0.0000
  -1.117539   0.000000   0.245505   0.096985  -0.663599   0.060150   0.000000   0.000000   0.000000   0.000000
   0.00000   0.00000   0.14003   0.02902   0.00000  -1.11754   0.00000   0.00000  -0.87203   0.66276   0.19180   0.00000   0.00000
 NAME(I1)    NAME(I2)    M1[M*]                    M2[M*]                    EB[NB]                    ECC                       P[Days]                   SEMI[AU]                  RI[PC]                    VI[km/s]                  K*(I1)      K*(I2)      ZN[NB]                    RP[NB]                    STEP(I1)[NB]              NAME(ICM)                 ECM[NB]                   K*(ICM)      
           3           4   8.7970317491499028E-002   4.9196061553816367E-002  -9.2897646351125171E-004  0.98018963898304645        71340.815372945974        17.361255191394889        2.5661393310839760       0.22280866715188669                0           0   65941.428242054317        1.0539810829294615E-004  0.50000000000000000              706   6.7782910844866706E-002           0
          59          60  0.52934127945164156       0.11516011942956719       -3.1001072744619322E-002  0.99635260950274573        9025.0375450904266        7.3279160146024838        16.040129354048187       0.94331975136576718                0           0   521251.59969045070        4.4850020571511419E-005  0.50000000000000000              762   1.3848910272942958                0
          63          64  0.11284127030153632        5.3401276685359052E-002  -1.4468849236327175E-003  0.97984293960292113        54774.265105649982        15.520472950299069        16.540160981266371       0.36688412184948965                0           0   85885.502043175962        9.4206442072616631E-005  0.25000000000000000              766  0.19054371558714553                0
          83          84  0.10272953417562042        4.1373672231505683E-002  -1.2819188696754095E-003  0.97370419826673227        41789.837138321200        12.356008093958177        18.733292372506732       0.44047742938863327                0           0   112570.79662870750        7.4766174595093939E-005  0.50000000000000000              786  0.30811218210358521                0
         131         132   8.4797441590329786E-002   6.4637458177469395E-002  -7.7121942017657882E-004  0.98912831439601701        128788.41655396212        26.485513546867381        5.5835176802277813       0.51796350485155174                0           0   36527.471829531067        1.6151620773559698E-004   7.8125000000000000E-003         834  0.17140942028113335                0
         137         138  0.13717930409073115       0.13193897190263901       -4.0334545728335997E-003  0.97817964388784162        48147.574536657077        16.722602131164937        8.9381245221643528       0.35556325378762199                0           0   97706.173216745112        1.0141787278782275E-004  0.50000000000000000              840  0.59702507877297928                0
         167         168  0.11739175763496201        6.6852661947444644E-002  -1.3371095085191684E-003  0.97921691183512483        87047.450602289726        21.873015901955345        17.881427317979927       0.70636630281067159                0           0   54043.113555826756        1.3272323952673876E-004  0.25000000000000000              870  0.41150555033173669                0
         177         178  0.17518944591650459       0.15841447355487015       -4.8844045916293037E-002  0.97081544669269548        1948.4551180766894        2.1174370246531056        3.6169064986013897       0.79583924684991758                0           0   2414382.1502485364        1.2793853451865820E-005  0.50000000000000000              880  0.48274325206200147                0
         181         182  0.16494482085752635        4.8117280213717237E-002  -2.2342341753636167E-003  0.98308070947828008        38113.841390388654        13.238244572811659        2.6435640963901816       0.34401434210877835                0           0   123428.00111539195        8.0485139620415977E-005  0.25000000000000000              884   2.9796679110450107E-002           0
         193         194  0.13607741833753259        1.4509867592654014E-002  -3.3139095177587647E-004  0.98026160729439438        98477.807758994706        22.203845682541278        18.068578430752844       0.81091091610884702                0           0   47770.308506030713        1.3480179630591914E-004  0.50000000000000000              896   1.0754999998059718                0
         195         196  0.23980714281985319       0.16746154432118399       -1.7866781603804005E-002  0.96643523058497638        13874.745800257982        8.3762612435180923        9.5415413184248568        1.0358098765173356                0           0   339055.96004197007        5.0498069052990366E-005  0.50000000000000000              898  0.79684516075465917                0
         207         208   9.9440827635248155E-002   5.0100703362626467E-002  -8.7683211256005204E-003  0.98112175417415370        2910.2243960466299        2.1174416066239212        5.5202675553039855       0.71763823604797106                0           0   1616478.5313583727        1.2860786271453537E-005  0.25000000000000000              910  0.45466044054228560                0
         225         226  0.11258739991983015        4.7810171057872303E-002  -9.4939383745014589E-004  0.98185672257896206        88575.957032427817        21.129198100363176        17.860444232569716       0.76749345978251238                0           0   53110.521356517827        1.2838083044770557E-004  0.50000000000000000              928   1.0215352388466012                0
         235         236   9.9158490776633662E-002   3.5661683213779022E-002  -5.1301121046354124E-003  0.96614283730650707        4095.4263718306088        2.5687641194955386        2.2274239825251887       0.34421684461675484                0           0   1148675.3345151674        1.5484037106406675E-005  0.12500000000000000              938   9.2479146224950834E-002           0
         249         250   8.3325272192247987E-002   6.4931060179189190E-002  -5.9417119074347373E-003  0.97581540753508467        5929.7866670524481        3.3934150410168407        17.059848802209945       0.41345679473313413                0           0   793336.34104971308        2.0555510157367267E-005  0.25000000000000000              952   1.2427074777484017                0
         271         272  0.13618545113931463       0.10282415591629936       -1.7643068358636144E-003  0.98806680624688603        120181.93023047518        29.578155387187675        10.452003149102197       0.47383234322551288                0           0   39143.282593508091        1.8027976026539725E-004  0.50000000000000000              974   9.3666851113268029E-002           0
         287         288   8.8414603939471620E-002   4.2704642040310346E-002  -5.8515194294090581E-004  0.98093659039144399        118941.02246670357        24.046383900145148        3.8977716617691192       0.59706482902405877                0           0   39551.663169548527        1.4603779329379048E-004  0.25000000000000000              990  0.19399250551600919                0
         291         292  0.10251315781699964        2.9651563345757474E-002  -1.1831110334550475E-003  0.98075559013170377        29765.556837160901        9.5746088155111213        16.121687214846865       0.58862724742072914                0           0   158045.59892431262        5.8142920318824777E-005   3.1250000000000000E-002         994  0.23381219352526525                0
         303         304  0.77980953382043972       0.33783563817501155       -5.2382472905160467E-002  0.97671789874474535        28033.625192942258        18.742492285908785        3.1826596276356969       0.62981155123819677                0           0   167809.73653129677        1.1358394461059082E-004   6.2500000000000000E-002        1006  0.22946432961699714                0
         311         312  0.16827131513595273       0.11782564957455051       -9.1314488263872420E-003  0.97485864189666582        15717.300866973132        8.0915100549741776        19.849252579864793       0.14872213763993791                0           0   299308.08714936365        4.8990345746074786E-005  0.50000000000000000             1014 -0.13018065930249081                0
         321         322  0.12252965187021556        4.0765808550071510E-002  -1.0952504619379879E-003  0.97557453106160041        63331.226025514967        16.995860241612995        19.236486618267865       0.41369472512956240                0           0   74281.133539866772        1.0293936416602254E-004  0.50000000000000000             1024  0.71930512597520779                0
         323         324  0.13577855073708561        2.1714876777924844E-002  -1.0672784058174505E-003  0.97737634574565457        30402.145619620234        10.295090097572151        16.079983879645926       0.68277492928902950                0           0   154736.29119810546        6.2411468000077191E-005  0.25000000000000000             1026  0.36410746616901546                0
         337         338  0.14234346256931027        4.8688670540606271E-002  -2.7220309402593351E-003  0.98436219341894415        24424.438780536861        9.4883723855236379        13.182406127693433       0.41089408271618183                0           0   192606.89262565569        5.7724153992768256E-005  0.50000000000000000             1040   1.4558912030892182                0
         363         364   8.0030474895858961E-002   2.5241398542184282E-002  -3.2505135387658957E-004  0.96900162088983910        125469.53716214608        23.159872534501439        11.995777533408935       0.71907719590757346                0           0   37493.684634903126        1.3980643129274424E-004  0.50000000000000000             1066  0.54696680856988822                0
         371         372   9.0756420354949963E-002   8.9399293653254358E-002  -1.4941626717007766E-003  0.97790038526241019        78336.750524128642        20.236383406048532        10.183249238785772       0.49092144800547499                0           0   60052.468683849453        1.2271064128272370E-004  0.50000000000000000             1074  0.26915575565035521                0
         383         384   9.3433970454860987E-002   6.5975786712685114E-002  -2.9999592269293533E-003  0.97176827062077331        19385.313257799193        7.6576121486429507        7.4616173320760746       0.45454631789294225                0           0   242674.19334851863        4.6290742961604388E-005  0.50000000000000000             1086  0.46636598210616087                0
         395         396  0.10118924464727580        7.2387835402996439E-002  -4.0679476328368365E-003  0.98184110250843104        15239.121285685993        6.7103307468978812        7.6738965085851580       0.49517454410092426                0           0   308699.90266850201        4.0771591993552411E-005  0.50000000000000000             1098   6.0679073787293675E-002           0
         401         402  0.11008182267075275        8.1520559788653676E-002  -2.1754919003101718E-003  0.98946501741247106        50292.904508829961        15.372504553420699        5.2940502030352601       0.39695238486419926                0           0   93538.349069078395        9.3761781152373525E-005  0.50000000000000000             1104  0.13831020715613426                0
         219         220   5.9461379470541447        2.5291364086335988      -0.75299076982192070       0.98221912150944157        80559.862777643633        74.428097414589246        3.8384482282969405       0.17861268030475927                0           0   58395.273967004177        4.5230718866207646E-004  0.50000000000000000              922  0.12511530819003105                0
         159         160  0.52009082554844766       0.13749382338007102       -6.8562166579241961E-003  0.98252657550525302        109146.58921206869        38.868446659729038        1.9528969197104238       0.57780715035521568                0           0   43100.891119047374        2.3624417772278330E-004  0.25000000000000000              862  0.17443774691515199                0
           1           2   2.0244841138268650       0.61000484406818434       -7.0741485713423660E-002  0.98738152934187551        118081.33591071346        65.056817812538299        19.400158035985800       0.50004471492210667                0           0   39839.617509086311        3.9638661146352313E-004  0.50000000000000000              704  0.12657635817693669                0
         283         284  0.18094602805437388        8.1870494517192083E-002  -1.6064068193646895E-003  0.97697797871714775        143540.44546752289        34.366892541613126        4.7344933910169651       0.27844273302854439                0           0   32773.447527785116        2.0829891525217590E-004   6.2500000000000000E-002         986  -5.2190514924532833E-002           0
         185         186  0.24628085064239766        6.9358336926096664E-002  -1.8551080494142963E-003  0.99057546901522908        130681.44545928008        34.314639623851313        9.0480969964641638       0.51882822276283502                0           0   35998.341165507023        2.0941269287605858E-004  0.50000000000000000              888  0.21729645464504749                0
         191         192  0.17819880543248182        5.0730547014061628E-002  -8.9966543292994278E-004  0.98450778698896024        174927.64032278312        37.446621017460309        21.232105574435838       0.63409973732163782                0           0   26892.921261409472        2.2782970840593575E-004  0.25000000000000000              894  0.46970396988425234                0
          71          72  0.16939743337267674        2.6319217633798585E-002  -4.7647967898261517E-004  0.96976219828091648        170003.73667627125        34.870225322542275        13.551107643771218       0.28029895641533831                0           0   27671.834452691655        1.5082883319385277E-004  0.25000000000000000              774 -0.11722627925149838                0
          53          54  0.10539273585624893        8.3691576402142989E-002  -9.4861616487088496E-004  0.98840746126056767        171334.30925667207        34.651436372167325        17.140407256919804       0.23898470791751766                0           0   27456.936547351612        2.1096666920612941E-004  0.50000000000000000              756 -0.17385359464471278                0
         245         246  0.10614450888457336        7.9534736728126665E-002  -8.8338078697462622E-004  0.97533507163214717        180155.36208468804        35.614411017835778        7.7978330499868314       0.13593886728499743                0           0   26112.546433302068        2.1568078356416255E-004  0.50000000000000000              948  0.11142106229501997                0
         331         332  0.12214104311112879        9.8521910482032543E-002  -1.1537755047203683E-003  0.97154055198387024        188414.45473505274        38.868024797675822        19.185945221766097       0.28880964282637356                0           0   24967.910579153504        2.3493249830021899E-004  0.50000000000000000             1034   6.9191632870806458E-002           0
         203         204  0.10958957416913398        5.6611292613942377E-002  -6.2817234305771752E-004  0.98494187057407623        200051.97130642890        36.805509599966030        18.041772441523065       0.11334314227748157                0           0   23515.465640870621        1.6988547057778460E-004  0.50000000000000000              906 -0.16888047327957353                0
          21          22  0.17137201111473407        1.8580527211685235E-002  -2.8964617018065918E-004  0.97725619083110171        219756.57682243298        40.968444197440832        3.5720037819996611       0.24086858594858326                0           0   21406.937283364805        1.8343950172520064E-004  0.50000000000000000              724   7.0301136116537877E-002           0
         369         370  0.35577330781196675       0.28758888866695975       -6.5923629871082615E-003  0.96841922705639494        200307.85819162280        57.839387851881206        14.825373106618981       0.43086961732709478                0           0   23485.425385280789        3.4904883910831302E-004  0.50000000000000000             1072   1.5706943733149490                0
          77          78   9.3430964505624117E-002   2.0354482771848002E-002  -1.6334883162896549E-004  0.97425183352183942        309441.22681298596        43.386459025179242        8.7941392719592741       0.58958987240244942                0           0   15202.613129787858        1.8457846561722538E-004  0.50000000000000000              780  0.84287860729261799                0
         315         316  0.30834333591613694       0.21242803698149326       -3.5544000840579989E-003  0.96932722246065328        288048.63087816222        68.675120176768687        4.5038395634089436       0.42584313403043567                0           0   16331.670257563481        4.1463143421502049E-004   3.1250000000000000E-002        1018  0.23562033195214344                0
          89          90  0.20842321107894346       0.10223825271363279       -1.3435582502014560E-003  0.98702482580270168        297769.38109927031        59.104743533761280        7.0246233590955161       0.75647440219267514                0           0   15798.519109916271        3.6005640583131949E-004  0.50000000000000000              792  0.39879024237717087                0
         155         156  0.50373356431637750       0.18870347651975347       -4.6345267489272665E-003  0.98128177235206437        293320.33962033020        76.435433608783669        8.6586200922361360       0.75017131026034234                0           0   16038.148816184937        4.6428632181207922E-004  0.50000000000000000              858  0.46022396044960734                0
         187         188  0.16652052450678573        4.4390738220572948E-002  -5.1200105471243477E-004  0.98740860044556455        313872.49940009229        53.803263366689940        6.0725594027544672       0.66578732097315874                0           0   14987.981637882163        1.5401396217716847E-004  0.50000000000000000              890  0.29467832447187925                0
         255         256   8.3811449474318997E-002   3.0344259974373743E-002  -1.9498774621546684E-004  0.99476358635673934        366335.73421504453        48.606227887337262        5.7200606652522055       0.45120012038741031                0           0   12841.540746017587        1.7373772739312873E-004  0.50000000000000000              958  0.23733759535926832                0
          93          94   8.5361728603296438E-002   7.1347741082274679E-002  -4.1080252103106030E-004  0.97812880800934654        378910.90214675880        55.249666982163497        6.4650220065246957       0.49066738008932043                0           0   12415.359998859836        1.7179347800011020E-004  0.50000000000000000              796  0.35227303359416362                0
          95         546  0.62290701776509083       0.52092362269304604       -3.7742877467807075E-003  0.93636036018556168        1958536.9470423807        320.39195671051107        4.7278484823145215       0.51688880802814574                0           0   2401.9537975777412        1.1236212511709321E-003   2.9240970046465631E-003         798  0.31125725641907276                0
          67          68  0.52597586808430075       0.46375414949012228       -9.5351984985231255E-003  0.98266064699714351        341740.68956755206        95.332992401100725        18.798668667295846       0.47353672701288241                0           0   13765.745201713413        5.7947742737167690E-004  0.50000000000000000              770   7.0748865287518697E-002           0
         213         214   8.6717284611907239E-002   1.7710005955573944E-002  -1.1427078035879827E-004  0.98213695314694749        400632.33674856107        50.085097135765906        3.8452380947025562       0.33958692842579419                0           0   11742.225542311169        1.5552041722878169E-004  0.50000000000000000              916  0.15489164544118061                0
         313         314  0.11479116130453372        5.7685466757393881E-002  -3.9453446450446250E-004  0.99253727403468150        435049.79924732697        62.547398305763593        2.5332845780083488       0.44398192486634186                0           0   10813.279918261374        1.7042172232509015E-004  0.50000000000000000             1016   7.7334659120434135E-002           0
         365         366  0.29906545429998188       0.27572229150032296       -3.4223050706489746E-003  0.97703614846779008        409915.73603235272        89.792227251814452        15.864745473320955       0.30311530799473185                0           0   11476.298283102440        5.4424978456707430E-004  0.25000000000000000             1068 -0.23613501379197871                0
         201         202  0.41909726131645580       0.36316033186407948       -5.4401348907038797E-003  0.97784193266974673        439642.50440806977        104.26124217537117        18.374673188084355       0.38619066997562884                0           0   10700.319487940789        6.3220712582260643E-004  0.50000000000000000              904   7.2118364506884705E-002           0
         171         172  0.11855449161888632       0.10910379859810015       -6.3808363105355751E-004  0.99690688946593098        502629.43037454027        75.543937317710842        4.7669173367460349       0.23550972082952165                0           0   9359.4106778413025        1.6222029374787257E-004  0.50000000000000000              874  -7.4599301353606692E-002           0
         347         348  0.19457293008789711        9.8264029982305379E-002  -8.4213227326918961E-004  0.97623178622328566        525292.62380639045        84.608893442837001        9.1738458849589186       0.36343709721641304                0           0   8955.6088253366652        5.1262384884362530E-004  0.25000000000000000             1050  0.15744545650447550                0
         343         344   9.9716206803828866E-002   3.9838043689421537E-002  -1.9541286924161294E-004  0.98547806040898511        644708.77578794607        75.758248904357316        15.029904875621421       0.55216664970718465                0           0   7296.8066114739531        4.6110969753691106E-004  0.50000000000000000             1046   1.7410887557460080                0
          99         100  0.11123848720615616        3.9011678252708890E-002  -1.9764343022701515E-004  0.98119635498491209        697449.45099556562        81.825121918085514        6.4626610785292478       0.54583291567185077                0           0   6745.0268272914218        1.9609050585244134E-004  0.25000000000000000              802  0.13227425244391824                0
         391         392  0.13558686976987694        5.7578981684498085E-002  -2.5446740011902898E-004  0.98428057182237338        1015963.8259505472        114.33226250480101        15.870170019948858       0.29997483459005708                0           0   4630.3964151906221        1.9855493643177781E-004  0.50000000000000000             1094  0.10399126839048535                0
         385         386  0.12648191059682606        5.9749107023494945E-002  -2.5030111744847215E-004  0.99192399726360403        1010156.8010307509        112.51654391747591        20.893805906852240       0.27713905961509983                0           0   4657.0148840700185        1.9971473045980897E-004  0.50000000000000000             1088   7.9142952746257093E-003           0
          41          42  0.11122608390456809        8.6847116325004775E-002  -3.0034655602715249E-004  0.97689552612968544        1076875.4069236529        119.85571002551679        3.6552834505925911       0.83608512697219994                0           0   4368.4861102769009        1.9934720720389158E-004  0.25000000000000000              744  0.52100931065143730                0
         345         346  0.55774375829353751       0.47607345656862060       -4.7923803546830179E-003  0.97923176074338625        1065819.0059203701        206.47940675782556        5.4664010174723057       0.25947425095435428                0           0   4413.8031237137029        1.2529054742208931E-003  0.50000000000000000             1048  -4.1944760116258827E-002           0
          73          74  0.94128231410560004       0.69908498357263338       -1.0547991353088345E-002  0.98595090542721642        1010924.7705775029        232.48741209934116        18.660293980981486       0.55693229221543528                0           0   4653.4770880699325        1.4155097427745917E-003  0.50000000000000000              776  0.38495357731930702                0
         285         286   8.9462339041284894E-002   4.2834040765278178E-002  -1.2838168338598593E-004  0.97556116315563901        1178106.6063545495        111.23605151706303        8.3847497852925397       0.67139182684230148                0           0   3993.1150816660524        1.4410236536712358E-004  0.50000000000000000              988  0.22695321407344218                0
         293         294  0.55382231722128972       0.12326253909399966       -1.3046202120956597E-003  0.97555013427591697        1208714.8768618368        195.00098063437505        8.3219800678402347       0.57655808576843048                0           0   3891.9974823661364        1.1809822740092247E-003  0.50000000000000000              996  0.92356568738224065                0
         123         124  0.67985937278035102       0.12376754478802159       -1.4259437356367586E-003  0.97763450747397851        1328700.8239903566        219.90890269502705        4.0365293791122241       0.59036943707654288                0           0   3540.5376234484115        1.3330674591925293E-003  0.50000000000000000              826  0.32050712849573504                0
           7           8  0.10772050310063933        1.1526931384030817E-002  -3.7943697728780554E-005  0.99082248886431246        1424470.1409572540        121.95279694780302        13.205228560559132       0.47420943616710737                0           0   3302.5018372680170        1.6260639909577266E-004   6.2500000000000000E-002         710  -9.8129189946065676E-003           0
         355         356  0.32294731613854971       0.22153041596011064       -1.4146791448691402E-003  0.98835597978780254        1280677.5733209376        188.46314208734015        9.1771481338907730       0.44110844423919821                0           0   3673.3018174480535        1.1488556879049804E-003  0.50000000000000000             1058   6.7541347804808111E-002           0
          85          86   8.0567479673496034E-002   7.0359839832317903E-002  -1.6540594186675728E-004  0.98642166572395873        1357017.8794508749        127.71821781941760        11.554083682123984       0.32576833822776835                0           0   3466.6567986181526        1.9401392259058692E-004   6.2500000000000000E-002         788  -5.6286379204571697E-002           0
         387         388  0.11696728908539532        8.3148869844046139E-002  -2.2937569589960940E-004  0.95150937985046558        1621766.0830404174        158.01296124560892        1.4302409104448612       0.71963077047467960                0           0   2900.7359981442664        5.8788210124015674E-004   1.5811255421000622E-005        1090  0.30468427638338058                0
         103         104   9.4240900685283069E-002   8.1646476448274677E-002  -1.9581474411928143E-004  0.97430932578693863        1543295.6101144454        146.43699954217337        4.2229010198850743       0.15064619041581132                0           0   3048.2269416265021        8.8618227905427590E-004  0.50000000000000000              806  -4.6683893939812676E-002           0
          65          66   8.1196656538748205E-002   3.2700733033609646E-002  -6.2627861262289943E-005  0.98184767372588766        2149336.5504112290        157.99647215383459        16.087820231727520       0.56490177251506501                0           0   2188.7290088398181        1.9363885980735446E-004  0.50000000000000000              768  0.17589277480601240                0
          15          16  0.12041882448822794        4.7134796559794988E-002  -1.1370748620294229E-004  0.97825164521118502        2263928.7909641471        186.02285177799217        16.168152187523152       0.61352586931066044                0           0   2077.9431210119114        1.1281688166013199E-003  0.50000000000000000              718  0.17896541792409162                0
         243         244  0.10897784068549871        6.2870305948584129E-002  -1.2688985103554134E-004  0.99345305026723485        2514966.0648626112        201.22235189126619        7.1785926268442974       0.38301887025205017                0           0   1870.5283237695505        1.2297376519750148E-003  0.50000000000000000              946   7.3659028147544645E-002           0
         265         266   8.4095384718170976E-002   3.6296916915751078E-002  -2.5179207208887155E-005  0.98201132070092934        10108102.586858293        451.77186753033658        2.1190814061401859       0.53136350317397707                0           0   465.40042675871916        1.0065371211362424E-003   8.0280745385405471E-004         968  0.21618697331391973                0
         127         128  0.41687934908818136       0.27898104023835063       -1.0601324713850049E-003  0.99434194081511351        3619474.9262651657        408.83142482301037        14.635868283454176       0.31818634129981344                0           0   1299.7231237899509        2.4997052625840904E-003  0.25000000000000000              830  -2.4516410681782175E-003           0
         217         218   8.1228311512873880E-002   6.5270211912634449E-002  -8.4864059256294254E-005  0.97696892315676265        3390006.8490829859        232.81876606981328        19.416641627432270       0.71386982870215454                0           0   1387.7008121435813        1.4110585494170628E-003  0.50000000000000000              920  0.32151338306267130                0
         143         144  0.25022565110097550       0.15769561095085233       -3.9893226177458845E-004  0.97378367469115990        4047244.7606835263        368.61381757316616        7.5249071454251855       0.65015175939467829                0           0   1162.3500766111972        2.2305190603367172E-003  0.50000000000000000              846  0.21664118550408731                0
          61          62  0.16574606629006447        5.1105325148539382E-002  -1.0680914848388477E-004  0.98146224652464376        3985102.7316611102        295.54272204541036        8.3957529231715959       0.45334874646508727                0           0   1180.4752786595950        1.7952874583487142E-003  0.50000000000000000              764  0.28036270743862901                0
          29          30   9.2064989403419284E-002   3.8673592252436655E-002  -4.8326417632826574E-005  0.98790084533106615        4595724.3541263249        274.56410217347485        6.2979816222065512       0.83924219281649748                0           0   1023.6286807368981        1.6733196375634911E-003  0.25000000000000000              732  0.51024528937907121                0
         405         406   8.7236661288412828E-002   5.5735761705262711E-002  -1.4072219982536795E-005  0.99445045527554632        44632234.652881853        1287.6258805654079        9.4578797372572119       0.71769713706988492                0           0   105.40174145954420        7.8733128566099032E-003  0.50000000000000000             1108   1.2960279797041170                0
          45          46   8.6894120985331738E-002   8.6164685909330241E-002  -8.2040856412477007E-005  0.98387083180607882        5506893.1944410549        340.10174038637848        6.4745572395506485       0.66036715790519085                0           0   854.25939664011355        2.0685513436049150E-003  0.50000000000000000              748  0.47181585387484221                0
         161         162   9.3309048906446132E-002   9.2827486138433946E-002  -9.1372023953613322E-005  0.98763781964423780        5621265.2265716186        353.26974375280111        5.5671032070217263       0.39067724916696894                0           0   836.87836599624393        8.5855078067937545E-004   1.9591542322050439E-005         864   7.6002876198198621E-002           0
         289         290  0.10428359770713377        2.3242149003040714E-002  -2.7029424896288291E-005  0.98098934470810084        6248179.7229178008        334.17566225718474        20.729823898275164       0.16141922418752822                0           0   752.90972191304422        1.8105894907708890E-003   1.0712431739510152E-003         992  -4.7167948740024973E-002           0
         115         116   9.5073144526220191E-002   4.6025486525321645E-002  -4.6726263478262970E-005  0.98361077625756288        6339435.9430684811        348.99124241529205        15.843381609772234       0.49672451927942995                0           0   742.07158174513086        2.1223306805025111E-003  0.25000000000000000              818  0.16987428180444433                0
         223         224  0.13901763968801717        6.0776114313866474E-002  -7.7057536274665142E-005  0.98944566380507626        6749317.4794120044        408.60818083001476        4.6555202327205256       0.31556357962468534                0           0   697.00607090935057        2.4921371906526132E-003   1.2732731589757586E-004         926   9.6008596469788862E-002           0
         199         200  0.11230093762090229        4.7925291740752780E-002  -4.9845320530023470E-005  0.98557578802919299        7365259.5215128316        402.38621163417127        10.683592573233559       0.44498190602710735                0           0   638.71683596540686        2.4494184751019071E-003  0.50000000000000000              902  0.76427257772619528                0
         373         374  0.15845034820673778       0.15233439132851201       -1.7085705085374188E-004  0.97962364742569874        7914559.8322588410        526.47480188171176        4.5533019992487285       0.40308638954169235                0           0   594.38747793282357        1.6513676861432435E-003   2.0542403646955427E-005        1076  0.11638978986587829                0
          69          70  0.10464422723177559       0.10349050793134676       -8.6377732787562200E-005  0.98042651398566583        8085705.8082159301        467.23280664956275        15.388707793776689       0.16463967651086397                0           0   581.80638391081243        2.8368343572848856E-003  0.50000000000000000              772 -0.16254828115767780                0
          51          52  0.11606384615255892        9.5064690585184505E-002  -1.2276543213329298E-004  0.98205345115529663        4872545.5793825211        334.93415447263214        7.0102264757155650       0.45637469076962567                0           0   965.47383313362923        1.9892380511386115E-004  0.50000000000000000              754   6.4446201503238376E-002           0
         267         268  0.11152016154947933        1.9237634443879208E-002  -2.0555816112953213E-005  0.97571210827285837        7748023.5788876619        388.94632283317446        4.7184641097476270       0.54879207716888656                0           0   607.16326037822080        6.2260203022012316E-004   6.0143996269657973E-004         970  0.15342948869587122                0
         367         368  0.20322917187314732       0.17631903439505672       -1.9839584420433160E-004  0.98268148625452834        10352965.584032750        673.08825365458870        14.244359831222999       0.52894805070270912                0           0   454.39301613251473        4.0520807124417788E-003   4.7389798163988535E-004        1070   1.5346500725157473                0
         305         306   8.5255713978393793E-002   1.6586699482616780E-002  -1.1931200371230782E-005  0.97557216214542408        10624387.113807641        441.69112072417624        8.4206903417683723       0.24007611025898229                0           0   442.78462439785847        2.6751951435917505E-003  0.50000000000000000             1008   7.6392471558997782E-002           0
         325         326  0.14296285691723640        1.8018411898666035E-002  -1.7591034512000332E-005  0.98525910189351285        11605238.715074902        545.71725305743564        10.497427193152600       0.38950773824987839                0           0   405.36135215676182        1.9976652747874619E-004  0.50000000000000000             1028   2.6859488663930127E-002           0
         119         120  0.12744757891135747        8.2887871857059842E-002  -6.3848789170769046E-005  0.98269985033698937        12193204.574003790        616.57973866081329        11.172334446419530       0.25166710967983574                0           0   385.81451078697370        3.7479255214838184E-003  0.50000000000000000              822   6.8453751535892754E-002           0
         133         134  0.13034205300579016        4.8697333779162973E-002  -3.8327196807908275E-005  0.98104926699221962        13234848.196939589        617.16603957556379        3.3591070797627656       0.51148608502425730                0           0   355.44912851607796        2.0435849615458956E-003   4.8774428480921893E-004         836  0.21193416982485447                0
          17          18   8.8310858010865509E-002   3.6165089814597706E-002  -2.2321003472730643E-005  0.98140412768925933        12747100.610456508        533.22349031307033        11.870700378360683       0.35090986628647058                0           0   369.04982563531280        3.2391129273980847E-003  0.50000000000000000              720  -4.3129918472467957E-002           0
         275         276  0.13196141201412448        6.9014568623332620E-002  -4.7733938562207979E-005  0.97887296997293438        15446775.808753420        711.01669446984170        7.2175089983955472       0.43191969068490910                0           0   304.54997961315070        4.2183302574201028E-003   6.5708807724636068E-004         978  0.36986740536732449                0
         399         400  0.17014458503807270        6.6018282057290864E-002  -2.6984333134909386E-005  0.99072154847496052        45921854.037956461        1551.2792987973066        14.543530396558594       0.21660258074991143                0           0   102.44175363121090        9.3457221965923404E-003   1.1381265677606008E-004        1102 -0.12791801089500807                0
         157         158  0.17882018552997023        8.7937108552675433E-002  -4.2075674576396478E-005  0.98506299193719082        36757632.359687269        1392.7621995034128        3.8557884845437029       0.36970641135904581                0           0   127.98199872100759        6.6304257371946314E-003   3.5793208792125978E-004         860   3.2401357175451777E-003           0
         145         146  0.11284151051838727        7.1741434973604884E-002  -2.4259672831258200E-005  0.99380516665275875        37282451.250928052        1243.5789057538827        7.9990401035706400       0.41381022411173368                0           0   126.18041732241682        6.7331414895695383E-003   2.1812682570546184E-004         848  0.14678634743779861                0
         221         222  0.10685030920939192        6.9974509155263417E-002  -3.1626285977385603E-005  0.98477926579800246        22714270.525070418        881.02206712621182        16.081249279165135       0.24748023572539643                0           0   207.10835738495192        4.5721916744411719E-003   4.3693134961588065E-005         924 -0.19241091020043466                0
