 1021877   1   373 167   0      1.9   7.73   4.63  7.153     0.0  -0.2148   0.0000
  -1.117539   0.000000   0.245505   0.096985  -0.663599   0.060150   0.000000   0.000000   0.000000   0.000000
   0.00000   0.00000   0.13978   0.02959   0.00000  -1.11754   0.00000   0.00000  -0.87203   0.66276   0.19180   0.00000   0.00000
 NAME(I1)    NAME(I2)    M1[M*]                    M2[M*]                    EB[NB]                    ECC                       P[Days]                   SEMI[AU]                  RI[PC]                    VI[km/s]                  K*(I1)      K*(I2)      ZN[NB]                    RP[NB]                    STEP(I1)[NB]              NAME(ICM)                 ECM[NB]                   K*(ICM)      
           3           4   8.7970317491499028E-002   4.9196061553816367E-002  -9.2897646351125171E-004  0.98018963898304645        71340.815372945974        17.361255191394889        4.1264137359909254       0.21904118086899879                0           0   65941.428242054317        1.0539810829294615E-004  0.50000000000000000              706   6.7577445190538821E-002           0
          59          60  0.52934127945164156       0.11516011942956719       -3.1001072744619322E-002  0.99635260950274573        9025.0375450904266        7.3279160146024838        13.412036565748465       0.93683420153471086                0           0   521251.59969045070        4.4850020571511419E-005  0.50000000000000000              762   1.3848933102265382                0
          63          64  0.11284127030153632        5.3401276685359052E-002  -1.4468849236327175E-003  0.97984293960292113        54774.265105649982        15.520472950299069        12.829014451400573       0.36658967739155357                0           0   85885.502043175962        9.4206442072616631E-005  0.25000000000000000              766  0.19056332527337330                0
          83          84  0.10272953417562042        4.1373672231505683E-002  -1.2819188696754095E-003  0.97370419826673227        41789.837138321200        12.356008093958177        15.864181642360657       0.43527376792003092                0           0   112570.79662870750        7.4766174595093939E-005  0.50000000000000000              786  0.30815313769020508                0
         131         132   8.4797441590329786E-002   6.4637458177469395E-002  -7.7121942017657882E-004  0.98912831439601701        128788.41655396212        26.485513546867381        7.1974667145700311       0.51110809379416655                0           0   36527.471829531067        1.6151620773559698E-004   7.8125000000000000E-003         834  0.16132405672201286                0
         137         138  0.13717930409073115       0.13193897190263901       -4.0334545728335997E-003  0.97817964388784162        48147.574536657077        16.722602131164937        8.1111362805734792       0.34631787095846600                0           0   97706.173216745112        1.0141787278782275E-004  0.50000000000000000              840  0.59697778338694296                0
         167         168  0.11739175763496201        6.6852661947444644E-002  -1.3371095085191684E-003  0.97921691183512483        87047.450602289726        21.873015901955345        13.884108227142431       0.70510350176628767                0           0   54043.113555826756        1.3272323952673876E-004  0.25000000000000000              870  0.41152866792511045                0
         177         178  0.17518944591650459       0.15841447355487015       -4.8844045916293037E-002  0.97081544669269548        1948.4551180766894        2.1174370246531056        1.3905909506935576       0.79586841277779208                0           0   2414382.1502485364        1.2793853451865820E-005  0.50000000000000000              880  0.48255697923393354                0
         181         182  0.16494482085752635        4.8117280213717237E-002  -2.2342341753636167E-003  0.98308070947828008        38113.841390388654        13.238244572811659        3.5707942638440091       0.34237507614344387                0           0   123428.00111539195        8.0485139620415977E-005  0.50000000000000000              884   2.9952175143619614E-002           0
         193         194  0.13607741833753259        1.4509867592654014E-002  -3.3139095177587647E-004  0.98026160729439438        98477.807758994706        22.203845682541278        15.051090822579003       0.80491895054806939                0           0   47770.308506030713        1.3480179630591914E-004  0.50000000000000000              896   1.0767104961463461                0
         195         196  0.23980714281985319       0.16746154432118399       -1.7866781603804005E-002  0.96643523058497638        13874.745800257982        8.3762612435180923        11.438871206237252        1.0333334785057928                0           0   339055.96004197007        5.0498069052990366E-005  0.50000000000000000              898  0.79588404650467948                0
         207         208   9.9440827635248155E-002   5.0100703362626467E-002  -8.7683211256005204E-003  0.98112175417415370        2910.2243960466299        2.1174416066239212        2.4727179652092066       0.71920051240205518                0           0   1616478.5313583727        1.2860786271453537E-005  0.25000000000000000              910  0.45453566034276693                0
         225         226  0.11258739991983015        4.7810171057872303E-002  -9.4939383745014589E-004  0.98185672257896206        88575.957032427817        21.129198100363176        14.963146346591262       0.75974643012006082                0           0   53110.521356517827        1.2838083044770557E-004  0.50000000000000000              928   1.0216251177569808                0
         235         236   9.9158490776633662E-002   3.5661683213779022E-002  -5.1301121046354124E-003  0.96614283730650707        4095.4263718306088        2.5687641194955386        3.0154614482768904       0.34163594940395592                0           0   1148675.3345151674        1.5484037106406675E-005  0.12500000000000000              938   9.1568448271309458E-002           0
         249         250   8.3325272192247987E-002   6.4931060179189190E-002  -5.9417119074347373E-003  0.97581540753508467        5929.7866670524481        3.3934150410168407        15.510051220669457       0.41429645480346300                0           0   793336.34104971308        2.0555510157367267E-005  0.25000000000000000              952   1.2426719856663637                0
         271         272  0.13618545113931463       0.10282415591629936       -1.7643068358636144E-003  0.98806680624688603        120181.93023047518        29.578155387187675        6.6174225099432666       0.47573627108473171                0           0   39143.282593508091        1.8027976026539725E-004  0.50000000000000000              974   9.3568686425735681E-002           0
         287         288   8.8414603939471620E-002   4.2704642040310346E-002  -5.8515194294090581E-004  0.98093659039144399        118941.02246670357        24.046383900145148        1.7387179770261059       0.59743575258057968                0           0   39551.663169548527        1.4603779329379048E-004  0.25000000000000000              990  0.19451433355574504                0
         291         292  0.10251315781699964        2.9651563345757474E-002  -1.1831110334550475E-003  0.98075559013170377        29765.556837160901        9.5746088155111213        11.893313667057750       0.58858878208500642                0           0   158045.59892431262        5.8142920318824777E-005   3.1250000000000000E-002         994  0.23382878856711664                0
         303         304  0.77980953382043972       0.33783563817501155       -5.2382472905160467E-002  0.97671789874474535        28033.625192942258        18.742492285908785        5.0329966425577046       0.63081463161526508                0           0   167809.73653129677        1.1358394461059082E-004   6.2500000000000000E-002        1006  0.22995031083638212                0
         311         312  0.16827131513595273       0.11782564957455051       -9.1314488263872420E-003  0.97485864189666582        15717.300866973132        8.0915100549741776        15.839132352584707       0.15019442844926140                0           0   299308.08714936365        4.8990345746074786E-005  0.50000000000000000             1014 -0.12999195884107875                0
         321         322  0.12252965187021556        4.0765808550071510E-002  -1.0952504619379879E-003  0.97557453106160041        63331.226025514967        16.995860241612995        16.661103297268717       0.41335982389773884                0           0   74281.133539866772        1.0293936416602254E-004  0.50000000000000000             1024  0.71930670833954524                0
         323         324  0.13577855073708561        2.1714876777924844E-002  -1.0672784058174505E-003  0.97737634574565457        30402.145619620234        10.295090097572151        13.365404045275010       0.67907449057709068                0           0   154736.29119810546        6.2411468000077191E-005  0.25000000000000000             1026  0.36412804126713766                0
         337         338  0.14234346256931027        4.8688670540606271E-002  -2.7220309402593351E-003  0.98436219341894415        24424.438780536861        9.4883723855236379        13.230190640437314       0.40852749607442790                0           0   192606.89262565569        5.7724153992768256E-005  0.50000000000000000             1040   1.4559916356447558                0
         363         364   8.0030474895858961E-002   2.5241398542184282E-002  -3.2505135387658957E-004  0.96900162088983910        125469.53716214608        23.159872534501439        12.413876025850540       0.71726119235726404                0           0   37493.684634903126        1.3980643129274424E-004  0.50000000000000000             1066  0.54693789481603949                0
         371         372   9.0756420354949963E-002   8.9399293653254358E-002  -1.4941626717007766E-003  0.97790038526241019        78336.750524128642        20.236383406048532        9.7925914129987301       0.48681575756032103                0           0   60052.468683849453        1.2271064128272370E-004  0.50000000000000000             1074  0.26904346170721616                0
         383         384   9.3433970454860987E-002   6.5975786712685114E-002  -2.9999592269293533E-003  0.97176827062077331        19385.313257799193        7.6576121486429507        11.219072843408469       0.45692331802353126                0           0   242674.19334851863        4.6290742961604388E-005  0.50000000000000000             1086  0.46638817902486140                0
         395         396  0.10118924464727580        7.2387835402996439E-002  -4.0679476328368365E-003  0.98184110250843104        15239.121285685993        6.7103307468978812        8.5252723862939437       0.49483681719235911                0           0   308699.90266850201        4.0771591993552411E-005  0.50000000000000000             1098   6.0925595757074805E-002           0
         401         402  0.11008182267075275        8.1520559788653676E-002  -2.1754919003101718E-003  0.98946501741247106        50292.904508829961        15.372504553420699        8.0797768788513107       0.40150421053933427                0           0   93538.349069078395        9.3761781152373525E-005  0.50000000000000000             1104  0.13816977140244133                0
         219         220   5.9461379470541447        2.5291364086335988      -0.75299076982192070       0.98221912150944157        80559.862777643633        74.428097414589246        6.7647716769792421       0.18007900056133783                0           0   58395.273967004177        4.5230718866207646E-004  0.50000000000000000              922  0.12499498778701840                0
         159         160  0.52009082554844766       0.13749382338007102       -6.8562166579241961E-003  0.98252657550525302        109146.58921206869        38.868446659729038        3.3645430764255475       0.57762537794373725                0           0   43100.891119047374        2.3624417772278330E-004  0.25000000000000000              862  0.17574478379864406                0
           1           2   2.0244841138268650       0.61000484406818434       -7.0741485713423660E-002  0.98738152934187551        118081.33591071346        65.056817812538299        15.279646238368075       0.49839986999215585                0           0   39839.617509086311        3.9638661146352313E-004  0.50000000000000000              704  0.12661252593647052                0
         283         284  0.18094602805437388        8.1870494517192083E-002  -1.6064068193646895E-003  0.97697797871714775        143540.44546752289        34.366892541613126        4.8340413110129372       0.27976341062587656                0           0   32773.447527785116        2.0829891525217590E-004   6.2500000000000000E-002         986  -5.2012923082553189E-002           0
         185         186  0.24628085064239766        6.9358336926096664E-002  -1.8551080494142963E-003  0.99057546901522908        130681.44545928008        34.314639623851313        9.5591471886817452       0.52041007517066595                0           0   35998.341165507023        2.0941269287605858E-004  0.50000000000000000              888  0.21731933507806928                0
         191         192  0.17819880543248182        5.0730547014061628E-002  -8.9966543292994278E-004  0.98450778698896024        174927.64032278312        37.446621017460309        17.407916445486663       0.63287192380212609                0           0   26892.921261409472        2.2782970840593575E-004  0.25000000000000000              894  0.46972579962186056                0
          71          72  0.16939743337267674        2.6319217633798585E-002  -4.7647967898261517E-004  0.96976219828091648        170003.73667627125        34.870225322542275        10.931461045584381       0.27935386254353201                0           0   27671.834452691655        1.5082883319385277E-004  0.25000000000000000              774 -0.11730569272407991                0
          53          54  0.10539273585624893        8.3691576402142989E-002  -9.4861616487088496E-004  0.98840746126056767        171334.30925667207        34.651436372167325        13.548578161269027       0.24121778333876115                0           0   27456.936547351612        2.1096666920612941E-004  0.50000000000000000              756 -0.17340585451037274                0
         245         246  0.10614450888457336        7.9534736728126665E-002  -8.8338078697462622E-004  0.97533507163214717        180155.36208468804        35.614411017835778        10.146688040571263       0.13946787016858636                0           0   26112.546433302068        2.1568078356416255E-004  0.50000000000000000              948  0.11137384122016483                0
         331         332  0.12214104311112879        9.8521910482032543E-002  -1.1537755047203683E-003  0.97154055198387024        188414.45473505274        38.868024797675822        15.328736773960172       0.28896629826586456                0           0   24967.910579153504        2.3493249830021899E-004  0.50000000000000000             1034   6.9192764608595025E-002           0
         203         204  0.10958957416913398        5.6611292613942377E-002  -6.2817234305771752E-004  0.98494187057407623        200051.97130642890        36.805509599966030        14.358799353647264       0.11627042141998183                0           0   23515.465640870621        1.6988547057778460E-004  0.50000000000000000              906 -0.16884243311679462                0
          21          22  0.17137201111473407        1.8580527211685235E-002  -2.8964617018065918E-004  0.97725619083110171        219756.57682243298        40.968444197440832        4.3376367054221854       0.24046555247167675                0           0   21406.937283364805        1.8343950172520064E-004  0.50000000000000000              724   6.9780198053457865E-002           0
         369         370  0.35577330781196675       0.28758888866695975       -6.5923629871082615E-003  0.96841922705639494        200307.85819162280        57.839387851881206        14.321802456609458       0.42611996611854652                0           0   23485.425385280789        3.4904883910831302E-004  0.50000000000000000             1072   1.5702118668244989                0
          77          78   9.3430964505624117E-002   2.0354482771848002E-002  -1.6334883162896549E-004  0.97425183352183942        309441.22681298596        43.386459025179242        10.897431223572017       0.58457740656237311                0           0   15202.613129787858        1.8457846561722538E-004  0.50000000000000000              780  0.84325838197919234                0
         315         316  0.30834333591613694       0.21242803698149326       -3.5544000840579989E-003  0.96932722246065328        288048.63087816222        68.675120176768687        8.2397884649552129       0.42167779983596421                0           0   16331.670257563481        4.1463143421502049E-004   3.1250000000000000E-002        1018  0.23104944195451022                0
          89          90  0.20842321107894346       0.10223825271363279       -1.3435582502014560E-003  0.98702482580270168        297769.38109927031        59.104743533761280        7.4493025249560985       0.75652302469826471                0           0   15798.519109916271        3.6005640583131949E-004  0.50000000000000000              792  0.39892950070097960                0
         155         156  0.50373356431637750       0.18870347651975347       -4.6345267489272665E-003  0.98128177235206437        293320.33962033020        76.435433608783669        10.375182740925284       0.74687323179469511                0           0   16038.148816184937        4.6428632181207922E-004  0.50000000000000000              858  0.46014653035095843                0
         187         188  0.16652052450678573        4.4390738220572948E-002  -5.1200105471243477E-004  0.98740860044556455        313872.49940009229        53.803263366689940        6.8025191603456898       0.66597851297038579                0           0   14987.981637882163        1.5401396217716847E-004  0.50000000000000000              890  0.29440623240754782                0
         255         256   8.3811449474318997E-002   3.0344259974373743E-002  -1.9498774621546684E-004  0.99476358635673934        366335.73421504453        48.606227887337262        9.7718053325161822       0.45164843271186988                0           0   12841.540746017587        1.7373772739312873E-004  0.50000000000000000              958  0.23754970476242596                0
          93          94   8.5361728603296438E-002   7.1347741082274679E-002  -4.1080252103106030E-004  0.97812880800934654        378910.90214675880        55.249666982163497        10.507605900306816       0.48558233776305565                0           0   12415.359998859836        1.7179347800011020E-004  0.50000000000000000              796  0.35207837729662561                0
          95         546  0.62290701776509083       0.52092362269304604       -3.7742882908141412E-003  0.93636333844158015        1958536.5235812701        320.39191052857615        8.5039405643332557       0.51663529580819911                0           0   2401.9543169114431        1.8653296460518698E-003   5.0902822749765275E-003         798  0.31253447733910289                0
          67          68  0.52597586808430075       0.46375414949012228       -9.5351984985231255E-003  0.98266064699714351        341740.68956755206        95.332992401100725        16.167441381758756       0.46913658678128783                0           0   13765.745201713413        5.7947742737167690E-004  0.50000000000000000              770   7.0761035823924789E-002           0
         213         214   8.6717284611907239E-002   1.7710005955573944E-002  -1.1427078035879827E-004  0.98213695314694749        400632.33674856107        50.085097135765906        4.7517930873864032       0.34044879513379595                0           0   11742.225542311169        1.5552041722878169E-004  0.50000000000000000              916  0.15439131764603670                0
         313         314  0.11479116130453372        5.7685466757393881E-002  -3.9453446450446250E-004  0.99253727403468150        435049.79924732697        62.547398305763593        2.9619537974873920       0.44182974472509745                0           0   10813.279918261374        1.7042172232509015E-004  0.50000000000000000             1016   7.7340915114578704E-002           0
         365         366  0.29906545429998188       0.27572229150032296       -3.4223050706489746E-003  0.97703614846779008        409915.73603235272        89.792227251814452        13.696216882379785       0.30185555537308156                0           0   11476.298283102440        5.4424978456707430E-004  0.50000000000000000             1068 -0.23615058411568490                0
         201         202  0.41909726131645580       0.36316033186407948       -5.4401348907038797E-003  0.97784193266974673        439642.50440806977        104.26124217537117        14.378066810790358       0.38663153112290322                0           0   10700.319487940789        6.3220712582260643E-004  0.50000000000000000              904   7.2098285213656882E-002           0
         171         172  0.11855449161888632       0.10910379859810015       -6.3808363105355751E-004  0.99690688946593098        502629.43037454027        75.543937317710842        3.9090062893345001       0.23551901997638811                0           0   9359.4106778413025        1.6222029374787257E-004  0.50000000000000000              874  -7.4457230838203881E-002           0
         347         348  0.19457293008789711        9.8264029982305379E-002  -8.4213227326918961E-004  0.97623178622328566        525292.62380639045        84.608893442837001        5.4720956284784350       0.36726069708069153                0           0   8955.6088253366652        5.1262384884362530E-004  0.25000000000000000             1050  0.15740560889641536                0
         343         344   9.9716206803828866E-002   3.9838043689421537E-002  -1.9541286924161294E-004  0.98547806040898511        644708.77578794607        75.758248904357316        14.677276584049253       0.55376333665984911                0           0   7296.8066114739531        4.6110969753691106E-004  0.50000000000000000             1046   1.7403543990434152                0
          99         100  0.11123848720615616        3.9011678252708890E-002  -1.9764343022701515E-004  0.98119635498491209        697449.45099556562        81.825121918085514        9.2914469210421835       0.54592912614850386                0           0   6745.0268272914218        1.9609050585244134E-004  0.25000000000000000              802  0.13258821122863648                0
         391         392  0.13558686976987694        5.7578981684498085E-002  -2.5446740011902898E-004  0.98428057182237338        1015963.8259505472        114.33226250480101        12.829780857413640       0.30182584115704064                0           0   4630.3964151906221        1.9855493643177781E-004  0.50000000000000000             1094  0.10394068001699325                0
         385         386  0.12648191059682606        5.9749107023494945E-002  -2.5030111744847215E-004  0.99192399726360403        1010156.8010307509        112.51654391747591        16.729805735692238       0.27691730022747735                0           0   4657.0148840700185        1.9971473045980897E-004  0.50000000000000000             1088   7.8566948476333116E-003           0
          41          42  0.11122608390456809        8.6847116325004775E-002  -3.0034655602715249E-004  0.97689552612968544        1076875.4069236529        119.85571002551679        1.2855841940941717       0.83575387095599074                0           0   4368.4861102769009        1.9934720720389158E-004  0.25000000000000000              744  0.52091362732161850                0
         345         346  0.55774375829353751       0.47607345656862060       -4.7923803546830179E-003  0.97923176074338625        1065819.0059203701        206.47940675782556        1.5337348645632609       0.25822244325555016                0           0   4413.8031237137029        1.2529054742208931E-003  0.50000000000000000             1048  -4.2057605874477669E-002           0
          73          74  0.94128231410560004       0.69908498357263338       -1.0547991353088345E-002  0.98595090542721642        1010924.7705775029        232.48741209934116        15.103725491305511       0.55264148247109168                0           0   4653.4770880699325        1.4155097427745917E-003  0.50000000000000000              776  0.38499942589677205                0
         285         286   8.9462339041284894E-002   4.2834040765278178E-002  -1.2838168338598593E-004  0.97556116315563901        1178106.6063545495        111.23605151706303        8.8796518053058886       0.67085535029628252                0           0   3993.1150816660524        1.4410236536712358E-004  0.50000000000000000              988  0.22707507963609930                0
         293         294  0.55382231722128972       0.12326253909399966       -1.3046202120956597E-003  0.97555013427591697        1208714.8768618368        195.00098063437505        10.062439668448306       0.56981386776622955                0           0   3891.9974823661364        1.1809822740092247E-003  0.50000000000000000              996  0.92343078301662196                0
         123         124  0.67985937278035102       0.12376754478802159       -1.4259437356367586E-003  0.97763450747397851        1328700.8239903566        219.90890269502705        7.9434327950115708       0.58800031084458515                0           0   3540.5376234484115        1.3330674591925293E-003  0.50000000000000000              826  0.32050135537292335                0
           7           8  0.10772050310063933        1.1526931384030817E-002  -3.7943697728780554E-005  0.99082248886431246        1424470.1409572540        121.95279694780302        11.440530537604747       0.47267298815560671                0           0   3302.5018372680170        1.6260639909577266E-004   6.2500000000000000E-002         710  -9.7831046600259930E-003           0
         355         356  0.32294731613854971       0.22153041596011064       -1.4146791448691402E-003  0.98835597978780254        1280677.5733209376        188.46314208734015        5.5903840212186005       0.44040689520167281                0           0   3673.3018174480535        1.1488556879049804E-003  0.50000000000000000             1058   6.7492410094032437E-002           0
          85          86   8.0567479673496034E-002   7.0359839832317903E-002  -1.6540594186675728E-004  0.98642166572395873        1357017.8794508749        127.71821781941760        8.5135769475509093       0.32382402122610005                0           0   3466.6567986181526        1.9401392259058692E-004   6.2500000000000000E-002         788  -5.6282645925811538E-002           0
         387         388  0.11696728908539532        8.3148869844046139E-002  -2.2942774220681525E-004  0.95311848816119937        1621214.2612698986        157.97711557566339        4.1382469469425196       0.74217582589108388                0           0   2901.7233378886444        1.9802847274480291E-004   8.5042823197297366E-006        1090  0.19568157222912153                0
         103         104   9.4240900685283069E-002   8.1646476448274677E-002  -1.9581474411928143E-004  0.97430932578693863        1543295.6101144454        146.43699954217337        4.3175213395032728       0.15203224355196715                0           0   3048.2269416265021        8.8618227905427590E-004  0.25000000000000000              806  -4.7432880023884745E-002           0
          65          66   8.1196656538748205E-002   3.2700733033609646E-002  -6.2627861262289943E-005  0.98184767372588766        2149336.5504112290        157.99647215383459        12.813163436594534       0.56361138018573598                0           0   2188.7290088398181        1.9363885980735446E-004  0.50000000000000000              768  0.17588897574849785                0
          15          16  0.12041882448822794        4.7134796559794988E-002  -1.1370748620294229E-004  0.97825164521118502        2263928.7909641471        186.02285177799217        13.179989946037896       0.61035452268253731                0           0   2077.9431210119114        1.1281688166013199E-003  0.50000000000000000              718  0.17913023072729400                0
         243         244  0.10897784068549871        6.2870305948584129E-002  -1.2688985103554134E-004  0.99345305026723485        2514966.0648626112        201.22235189126619        10.520393235828505       0.38163229823376082                0           0   1870.5283237695505        1.2297376519750148E-003  0.50000000000000000              946   7.3634309759259581E-002           0
         265         266   8.4095384718170976E-002   3.6296916915751078E-002  -2.5179257761808917E-005  0.98201122527963736        10108072.145500511        451.77096049852128        3.6639397330998968       0.52816433954560738                0           0   465.40182835347423        2.1999961944790792E-003   1.1961046628198204E-003         968  0.21608996371558536                0
         127         128  0.41687934908818136       0.27898104023835063       -1.0601324713850049E-003  0.99434194081511351        3619474.9262651657        408.83142482301037        12.378776516714733       0.31413978441181878                0           0   1299.7231237899509        2.4997052625840904E-003  0.25000000000000000              830  -2.4265490607333802E-003           0
         217         218   8.1228311512873880E-002   6.5270211912634449E-002  -8.4864059256294254E-005  0.97696892315676265        3390006.8490829859        232.81876606981328        15.818933620979758       0.71808595124296615                0           0   1387.7008121435813        1.4110585494170628E-003  0.50000000000000000              920  0.32153696114685948                0
         143         144  0.25022565110097550       0.15769561095085233       -3.9893226177458845E-004  0.97378367469115990        4047244.7606835263        368.61381757316616        8.9190405739149590       0.64924484850527497                0           0   1162.3500766111972        2.2305190603367172E-003  0.50000000000000000              846  0.21692242274988832                0
          61          62  0.16574606629006447        5.1105325148539382E-002  -1.0680914848388477E-004  0.98146224652464376        3985102.7316611102        295.54272204541036        6.9134513672250044       0.45130902858871619                0           0   1180.4752786595950        1.7952874583487142E-003  0.50000000000000000              764  0.28032304470928493                0
          29          30   9.2064989403419284E-002   3.8673592252436655E-002  -4.8326417632826574E-005  0.98790084533106615        4595724.3541263249        274.56410217347485        5.6021276505262367       0.83794230239652479                0           0   1023.6286807368981        1.6733196375634911E-003  0.25000000000000000              732  0.51027623784244558                0
         405         406   8.7236661288412828E-002   5.5735761705262711E-002  -1.4072219982536795E-005  0.99445045527554632        44632234.652881853        1287.6258805654079        10.411707613055032       0.71057230068633470                0           0   105.40174145954420        7.8733128566099032E-003  0.50000000000000000             1108   1.2959449189181911                0
          45          46   8.6894120985331738E-002   8.6164685909330241E-002  -8.2040856412477007E-005  0.98387083180607882        5506893.1944410549        340.10174038637848        7.2795607344460427       0.65755959861781776                0           0   854.25939664011355        2.0685513436049150E-003  0.50000000000000000              748  0.47182597724700537                0
         161         162   9.3309048906446132E-002   9.2827486138433946E-002  -9.1370126644235952E-005  0.98756788062118295        5621440.3166418364        353.27707943265818        7.2401913879334456       0.40545075433925548                0           0   836.85229988442723        1.6705039225099814E-003   2.6383276097167232E-005         864   8.2440397593477821E-002           0
         289         290  0.10428359770713377        2.3242149003040714E-002  -2.7029295259592761E-005  0.98098931932386590        6248224.6738313809        334.17726501553142        16.633584764230562       0.16173404632683813                0           0   752.90430533767926        3.9751833568544073E-004   5.1591190682467641E-004         992  -4.7039040762753496E-002           0
         115         116   9.5073144526220191E-002   4.6025486525321645E-002  -4.6726263478262970E-005  0.98361077625756288        6339435.9430684811        348.99124241529205        12.513927357589928       0.49416785230986432                0           0   742.07158174513086        2.1223306805025111E-003  0.25000000000000000              818  0.16988469952969831                0
         223         224  0.13901763968801717        6.0776114313866474E-002  -7.7057536776591320E-005  0.98945071326025724        6749317.4134679222        408.60817816848220        5.2977678610763759       0.31756554893326211                0           0   697.00607771943578        2.4881963704899389E-003   2.5452061870773830E-004         926   9.6732592828418534E-002           0
         199         200  0.11230093762090229        4.7925291740752780E-002  -4.9845320530023470E-005  0.98557578802919299        7365259.5215128316        402.38621163417127        9.3947728154337469       0.43500612848266806                0           0   638.71683596540686        2.4494184751019071E-003  0.50000000000000000              902  0.76422964477413180                0
         373         374  0.15845034820673778       0.15233439132851201       -1.7085701182097379E-004  0.97959177033920264        7914562.5444143964        526.47492215637078        5.1090429275224523       0.40181853467391759                0           0   594.38727424862850        1.6605628897768644E-003   2.0601566540130152E-005        1076  0.11380851745092369                0
          69          70  0.10464422723177559       0.10349050793134676       -8.6377732787562200E-005  0.98042651398566583        8085705.8082159301        467.23280664956275        12.185797097671919       0.16491916496694298                0           0   581.80638391081243        2.8368343572848856E-003  0.50000000000000000              772 -0.16249628868177624                0
          51          52  0.11606384615255892        9.5064690585184505E-002  -1.2276543213329298E-004  0.98205345115529663        4872545.5793825211        334.93415447263214        3.9320544242926991       0.45606556470847531                0           0   965.47383313362923        1.9892380511386115E-004  0.50000000000000000              754   6.4450870420630288E-002           0
         267         268  0.11152016154947933        1.9237634443879208E-002  -2.0555952277463778E-005  0.97571184366245878        7747946.5935884304        388.94374641710920        2.3274934060438519       0.54813026402075138                0           0   607.16929328574236        1.9869865742964568E-003   1.0911390719227150E-003         970  0.15329675821226771                0
         367         368  0.20322917187314732       0.17631903439505672       -1.9839487307547919E-004  0.98268249790651940        10353041.599675700        673.09154837391884        13.679218618184217       0.52709708799970723                0           0   454.38967982048109        3.2792106455084213E-003   4.2740549274434105E-004        1070   1.5345403949268297                0
         305         306   8.5255713978393793E-002   1.6586699482616780E-002  -1.1931200371230782E-005  0.97557216214542408        10624387.113807641        441.69112072417624        12.511653663850861       0.24247861728827169                0           0   442.78462439785847        2.6751951435917505E-003  0.50000000000000000             1008   7.6638152397365711E-002           0
         325         326  0.14296285691723640        1.8018411898666035E-002  -1.7591034512000332E-005  0.98525910189351285        11605238.715074902        545.71725305743564        7.3205079816297731       0.38799725231462889                0           0   405.36135215676182        1.9976652747874619E-004  0.50000000000000000             1028   2.6840560051249171E-002           0
         119         120  0.12744757891135747        8.2887871857059842E-002  -6.3848789170769046E-005  0.98269985033698937        12193204.574003790        616.57973866081329        9.1030323938772284       0.25184703849195739                0           0   385.81451078697370        3.7479255214838184E-003  0.50000000000000000              822   6.8393134122963481E-002           0
         133         134  0.13034205300579016        4.8697333779162973E-002  -3.8327405775560160E-005  0.98104987153761947        13234739.959061563        617.16267467946659        6.4483960465280701       0.50734288848990483                0           0   355.45203549117053        3.5844618197448707E-003   6.4817399949214404E-004         836  0.21167018598165777                0
          17          18   8.8310858010865509E-002   3.6165089814597706E-002  -2.2321003472730643E-005  0.98140412768925933        12747100.610456508        533.22349031307033        8.9872612062975072       0.35241157892747182                0           0   369.04982563531280        3.2391129273980847E-003  0.50000000000000000              720  -4.3131726586499469E-002           0
         275         276  0.13196141201412448        6.9014568623332620E-002  -4.7733589061475533E-005  0.97887019918011764        15446945.458766565        711.02190046545991        10.664560489422954       0.42992518014337899                0           0   304.54663481542468        3.1169037188574960E-003   5.6611411556773219E-004         978  0.36996354798767050                0
         399         400  0.17014458503807270        6.6018282057290864E-002  -2.6984102470695782E-005  0.99072258218470521        45922442.859707922        1551.2925593687833        10.960536643042131       0.21772330530406633                0           0   102.44044011370094        2.4512246391969329E-003   5.8277564244345086E-005        1102 -0.12798550367353270                0
         157         158  0.17882018552997023        8.7937108552675433E-002  -4.2075235337742776E-005  0.98506367508960824        36758207.950588591        1392.7767390535430        5.8730871656932475       0.37004593099517352                0           0   127.97999467135162        1.9670903706218699E-003   1.9615143437195262E-004         860   3.8232621772703243E-003           0
         145         146  0.11284151051838727        7.1741434973604884E-002  -2.4259865394757227E-005  0.99380412388240047        37282007.355739318        1243.5690348044147        11.827233794893468       0.41381016211692295                0           0   126.18191967929445        3.5606552861798205E-003   1.5831486145919123E-004         848  0.14700040969724790                0
         221         222  0.10685030920939192        6.9974509155263417E-002  -3.1625987238914760E-005  0.98473296545669631        22714592.363678135        881.03038924381474        12.545408443560252       0.23902838511562133                0           0   207.10542290722410        4.7949454983210547E-003   4.4686984206427442E-005         924 -0.19383114058062406                0
