 1021517   1   373 106   0      1.5   7.73   4.63  5.438     0.0  -0.2148   0.0000
  -1.117620   0.000000   0.245586   0.096985  -0.663599   0.060150   0.000000   0.000000   0.000000   0.000000
   0.00000   0.00000   0.13554   0.02863   0.00000  -1.11762   0.00000   0.00000  -0.87203   0.66276   0.19224   0.00000   0.00000
 NAME(I1)    NAME(I2)    M1[M*]                    M2[M*]                    EB[NB]                    ECC                       P[Days]                   SEMI[AU]                  RI[PC]                    VI[km/s]                  K*(I1)      K*(I2)      ZN[NB]                    RP[NB]                    STEP(I1)[NB]              NAME(ICM)                 ECM[NB]                   K*(ICM)      
           3           4   8.7970317491499028E-002   4.9196061553816367E-002  -9.2897646351125171E-004  0.98018963898304645        71340.815372945974        17.361255191394889        3.6122960997739146       0.20160532691768640                0           0   65941.428242054317        1.0539810829294615E-004  0.50000000000000000              706   6.6939308569674130E-002           0
          59          60  0.52934127945164156       0.11516011942956719       -3.1001072744619322E-002  0.99635260950274573        9025.0375450904266        7.3279160146024838        14.317687633724988       0.90572013388951089                0           0   521251.59969045070        4.4850020571511419E-005  0.50000000000000000              762   1.3849618515118798                0
          63          64  0.11284127030153632        5.3401276685359052E-002  -1.4468849236327175E-003  0.97984293960292113        54774.265105649982        15.520472950299069        13.533386674766625       0.36623702675736836                0           0   85885.502043175962        9.4206442072616631E-005  0.25000000000000000              766  0.19064726897002371                0
          83          84  0.10272953417562042        4.1373672231505683E-002  -1.2819188696754095E-003  0.97370419826673227        41789.837138321200        12.356008093958177        16.579303328311518       0.41132827531776323                0           0   112570.79662870750        7.4766174595093939E-005  0.25000000000000000              786  0.30835432907245358                0
         131         132   8.4797441590329786E-002   6.4637458177469395E-002  -7.7121942017657882E-004  0.98912831439601701        128788.41655396212        26.485513546867381        6.7829390974326307       0.44354235421335869                0           0   36527.471829531067        1.6151620773559698E-004   7.8125000000000000E-003         834  0.10521534007200145                0
         137         138  0.13717930409073115       0.13193897190263901       -4.0334545728335997E-003  0.97817964388784162        48147.574536657077        16.722602131164937        7.7955533997867841       0.30173642573899095                0           0   97706.173216745112        1.0141787278782275E-004  0.50000000000000000              840  0.59675098725170006                0
         167         168  0.11739175763496201        6.6852661947444644E-002  -1.3371095085191684E-003  0.97921691183512483        87047.450602289726        21.873015901955345        14.709244245972412       0.69915693787116184                0           0   54043.113555826756        1.3272323952673876E-004  0.25000000000000000              870  0.41162385320668404                0
         177         178  0.17518944591650459       0.15841447355487015       -4.8844045916293037E-002  0.97081544669269548        1948.4551180766894        2.1174370246531056       0.51659431128061351       0.79638172285235809                0           0   2414382.1502485364        1.2793853451865820E-005  0.25000000000000000              880  0.48154221843989581                0
         181         182  0.16494482085752635        4.8117280213717237E-002  -2.2342341753636167E-003  0.98308070947828008        38113.841390388654        13.238244572811659        3.1295831211621263       0.33513347141173133                0           0   123428.00111539195        8.0485139620415977E-005  0.50000000000000000              884   3.0854702498729014E-002           0
         193         194  0.13607741833753259        1.4509867592654014E-002  -3.3139095177587647E-004  0.98026160729439438        98477.807758994706        22.203845682541278        15.378080210091927       0.77606752902743825                0           0   47770.308506030713        1.3480179630591914E-004  0.50000000000000000              896   1.0826860440242927                0
         195         196  0.23980714281985319       0.16746154432118399       -1.7866781603804005E-002  0.96643523058497638        13874.745800257982        8.3762612435180923        11.252230709712205        1.0217184845806768                0           0   339055.96004197007        5.0498069052990366E-005  0.50000000000000000              898  0.79170608745999316                0
         207         208   9.9440827635248155E-002   5.0100703362626467E-002  -8.7683211256005204E-003  0.98112175417415370        2910.2243960466299        2.1174416066239212        2.8253100786342804       0.72723936307448256                0           0   1616478.5313583727        1.2860786271453537E-005  0.25000000000000000              910  0.45386310762956411                0
         225         226  0.11258739991983015        4.7810171057872303E-002  -9.4939383745014589E-004  0.98185672257896206        88575.957032427817        21.129198100363176        15.369507747469106       0.72195068053517242                0           0   53110.521356517827        1.2838083044770557E-004  0.50000000000000000              928   1.0221108665839989                0
         235         236   9.9158490776633662E-002   3.5661683213779022E-002  -5.1301121046354124E-003  0.96614283730650707        4095.4263718306088        2.5687641194955386        2.5024828799477130       0.32509128771186452                0           0   1148675.3345151674        1.5484037106406675E-005   3.1250000000000000E-002         938   8.2669030520426984E-002           0
         249         250   8.3325272192247987E-002   6.4931060179189190E-002  -5.9417119074347373E-003  0.97581540753508467        5929.7866670524481        3.3934150410168407        15.451460295416448       0.42539057526776847                0           0   793336.34104971308        2.0555510157367267E-005  0.25000000000000000              952   1.2424938350324635                0
         271         272  0.13618545113931463       0.10282415591629936       -1.7643068358636144E-003  0.98806680624688603        120181.93023047518        29.578155387187675        7.3833778714016738       0.48464399876473024                0           0   39143.282593508091        1.8027976026539725E-004  0.25000000000000000              974   9.3062298018019421E-002           0
         287         288   8.8414603939471620E-002   4.2704642040310346E-002  -5.8515194294090581E-004  0.98093659039144399        118941.02246670357        24.046383900145148        2.5270205659636318       0.59929206700428250                0           0   39551.663169548527        1.4603779329379048E-004  0.25000000000000000              990  0.19629675164476598                0
         291         292  0.10251315781699964        2.9651563345757474E-002  -1.1831110334550475E-003  0.98075559013170377        29765.556837160901        9.5746088155111213        12.494653106365494       0.58842999772444349                0           0   158045.59892431262        5.8142920318824777E-005   3.1250000000000000E-002         994  0.23390280241855538                0
         303         304  0.77980953382043972       0.33783563817501155       -5.2382472905160467E-002  0.97671789874474535        28033.625192942258        18.742492285908785        5.0633391498766791       0.63432222780843905                0           0   167809.73653129677        1.1358394461059082E-004  0.25000000000000000             1006  0.23253765363309775                0
         311         312  0.16827131513595273       0.11782564957455051       -9.1314488263872420E-003  0.97485864189666582        15717.300866973132        8.0915100549741776        16.563604218186239       0.15747234636506849                0           0   299308.08714936365        4.8990345746074786E-005  0.50000000000000000             1014 -0.12916923520561763                0
         321         322  0.12252965187021556        4.0765808550071510E-002  -1.0952504619379879E-003  0.97557453106160041        63331.226025514967        16.995860241612995        17.049759944601529       0.41599401804422709                0           0   74281.133539866772        1.0293936416602254E-004  0.50000000000000000             1024  0.71936077417294975                0
         323         324  0.13577855073708561        2.1714876777924844E-002  -1.0672784058174505E-003  0.97737634574565457        30402.145619620234        10.295090097572151        13.898113363181666       0.66138083813921844                0           0   154736.29119810546        6.2411468000077191E-005  0.25000000000000000             1026  0.36421076420508980                0
         337         338  0.14234346256931027        4.8688670540606271E-002  -2.7220309402593351E-003  0.98436219341894415        24424.438780536861        9.4883723855236379        12.683313780743708       0.40533740236889088                0           0   192606.89262565569        5.7724153992768256E-005  0.50000000000000000             1040   1.4563862901786091                0
         363         364   8.0030474895858961E-002   2.5241398542184282E-002  -3.2505135387658957E-004  0.96900162088983910        125469.53716214608        23.159872534501439        12.574775148549211       0.70935287957440607                0           0   37493.684634903126        1.3980643129274424E-004  0.50000000000000000             1066  0.54666810464773019                0
         371         372   9.0756420354949963E-002   8.9399293653254358E-002  -1.4941626717007766E-003  0.97790038526241019        78336.750524128642        20.236383406048532        10.429414888458307       0.46689512674935141                0           0   60052.468683849453        1.2271064128272370E-004  0.25000000000000000             1074  0.26841894700713642                0
         383         384   9.3433970454860987E-002   6.5975786712685114E-002  -2.9999592269293533E-003  0.97176827062077331        19385.313257799193        7.6576121486429507        10.002955150936407       0.47089236030339293                0           0   242674.19334851863        4.6290742961604388E-005  0.50000000000000000             1086  0.46672869581365950                0
         395         396  0.10118924464727580        7.2387835402996439E-002  -4.0679476328368365E-003  0.98184110250843104        15239.121285685993        6.7103307468978812        8.4883127361612658       0.49318897763081132                0           0   308699.90266850201        4.0771591993552411E-005  0.50000000000000000             1098   6.2021813513800580E-002           0
         401         402  0.11008182267075275        8.1520559788653676E-002  -2.1754919003101718E-003  0.98946501741247106        50292.904508829961        15.372504553420699        7.5296592932105213       0.42229098048543018                0           0   93538.349069078395        9.3761781152373525E-005  0.50000000000000000             1104  0.13756698330666994                0
         219         220   5.9461379470541447        2.5291364086335988      -0.75299076982192070       0.98221912150944157        80559.862777643633        74.428097414589246        6.2027650100949376       0.18997502750944734                0           0   58395.273967004177        4.5230718866207646E-004  0.50000000000000000              922  0.12487849956561420                0
         159         160  0.52009082554844766       0.13749382338007102       -6.8562166579241961E-003  0.98252657550525302        109146.58921206869        38.868446659729038        2.4932573379891383       0.57762927101903472                0           0   43100.891119047374        2.3624417772278330E-004  0.25000000000000000              862  0.18406225253621511                0
           1           2   2.0244841138268650       0.61000484406818434       -7.0741485713423660E-002  0.98738152934187551        118081.33591071346        65.056817812538299        16.331275695492845       0.48989334855411426                0           0   39839.617509086311        3.9638661146352313E-004  0.50000000000000000              704  0.12677399252811089                0
         283         284  0.18094602805437388        8.1870494517192083E-002  -1.6064068193646895E-003  0.97697797871714775        143540.44546752289        34.366892541613126        5.2575974258983935       0.28589617025119524                0           0   32773.447527785116        2.0829891525217590E-004   6.2500000000000000E-002         986  -5.1060291322021070E-002           0
         185         186  0.24628085064239766        6.9358336926096664E-002  -1.8551080494142963E-003  0.99057546901522908        130681.44545928008        34.314639623851313        8.3238357220278090       0.52885032543459787                0           0   35998.341165507023        2.0941269287605858E-004  0.50000000000000000              888  0.21751947801423560                0
         191         192  0.17819880543248182        5.0730547014061628E-002  -8.9966543292994278E-004  0.98450778698896024        174927.64032278312        37.446621017460309        17.929319864011333       0.62774915402980636                0           0   26892.921261409472        2.2782970840593575E-004  0.25000000000000000              894  0.46981801656289557                0
          71          72  0.16939743337267674        2.6319217633798585E-002  -4.7647967898261517E-004  0.96976219828091648        170003.73667627125        34.870225322542275        11.224975559562777       0.27480786371263122                0           0   27671.834452691655        1.5082883319385277E-004  0.25000000000000000              774 -0.11785743388335834                0
          53          54  0.10539273585624893        8.3691576402142989E-002  -9.4861616487088496E-004  0.98840746126056767        171334.30925667207        34.651436372167325        14.007245659887033       0.25274003550777818                0           0   27456.936547351612        2.1096666920612941E-004  0.25000000000000000              756 -0.17100976237485238                0
         245         246  0.10614450888457336        7.9534736728126665E-002  -8.8338078697462622E-004  0.97533507163214717        180155.36208468804        35.614411017835778        8.9447721697450024       0.15944695567740041                0           0   26112.546433302068        2.1568078356416255E-004  0.50000000000000000              948  0.11114693453695094                0
         331         332  0.12214104311112879        9.8521910482032543E-002  -1.1537755047203683E-003  0.97154055198387024        188414.45473505274        38.868024797675822        16.675292044032545       0.29047293942230246                0           0   24967.910579153504        2.3493249830021899E-004  0.50000000000000000             1034   6.9138905283126981E-002           0
         203         204  0.10958957416913398        5.6611292613942377E-002  -6.2817234305771752E-004  0.98494187057407623        200051.97130642890        36.805509599966030        14.981956497215259       0.13056109584797712                0           0   23515.465640870621        1.6988547057778460E-004  0.50000000000000000              906 -0.16864311588218014                0
          21          22  0.17137201111473407        1.8580527211685235E-002  -2.8964617018065918E-004  0.97725619083110171        219756.57682243298        40.968444197440832        3.3302203520092797       0.24095572764387310                0           0   21406.937283364805        1.8343950172520064E-004  0.25000000000000000              724   6.7563667951801992E-002           0
         369         370  0.35577330781196675       0.28758888866695975       -6.5923629871082615E-003  0.96841922705639494        200307.85819162280        57.839387851881206        13.995457855409258       0.41310786526009463                0           0   23485.425385280789        3.4904883910831302E-004  0.50000000000000000             1072   1.5688966525057233                0
          77          78   9.3430964505624117E-002   2.0354482771848002E-002  -1.6334883162896549E-004  0.97425183352183942        309441.22681298596        43.386459025179242        10.202387429480050       0.56264684128245246                0           0   15202.613129787858        1.8457846561722538E-004  0.50000000000000000              780  0.84532670023768608                0
         315         316  0.30834333591613694       0.21242803698149326       -3.5544000840579989E-003  0.96932722246065328        288048.63087816222        68.675120176768687        7.1233241575381649       0.39926752236856350                0           0   16331.670257563481        4.1463143421502049E-004   3.1250000000000000E-002        1018  0.20717642016630414                0
          89          90  0.20842321107894346       0.10223825271363279       -1.3435582502014560E-003  0.98702482580270168        297769.38109927031        59.104743533761280        6.1990672017589281       0.75733284875024631                0           0   15798.519109916271        3.6005640583131949E-004  0.50000000000000000              792  0.39966269078310457                0
         155         156  0.50373356431637750       0.18870347651975347       -4.6345267489272665E-003  0.98128177235206437        293320.33962033020        76.435433608783669        10.781370905214738       0.72999219180595121                0           0   16038.148816184937        4.6428632181207922E-004  0.50000000000000000              858  0.45966608475194320                0
         187         188  0.16652052450678573        4.4390738220572948E-002  -5.1200105471243477E-004  0.98740860044556455        313872.49940009229        53.803263366689940        5.5705736555436678       0.66717540540274933                0           0   14987.981637882163        1.5401396217716847E-004  0.50000000000000000              890  0.29287744714813607                0
         255         256   8.3811449474318997E-002   3.0344259974373743E-002  -1.9498774621546684E-004  0.99476358635673934        366335.73421504453        48.606227887337262        8.7587771385709061       0.45484178440787404                0           0   12841.540746017587        1.7373772739312873E-004  0.50000000000000000              958  0.23931500360323643                0
          93          94   8.5361728603296438E-002   7.1347741082274679E-002  -4.1080252103106030E-004  0.97812880800934654        378910.90214675880        55.249666982163497        9.3273715515335756       0.46088062830520860                0           0   12415.359998859836        1.7179347800011020E-004  0.50000000000000000              796  0.35114620328237883                0
          95         546  0.62290701776509083       0.52092362269304604       -3.7742950972792090E-003  0.93637690900134762        1958531.2256233422        320.39133274218403        7.4332527674258806       0.51782266041980340                0           0   2401.9608143584837        1.7894525344299410E-003   1.1975490454042156E-003         798  0.32046293384489166                0
          67          68  0.52597586808430075       0.46375414949012228       -9.5351984985231255E-003  0.98266064699714351        341740.68956755206        95.332992401100725        16.069435821221198       0.44781927754227840                0           0   13765.745201713413        5.7947742737167690E-004  0.50000000000000000              770   7.0859968282651314E-002           0
         213         214   8.6717284611907239E-002   1.7710005955573944E-002  -1.1427078035879827E-004  0.98213695314694749        400632.33674856107        50.085097135765906        3.7236177459511737       0.34639186862140792                0           0   11742.225542311169        1.5552041722878169E-004  0.25000000000000000              916  0.15236511583428680                0
         313         314  0.11479116130453372        5.7685466757393881E-002  -3.9453446450446250E-004  0.99253727403468150        435049.79924732697        62.547398305763593        2.5715842739644894       0.43135581671662637                0           0   10813.279918261374        1.7042172232509015E-004  0.50000000000000000             1016   7.7364784542130555E-002           0
         365         366  0.29906545429998188       0.27572229150032296       -3.4223050706489746E-003  0.97703614846779008        409915.73603235272        89.792227251814452        13.524148754767351       0.29578333367303355                0           0   11476.298283102440        5.4424978456707430E-004  0.50000000000000000             1068 -0.23628364264119200                0
         201         202  0.41909726131645580       0.36316033186407948       -5.4401348907038797E-003  0.97784193266974673        439642.50440806977        104.26124217537117        15.721442409349747       0.38873974216192181                0           0   10700.319487940789        6.3220712582260643E-004  0.50000000000000000              904   7.1934662635767158E-002           0
         171         172  0.11855449161888632       0.10910379859810015       -6.3808363105355751E-004  0.99690688946593098        502629.43037454027        75.543937317710842        4.1041724418373011       0.23566556092197577                0           0   9359.4106778413025        1.6222029374787257E-004  0.50000000000000000              874  -7.3750025473907091E-002           0
         347         348  0.19457293008789711        9.8264029982305379E-002  -8.4213227326918961E-004  0.97623178622328566        525292.62380639045        84.608893442837001        5.9944784179264214       0.38587622787979770                0           0   8955.6088253366652        5.1262384884362530E-004  0.25000000000000000             1050  0.15717292555582985                0
         343         344   9.9716206803828866E-002   3.9838043689421537E-002  -1.9541286924161294E-004  0.98547806040898511        644708.77578794607        75.758248904357316        14.211124351295284       0.56814007898796104                0           0   7296.8066114739531        4.6110969753691106E-004  0.50000000000000000             1046   1.7364849570635370                0
          99         100  0.11123848720615616        3.9011678252708890E-002  -1.9764343022701515E-004  0.98119635498491209        697449.45099556562        81.825121918085514        9.0269336864819021       0.54662714795167200                0           0   6745.0268272914218        1.9609050585244134E-004  0.25000000000000000              802  0.13419047126041075                0
         391         392  0.13558686976987694        5.7578981684498085E-002  -2.5446740011902898E-004  0.98428057182237338        1015963.8259505472        114.33226250480101        12.758518109040065       0.31241447298643438                0           0   4630.3964151906221        1.9855493643177781E-004  0.50000000000000000             1094  0.10369198140747582                0
         385         386  0.12648191059682606        5.9749107023494945E-002  -2.5030111744847215E-004  0.99192399726360403        1010156.8010307509        112.51654391747591        17.637634809560442       0.27577972290555008                0           0   4657.0148840700185        1.9971473045980897E-004  0.50000000000000000             1088   7.5761170556651949E-003           0
          41          42  0.11122608390456809        8.6847116325004775E-002  -3.0034655602715249E-004  0.97689552612968544        1076875.4069236529        119.85571002551679        1.4543205475894077       0.83464033567443163                0           0   4368.4861102769009        1.9934720720389158E-004  0.25000000000000000              744  0.52029265128919722                0
         345         346  0.55774375829353751       0.47607345656862060       -4.7923803546830179E-003  0.97923176074338625        1065819.0059203701        206.47940675782556        2.7066956214157436       0.25209359279148685                0           0   4413.8031237137029        1.2529054742208931E-003  0.50000000000000000             1048  -4.2366857200103268E-002           0
          73          74  0.94128231410560004       0.69908498357263338       -1.0547991353088345E-002  0.98595090542721642        1010924.7705775029        232.48741209934116        16.662415205274531       0.53161828961263080                0           0   4653.4770880699325        1.4155097427745917E-003  0.12500000000000000              776  0.38519068919569471                0
         285         286   8.9462339041284894E-002   4.2834040765278178E-002  -1.2838168338598593E-004  0.97556116315563901        1178106.6063545495        111.23605151706303        9.2967137675723226       0.66742173148370820                0           0   3993.1150816660524        1.4410236536712358E-004  0.50000000000000000              988  0.22773715608059833                0
         293         294  0.55382231722128972       0.12326253909399966       -1.3046202120956597E-003  0.97555013427591697        1208714.8768618368        195.00098063437505        9.4142598396689028       0.53928673857106835                0           0   3891.9974823661364        1.1809822740092247E-003  0.50000000000000000              996  0.92272135520745380                0
         123         124  0.67985937278035102       0.12376754478802159       -1.4259437356367586E-003  0.97763450747397851        1328700.8239903566        219.90890269502705        6.8865908986490156       0.57678959707293831                0           0   3540.5376234484115        1.3330674591925293E-003  0.50000000000000000              826  0.32055125069680573                0
           7           8  0.10772050310063933        1.1526931384030817E-002  -3.7943697728780554E-005  0.99082248886431246        1424470.1409572540        121.95279694780302        12.114300317476385       0.46510486286130065                0           0   3302.5018372680170        1.6260639909577266E-004   6.2500000000000000E-002         710  -9.6764454794730365E-003           0
         355         356  0.32294731613854971       0.22153041596011064       -1.4146791448691402E-003  0.98835597978780254        1280677.5733209376        188.46314208734015        6.3384823215540438       0.43708074232550681                0           0   3673.3018174480535        1.1488556879049804E-003  0.50000000000000000             1058   6.7275842999505966E-002           0
          85          86   8.0567479673496034E-002   7.0359839832317903E-002  -1.6540594186675728E-004  0.98642166572395873        1357017.8794508749        127.71821781941760        8.8808291073042724       0.31421688679451348                0           0   3466.6567986181526        1.9401392259058692E-004   6.2500000000000000E-002         788  -5.6294062278857498E-002           0
         387         388  0.11696728908539532        8.3148869844046139E-002  -2.2937305717981161E-004  0.96159325087075531        1621794.0684452697        158.01477903508373        3.0648342461123890       0.59046004937273244                0           0   2900.6859435332299        8.5477437607672758E-004   1.8640896118882774E-005        1090  0.19914053176857044                0
         103         104   9.4240900685283069E-002   8.1646476448274677E-002  -1.9581474411928143E-004  0.97430932578693863        1543295.6101144454        146.43699954217337        3.3692612218194768       0.15802331757606922                0           0   3048.2269416265021        8.8618227905427590E-004  0.25000000000000000              806  -5.1594378458410521E-002           0
          65          66   8.1196656538748205E-002   3.2700733033609646E-002  -6.2627861262289943E-005  0.98184767372588766        2149336.5504112290        157.99647215383459        13.209280717672767       0.55758119310233201                0           0   2188.7290088398181        1.9363885980735446E-004  0.50000000000000000              768  0.17598826192988404                0
          15          16  0.12041882448822794        4.7134796559794988E-002  -1.1370748620294229E-004  0.97825164521118502        2263928.7909641471        186.02285177799217        12.896345023865063       0.59556589084954181                0           0   2077.9431210119114        1.1281688166013199E-003  0.50000000000000000              718  0.17973871001946706                0
         243         244  0.10897784068549871        6.2870305948584129E-002  -1.2688985103554134E-004  0.99345305026723485        2514966.0648626112        201.22235189126619        9.3453046809494289       0.37486013107574534                0           0   1870.5283237695505        1.2297376519750148E-003  0.50000000000000000              946   7.3435942964990994E-002           0
         403         404  0.17519688796893346        3.8994197612049461E-002  -1.0593119895915293E-004  0.98389330552338983        2940507.3187050237        240.33765756226794        17.545921325590712       0.41828246489451681                0           0   1599.8311678123985        5.2418601032650706E-004   4.6429976459943183E-004        1106  0.14676038312838174                0
         127         128  0.41687934908818136       0.27898104023835063       -1.0601324713850049E-003  0.99434194081511351        3619474.9262651657        408.83142482301037        13.018054987866929       0.29452412317761312                0           0   1299.7231237899509        2.4997052625840904E-003  0.25000000000000000              830  -2.3206503217963331E-003           0
         217         218   8.1228311512873880E-002   6.5270211912634449E-002  -8.4864059256294254E-005  0.97696892315676265        3390006.8490829859        232.81876606981328        16.572212057722385       0.73784654509769065                0           0   1387.7008121435813        1.4110585494170628E-003  0.50000000000000000              920  0.32164515295575846                0
         143         144  0.25022565110097550       0.15769561095085233       -3.9893226177458845E-004  0.97378367469115990        4047244.7606835263        368.61381757316616        8.7639973874724539       0.64510134262111007                0           0   1162.3500766111972        2.2305190603367172E-003  0.50000000000000000              846  0.21840243213288479                0
          61          62  0.16574606629006447        5.1105325148539382E-002  -1.0680914848388477E-004  0.98146224652464376        3985102.7316611102        295.54272204541036        6.4477585563848736       0.44282291780573707                0           0   1180.4752786595950        1.7952874583487142E-003  0.50000000000000000              764  0.28006738654957852                0
          29          30   9.2064989403419284E-002   3.8673592252436655E-002  -4.8326417632826574E-005  0.98790084533106615        4595724.3541263249        274.56410217347485        6.2241768336572907       0.83067085227825277                0           0   1023.6286807368981        1.6733196375634911E-003  0.25000000000000000              732  0.51035114826164241                0
         405         406   8.7236661288412828E-002   5.5735761705262711E-002  -1.4072219982536795E-005  0.99445045527554632        44632234.652881853        1287.6258805654079        9.9137046185310904       0.67814704592769026                0           0   105.40174145954420        7.8733128566099032E-003  0.50000000000000000             1108   1.2955571977282272                0
          45          46   8.6894120985331738E-002   8.6164685909330241E-002  -8.2040856412477007E-005  0.98387083180607882        5506893.1944410549        340.10174038637848        7.2939298192310815       0.64467003455219252                0           0   854.25939664011355        2.0685513436049150E-003  0.25000000000000000              748  0.47191092156812886                0
         161         162   9.3309048906446132E-002   9.2827486138433946E-002  -9.1369764218538548E-005  0.98838473742491639        5621473.7635342227        353.27848073529896        6.8649048230831760       0.47824838305675182                0           0   836.84732074372585        1.7964939675662709E-003   2.8013982454987407E-005         864  0.13429609171489809                0
         289         290  0.10428359770713377        2.3242149003040714E-002  -2.7029435162958522E-005  0.98098907004375868        6248176.1630212869        334.17553532625544        17.654761509842526       0.16310975012279624                0           0   752.91015088313475        1.8739325699816351E-003   1.0849597560928551E-003         992  -4.6358462665270543E-002           0
         115         116   9.5073144526220191E-002   4.6025486525321645E-002  -4.6726263478262970E-005  0.98361077625756288        6339435.9430684811        348.99124241529205        13.155594977975147       0.48194234485600085                0           0   742.07158174513086        2.1223306805025111E-003  0.25000000000000000              818  0.16990916594507166                0
         223         224  0.13901763968801717        6.0776114313866474E-002  -7.7057786727927031E-005  0.98945985717393536        6749284.5744855246        408.60685277147502        4.2179464567103500       0.33049200129141443                0           0   697.00946903744352        2.4900189272375620E-003   2.5482704778055160E-004         926  0.10176720425929790                0
         199         200  0.11230093762090229        4.7925291740752780E-002  -4.9845320530023470E-005  0.98557578802919299        7365259.5215128316        402.38621163417127        9.2493466160023310       0.38665218603378165                0           0   638.71683596540686        2.4494184751019071E-003  0.50000000000000000              902  0.76400824034156689                0
         373         374  0.15845034820673778       0.15233439132851201       -1.7085732278709098E-004  0.97950899584528972        7914540.9372661905        526.47396395417218        3.8597559504114756       0.40283583968912434                0           0   594.38889695979128        2.1791161870430356E-003   9.4581108289004237E-005        1076  0.10566708988029760                0
          69          70  0.10464422723177559       0.10349050793134676       -8.6377732787562200E-005  0.98042651398566583        8085705.8082159301        467.23280664956275        12.467372529037632       0.16710227456956472                0           0   581.80638391081243        2.8368343572848856E-003  0.50000000000000000              772 -0.16225103004468477                0
          51          52  0.11606384615255892        9.5064690585184505E-002  -1.2276543213329298E-004  0.98205345115529663        4872545.5793825211        334.93415447263214        5.2564521076021018       0.45454774025442446                0           0   965.47383313362923        1.9892380511386115E-004  0.50000000000000000              754   6.4338908563452910E-002           0
         267         268  0.11152016154947933        1.9237634443879208E-002  -2.0555983962683900E-005  0.97570928689293768        7747928.6794399898        388.94314689493388        2.5828966960136635       0.54520359829904941                0           0   607.17069713460307        2.2103865991387707E-003   1.1521314237533913E-003         970  0.15256472498106532                0
         367         368  0.20322917187314732       0.17631903439505672       -1.9839574096030489E-004  0.98268638462427027        10352973.665471314        673.08860392592669        13.363561850912333       0.52318882764876418                0           0   454.39266143739405        3.9882379103399227E-003   4.7006640030155281E-004        1070   1.5330902167336455                0
         305         306   8.5255713978393793E-002   1.6586699482616780E-002  -1.1931200371230782E-005  0.97557216214542408        10624387.113807641        441.69112072417624        11.704781854447114       0.25506813005020051                0           0   442.78462439785847        2.6751951435917505E-003  0.50000000000000000             1008   7.7841587640401735E-002           0
         325         326  0.14296285691723640        1.8018411898666035E-002  -1.7591034512000332E-005  0.98525910189351285        11605238.715074902        545.71725305743564        8.3218999563816300       0.38033729925623960                0           0   405.36135215676182        1.9976652747874619E-004  0.25000000000000000             1028   2.6706486080513486E-002           0
         119         120  0.12744757891135747        8.2887871857059842E-002  -6.3848789170769046E-005  0.98269985033698937        12193204.574003790        616.57973866081329        10.129998819898319       0.25399425588933650                0           0   385.81451078697370        3.7479255214838184E-003  0.25000000000000000              822   6.8051634418326484E-002           0
         133         134  0.13034205300579016        4.8697333779162973E-002  -3.8327416301460976E-005  0.98105225049013467        13234734.507054983        617.16250518739730        5.3372640554925344       0.48626920147189379                0           0   355.45218191850046        3.5538066400543637E-003   6.4645381020820571E-004         836  0.21026116208697537                0
          17          18   8.8310858010865509E-002   3.6165089814597706E-002  -2.2321003472730643E-005  0.98140412768925933        12747100.610456508        533.22349031307033        9.3861181658485755       0.36010428507221126                0           0   369.04982563531280        3.2391129273980847E-003  0.50000000000000000              720  -4.3193254927412938E-002           0
         275         276  0.13196141201412448        6.9014568623332620E-002  -4.7733382590550033E-005  0.97886000031654097        15447045.682605755        711.02497599335834        9.6869055743384340       0.42242121250680531                0           0   304.54465884969107        2.1437097282548112E-003   4.7061083142274673E-004         978  0.37053956285912293                0
         221         222  0.10685030920939192        6.9974509155263417E-002  -3.1624891689011068E-005  0.98453751305068116        22715772.692700420        881.06090990986399        13.056688128087757       0.20535781926209645                0           0   207.09466155014252        5.2926803328776180E-003   4.7151375706794726E-005         924 -0.20040555026559537                0
         157         158  0.17882018552997023        8.7937108552675433E-002  -4.2075479404714710E-005  0.98507202749074596        36757888.116389729        1392.7686599821673        5.6730392227236743       0.37142028790129278                0           0   127.98110823856572        4.6825065503403283E-003   3.0130719373611944E-004         860   6.7658720700467107E-003           0
         145         146  0.11284151051838727        7.1741434973604884E-002  -2.4259732901321442E-005  0.99379192800719807        37282312.777155869        1243.5758265005447        10.654853797743543       0.41419284309998827                0           0   126.18088598106648        4.2196475684936566E-003   1.7321292511815608E-004         848  0.14814694879071291                0
         399         400  0.17014458503807270        6.6018282057290864E-002  -2.6984054612355380E-005  0.99072698499659750        45922565.030351393        1551.2953107079884        11.732386054177633       0.22386060628406668                0           0   102.44016758505457        2.5593580138621409E-003   6.0117405738336274E-005        1102 -0.12826881457294836                0
