 1021548   1   373 106   0      1.5   7.73   4.63  5.403     0.0  -0.2148   0.0000
  -1.117620   0.000000   0.245586   0.096985  -0.663599   0.060150   0.000000   0.000000   0.000000   0.000000
   0.00000   0.00000   0.13583   0.02867   0.00000  -1.11762   0.00000   0.00000  -0.87203   0.66276   0.19224   0.00000   0.00000
 NAME(I1)    NAME(I2)    M1[M*]                    M2[M*]                    EB[NB]                    ECC                       P[Days]                   SEMI[AU]                  RI[PC]                    VI[km/s]                  K*(I1)      K*(I2)      ZN[NB]                    RP[NB]                    STEP(I1)[NB]              NAME(ICM)                 ECM[NB]                   K*(ICM)      
           3           4   8.7970317491499028E-002   4.9196061553816367E-002  -9.2897646351125171E-004  0.98018963898304645        71340.815372945974        17.361255191394889        3.5317258887336851       0.20303436356555504                0           0   65941.428242054317        1.0539810829294615E-004  0.50000000000000000              706   6.6961371614483012E-002           0
          59          60  0.52934127945164156       0.11516011942956719       -3.1001072744619322E-002  0.99635260950274573        9025.0375450904266        7.3279160146024838        14.315823167544714       0.90837088333320226                0           0   521251.59969045070        4.4850020571511419E-005  0.50000000000000000              762   1.3849556058871335                0
          63          64  0.11284127030153632        5.3401276685359052E-002  -1.4468849236327175E-003  0.97984293960292113        54774.265105649982        15.520472950299069        13.600462958525291       0.36619599522643603                0           0   85885.502043175962        9.4206442072616631E-005  0.25000000000000000              766  0.19064089174402316                0
          83          84  0.10272953417562042        4.1373672231505683E-002  -1.2819188696754095E-003  0.97370419826673227        41789.837138321200        12.356008093958177        16.632447821932470       0.41329126036955871                0           0   112570.79662870750        7.4766174595093939E-005  0.12500000000000000              786  0.30833690264999636                0
         131         132   8.4797441590329786E-002   6.4637458177469395E-002  -7.7121942017657882E-004  0.98912831439601701        128788.41655396212        26.485513546867381        6.7323037479991248       0.44563528084038562                0           0   36527.471829531067        1.6151620773559698E-004   1.5625000000000000E-002         834  0.10673029331121150                0
         137         138  0.13717930409073115       0.13193897190263901       -4.0334545728335997E-003  0.97817964388784162        48147.574536657077        16.722602131164937        7.8008292783383784       0.30553606770914798                0           0   97706.173216745112        1.0141787278782275E-004  0.50000000000000000              840  0.59677038494331436                0
         167         168  0.11739175763496201        6.6852661947444644E-002  -1.3371095085191684E-003  0.97921691183512483        87047.450602289726        21.873015901955345        14.786069230164616       0.69965484623652319                0           0   54043.113555826756        1.3272323952673876E-004  0.25000000000000000              870  0.41161678197581397                0
         177         178  0.17518944591650459       0.15841447355487015       -4.8844045916293037E-002  0.97081544669269548        1948.4551180766894        2.1174370246531056       0.54902791109338622       0.79631031572430055                0           0   2414382.1502485364        1.2793853451865820E-005  0.25000000000000000              880  0.48164824704635206                0
         181         182  0.16494482085752635        4.8117280213717237E-002  -2.2342341753636167E-003  0.98308070947828008        38113.841390388654        13.238244572811659        3.0784522874527460       0.33570490294736760                0           0   123428.00111539195        8.0485139620415977E-005  0.50000000000000000              884   3.0761758922732196E-002           0
         193         194  0.13607741833753259        1.4509867592654014E-002  -3.3139095177587647E-004  0.98026160729439438        98477.807758994706        22.203845682541278        15.438912549951464       0.77852369512863251                0           0   47770.308506030713        1.3480179630591914E-004  0.50000000000000000              896   1.0821635592791179                0
         195         196  0.23980714281985319       0.16746154432118399       -1.7866781603804005E-002  0.96643523058497638        13874.745800257982        8.3762612435180923        11.201460542841081        1.0226912617789781                0           0   339055.96004197007        5.0498069052990366E-005  0.50000000000000000              898  0.79203490394249088                0
         207         208   9.9440827635248155E-002   5.0100703362626467E-002  -8.7683211256005204E-003  0.98112175417415370        2910.2243960466299        2.1174416066239212        2.8792654632122243       0.72652120579016566                0           0   1616478.5313583727        1.2860786271453537E-005  0.25000000000000000              910  0.45392485698441110                0
         225         226  0.11258739991983015        4.7810171057872303E-002  -9.4939383745014589E-004  0.98185672257896206        88575.957032427817        21.129198100363176        15.419721936840849       0.72520348014573033                0           0   53110.521356517827        1.2838083044770557E-004  0.50000000000000000              928   1.0220655346018861                0
         235         236   9.9158490776633662E-002   3.5661683213779022E-002  -5.1301121046354124E-003  0.96614283730650707        4095.4263718306088        2.5687641194955386        2.4129459104604831       0.32718521844913950                0           0   1148675.3345151674        1.5484037106406675E-005   3.1250000000000000E-002         938   8.3215520831483453E-002           0
         249         250   8.3325272192247987E-002   6.4931060179189190E-002  -5.9417119074347373E-003  0.97581540753508467        5929.7866670524481        3.3934150410168407        15.484832563033159       0.42399308613042230                0           0   793336.34104971308        2.0555510157367267E-005  0.25000000000000000              952   1.2425096306564771                0
         271         272  0.13618545113931463       0.10282415591629936       -1.7643068358636144E-003  0.98806680624688603        120181.93023047518        29.578155387187675        7.4562943917054971       0.48390441421995717                0           0   39143.282593508091        1.8027976026539725E-004  0.25000000000000000              974   9.3104601657704608E-002           0
         287         288   8.8414603939471620E-002   4.2704642040310346E-002  -5.8515194294090581E-004  0.98093659039144399        118941.02246670357        24.046383900145148        2.4854089130578840       0.59914893811506431                0           0   39551.663169548527        1.4603779329379048E-004  0.25000000000000000              990  0.19615929997378911                0
         291         292  0.10251315781699964        2.9651563345757474E-002  -1.1831110334550475E-003  0.98075559013170377        29765.556837160901        9.5746088155111213        12.600320678804181       0.58844170814262453                0           0   158045.59892431262        5.8142920318824777E-005   3.1250000000000000E-002         994  0.23389701915016869                0
         303         304  0.77980953382043972       0.33783563817501155       -5.2382472905160467E-002  0.97671789874474535        28033.625192942258        18.742492285908785        4.9787133447271756       0.63408523497989022                0           0   167809.73653129677        1.1358394461059082E-004  0.25000000000000000             1006  0.23236025779726241                0
         311         312  0.16827131513595273       0.11782564957455051       -9.1314488263872420E-003  0.97485864189666582        15717.300866973132        8.0915100549741776        16.650365811192160       0.15683880566881672                0           0   299308.08714936365        4.8990345746074786E-005  0.50000000000000000             1014 -0.12923410538761734                0
         321         322  0.12252965187021556        4.0765808550071510E-002  -1.0952504619379879E-003  0.97557453106160041        63331.226025514967        16.995860241612995        17.094707287023336       0.41549256404413221                0           0   74281.133539866772        1.0293936416602254E-004  0.50000000000000000             1024  0.71935278856797158                0
         323         324  0.13577855073708561        2.1714876777924844E-002  -1.0672784058174505E-003  0.97737634574565457        30402.145619620234        10.295090097572151        13.945751713138652       0.66288183594827732                0           0   154736.29119810546        6.2411468000077191E-005  0.25000000000000000             1026  0.36420477359418318                0
         337         338  0.14234346256931027        4.8688670540606271E-002  -2.7220309402593351E-003  0.98436219341894415        24424.438780536861        9.4883723855236379        12.684730427917181       0.40506016215746704                0           0   192606.89262565569        5.7724153992768256E-005  0.50000000000000000             1040   1.4563577967218373                0
         363         364   8.0030474895858961E-002   2.5241398542184282E-002  -3.2505135387658957E-004  0.96900162088983910        125469.53716214608        23.159872534501439        12.557485407460238       0.70997041166581243                0           0   37493.684634903126        1.3980643129274424E-004  0.50000000000000000             1066  0.54669962601337840                0
         371         372   9.0756420354949963E-002   8.9399293653254358E-002  -1.4941626717007766E-003  0.97790038526241019        78336.750524128642        20.236383406048532        10.401833601070338       0.46860401999566886                0           0   60052.468683849453        1.2271064128272370E-004  0.25000000000000000             1074  0.26847755025552522                0
         383         384   9.3433970454860987E-002   6.5975786712685114E-002  -2.9999592269293533E-003  0.97176827062077331        19385.313257799193        7.6576121486429507        9.9528319440916686       0.46953892451799151                0           0   242674.19334851863        4.6290742961604388E-005  0.50000000000000000             1086  0.46668307922772623                0
         395         396  0.10118924464727580        7.2387835402996439E-002  -4.0679476328368365E-003  0.98184110250843104        15239.121285685993        6.7103307468978812        8.4538041881149191       0.49333118109647028                0           0   308699.90266850201        4.0771591993552411E-005  0.50000000000000000             1098   6.1935010236704710E-002           0
         401         402  0.11008182267075275        8.1520559788653676E-002  -2.1754919003101718E-003  0.98946501741247106        50292.904508829961        15.372504553420699        7.4575141983234401       0.42059058705744229                0           0   93538.349069078395        9.3761781152373525E-005  0.50000000000000000             1104  0.13761473138157498                0
         219         220   5.9461379470541447        2.5291364086335988      -0.75299076982192070       0.98221912150944157        80559.862777643633        74.428097414589246        6.1174565251480386       0.18895694328462417                0           0   58395.273967004177        4.5230718866207646E-004  0.50000000000000000              922  0.12485688916427799                0
         159         160  0.52009082554844766       0.13749382338007102       -6.8562166579241961E-003  0.98252657550525302        109146.58921206869        38.868446659729038        2.4592828731535823       0.57758426154519404                0           0   43100.891119047374        2.3624417772278330E-004  0.25000000000000000              862  0.18323340173757763                0
           1           2   2.0244841138268650       0.61000484406818434       -7.0741485713423660E-002  0.98738152934187551        118081.33591071346        65.056817812538299        16.397342970355215       0.49065869534451839                0           0   39839.617509086311        3.9638661146352313E-004  0.50000000000000000              704  0.12676093336101502                0
         283         284  0.18094602805437388        8.1870494517192083E-002  -1.6064068193646895E-003  0.97697797871714775        143540.44546752289        34.366892541613126        5.1970789861808866       0.28538791903923066                0           0   32773.447527785116        2.0829891525217590E-004   6.2500000000000000E-002         986  -5.1145806358239884E-002           0
         185         186  0.24628085064239766        6.9358336926096664E-002  -1.8551080494142963E-003  0.99057546901522908        130681.44545928008        34.314639623851313        8.3676807958522712       0.52808063612677425                0           0   35998.341165507023        2.0941269287605858E-004  0.50000000000000000              888  0.21749749584905448                0
         191         192  0.17819880543248182        5.0730547014061628E-002  -8.9966543292994278E-004  0.98450778698896024        174927.64032278312        37.446621017460309        18.018829822006445       0.62813363774262265                0           0   26892.921261409472        2.2782970840593575E-004  0.25000000000000000              894  0.46981095330270295                0
          71          72  0.16939743337267674        2.6319217633798585E-002  -4.7647967898261517E-004  0.96976219828091648        170003.73667627125        34.870225322542275        11.290347635017104       0.27520829775503025                0           0   27671.834452691655        1.5082883319385277E-004  0.25000000000000000              774 -0.11780240243816414                0
          53          54  0.10539273585624893        8.3691576402142989E-002  -9.4861616487088496E-004  0.98840746126056767        171334.30925667207        34.651436372167325        14.096821093211897       0.25169897843133204                0           0   27456.936547351612        2.1096666920612941E-004  0.25000000000000000              756 -0.17123075425625789                0
         245         246  0.10614450888457336        7.9534736728126665E-002  -8.8338078697462622E-004  0.97533507163214717        180155.36208468804        35.614411017835778        8.9264600678225570       0.15757261520361746                0           0   26112.546433302068        2.1568078356416255E-004  0.50000000000000000              948  0.11116590230095000                0
         331         332  0.12214104311112879        9.8521910482032543E-002  -1.1537755047203683E-003  0.97154055198387024        188414.45473505274        38.868024797675822        16.715231449439784       0.29029630645969995                0           0   24967.910579153504        2.3493249830021899E-004  0.50000000000000000             1034   6.9147941765645371E-002           0
         203         204  0.10958957416913398        5.6611292613942377E-002  -6.2817234305771752E-004  0.98494187057407623        200051.97130642890        36.805509599966030        15.065295302504154       0.12932862558439825                0           0   23515.465640870621        1.6988547057778460E-004  0.50000000000000000              906 -0.16866147144969770                0
          21          22  0.17137201111473407        1.8580527211685235E-002  -2.8964617018065918E-004  0.97725619083110171        219756.57682243298        40.968444197440832        3.3079664597616270       0.24075515984686918                0           0   21406.937283364805        1.8343950172520064E-004  0.25000000000000000              724   6.7721177182610309E-002           0
         369         370  0.35577330781196675       0.28758888866695975       -6.5923629871082615E-003  0.96841922705639494        200307.85819162280        57.839387851881206        14.002431872908458       0.41352019170066889                0           0   23485.425385280789        3.4904883910831302E-004  0.50000000000000000             1072   1.5689289927240997                0
          77          78   9.3430964505624117E-002   2.0354482771848002E-002  -1.6334883162896549E-004  0.97425183352183942        309441.22681298596        43.386459025179242        10.151867902684208       0.56436780741318471                0           0   15202.613129787858        1.8457846561722538E-004  0.50000000000000000              780  0.84513721530097907                0
         315         316  0.30834333591613694       0.21242803698149326       -3.5544000840579989E-003  0.96932722246065328        288048.63087816222        68.675120176768687        7.0650900991015284       0.40124011565370110                0           0   16331.670257563481        4.1463143421502049E-004   3.1250000000000000E-002        1018  0.20919854489588266                0
          89          90  0.20842321107894346       0.10223825271363279       -1.3435582502014560E-003  0.98702482580270168        297769.38109927031        59.104743533761280        6.2442284079947452       0.75722680902614914                0           0   15798.519109916271        3.6005640583131949E-004  0.50000000000000000              792  0.39959539510761766                0
         155         156  0.50373356431637750       0.18870347651975347       -4.6345267489272665E-003  0.98128177235206437        293320.33962033020        76.435433608783669        10.694282887091157       0.73149906579496371                0           0   16038.148816184937        4.6428632181207922E-004  0.50000000000000000              858  0.45971345795305091                0
         187         188  0.16652052450678573        4.4390738220572948E-002  -5.1200105471243477E-004  0.98740860044556455        313872.49940009229        53.803263366689940        5.6009211634895921       0.66705862390397463                0           0   14987.981637882163        1.5401396217716847E-004  0.50000000000000000              890  0.29302317677487000                0
         255         256   8.3811449474318997E-002   3.0344259974373743E-002  -1.9498774621546684E-004  0.99476358635673934        366335.73421504453        48.606227887337262        8.6898551822776806       0.45450580399239826                0           0   12841.540746017587        1.7373772739312873E-004  0.50000000000000000              958  0.23912776015655979                0
          93          94   8.5361728603296438E-002   7.1347741082274679E-002  -4.1080252103106030E-004  0.97812880800934654        378910.90214675880        55.249666982163497        9.2661474481327151       0.46299894926202190                0           0   12415.359998859836        1.7179347800011020E-004  0.50000000000000000              796  0.35122498200003316                0
          95         546  0.62290701776509083       0.52092362269304604       -3.7742964096502533E-003  0.93637602152915866        1958530.2041139661        320.39122133802749        7.3728045517203959       0.51761887282875318                0           0   2401.9620671476869        1.8653337909530067E-003   1.2725515010164944E-003         798  0.31969862140902022                0
          67          68  0.52597586808430075       0.46375414949012228       -9.5351984985231255E-003  0.98266064699714351        341740.68956755206        95.332992401100725        16.152114827347745       0.44964359278770943                0           0   13765.745201713413        5.7947742737167690E-004  0.50000000000000000              770   7.0849858312758529E-002           0
         213         214   8.6717284611907239E-002   1.7710005955573944E-002  -1.1427078035879827E-004  0.98213695314694749        400632.33674856107        50.085097135765906        3.7044617574227408       0.34577873799189973                0           0   11742.225542311169        1.5552041722878169E-004  0.25000000000000000              916  0.15250178985517560                0
         313         314  0.11479116130453372        5.7685466757393881E-002  -3.9453446450446250E-004  0.99253727403468150        435049.79924732697        62.547398305763593        2.5248222446522433       0.43225576682035488                0           0   10813.279918261374        1.7042172232509015E-004  0.50000000000000000             1016   7.7360063317831823E-002           0
         365         366  0.29906545429998188       0.27572229150032296       -3.4223050706489746E-003  0.97703614846779008        409915.73603235272        89.792227251814452        13.601240723196106       0.29630216406235460                0           0   11476.298283102440        5.4424978456707430E-004  0.50000000000000000             1068 -0.23626830455400843                0
         201         202  0.41909726131645580       0.36316033186407948       -5.4401348907038797E-003  0.97784193266974673        439642.50440806977        104.26124217537117        15.763658732783986       0.38856157787790557                0           0   10700.319487940789        6.3220712582260643E-004  0.50000000000000000              904   7.1953637213435617E-002           0
         171         172  0.11855449161888632       0.10910379859810015       -6.3808363105355751E-004  0.99690688946593098        502629.43037454027        75.543937317710842        4.0967784727931944       0.23564632209469358                0           0   9359.4106778413025        1.6222029374787257E-004  0.50000000000000000              874  -7.3812287727998457E-002           0
         347         348  0.19457293008789711        9.8264029982305379E-002  -8.4213227326918961E-004  0.97623178622328566        525292.62380639045        84.608893442837001        6.0720733779405753       0.38427571485790429                0           0   8955.6088253366652        5.1262384884362530E-004  0.25000000000000000             1050  0.15719537856665167                0
         343         344   9.9716206803828866E-002   3.9838043689421537E-002  -1.9541286924161294E-004  0.98547806040898511        644708.77578794607        75.758248904357316        14.224186628298712       0.56648565522812722                0           0   7296.8066114739531        4.6110969753691106E-004  0.50000000000000000             1046   1.7368374176178751                0
          99         100  0.11123848720615616        3.9011678252708890E-002  -1.9764343022701515E-004  0.98119635498491209        697449.45099556562        81.825121918085514        8.9461752805838799       0.54655433466580383                0           0   6745.0268272914218        1.9609050585244134E-004  0.25000000000000000              802  0.13403289077253880                0
         391         392  0.13558686976987694        5.7578981684498085E-002  -2.5446740011902898E-004  0.98428057182237338        1015963.8259505472        114.33226250480101        12.854563496048893       0.31140595657081921                0           0   4630.3964151906221        1.9855493643177781E-004  0.50000000000000000             1094  0.10371367486096111                0
         385         386  0.12648191059682606        5.9749107023494945E-002  -2.5030111744847215E-004  0.99192399726360403        1010156.8010307509        112.51654391747591        17.718972329460570       0.27588151887507817                0           0   4657.0148840700185        1.9971473045980897E-004  0.50000000000000000             1088   7.5992317240111788E-003           0
          41          42  0.11122608390456809        8.6847116325004775E-002  -3.0034655602715249E-004  0.97689552612968544        1076875.4069236529        119.85571002551679        1.4847683873445452       0.83470420756180730                0           0   4368.4861102769009        1.9934720720389158E-004  0.25000000000000000              744  0.52036983601043740                0
         345         346  0.55774375829353751       0.47607345656862060       -4.7923803546830179E-003  0.97923176074338625        1065819.0059203701        206.47940675782556        2.7521821496978065       0.25262006464066050                0           0   4413.8031237137029        1.2529054742208931E-003  0.50000000000000000             1048  -4.2354254732215615E-002           0
          73          74  0.94128231410560004       0.69908498357263338       -1.0547991353088345E-002  0.98595090542721642        1010924.7705775029        232.48741209934116        16.677373652555271       0.53343407967445555                0           0   4653.4770880699325        1.4155097427745917E-003  0.12500000000000000              776  0.38517611908657717                0
         285         286   8.9462339041284894E-002   4.2834040765278178E-002  -1.2838168338598593E-004  0.97556116315563901        1178106.6063545495        111.23605151706303        9.2394662412765332       0.66777118071726926                0           0   3993.1150816660524        1.4410236536712358E-004  0.50000000000000000              988  0.22767709946452994                0
         293         294  0.55382231722128972       0.12326253909399966       -1.3046202120956597E-003  0.97555013427591697        1208714.8768618368        195.00098063437505        9.3684196498425223       0.54175557486584780                0           0   3891.9974823661364        1.1809822740092247E-003  0.50000000000000000              996  0.92278642499469221                0
         123         124  0.67985937278035102       0.12376754478802159       -1.4259437356367586E-003  0.97763450747397851        1328700.8239903566        219.90890269502705        6.8233231826809551       0.57774575907865489                0           0   3540.5376234484115        1.3330674591925293E-003  0.50000000000000000              826  0.32054697562415602                0
           7           8  0.10772050310063933        1.1526931384030817E-002  -3.7943697728780554E-005  0.99082248886431246        1424470.1409572540        121.95279694780302        12.122891789605010       0.46576292672053854                0           0   3302.5018372680170        1.6260639909577266E-004   6.2500000000000000E-002         710  -9.6830058131346236E-003           0
         355         356  0.32294731613854971       0.22153041596011064       -1.4146791448691402E-003  0.98835597978780254        1280677.5733209376        188.46314208734015        6.4011912658439938       0.43736175854696596                0           0   3673.3018174480535        1.1488556879049804E-003  0.50000000000000000             1058   6.7291911253825984E-002           0
          85          86   8.0567479673496034E-002   7.0359839832317903E-002  -1.6540594186675728E-004  0.98642166572395873        1357017.8794508749        127.71821781941760        8.9571964472403423       0.31505332734957980                0           0   3466.6567986181526        1.9401392259058692E-004   6.2500000000000000E-002         788  -5.6291030647526823E-002           0
         387         388  0.11696728908539532        8.3148869844046139E-002  -2.2937429420339699E-004  0.96144100877760319        1621780.9488748182        158.01392685585770        2.9954100262109984       0.58070913241436384                0           0   2900.7094089424272        6.6312079854418369E-004   1.6773132836708196E-005        1090  0.18696529342325668                0
         103         104   9.4240900685283069E-002   8.1646476448274677E-002  -1.9581474411928143E-004  0.97430932578693863        1543295.6101144454        146.43699954217337        3.3800246955154352       0.15757092680271603                0           0   3048.2269416265021        8.8618227905427590E-004  0.25000000000000000              806  -5.1204448136798371E-002           0
          65          66   8.1196656538748205E-002   3.2700733033609646E-002  -6.2627861262289943E-005  0.98184767372588766        2149336.5504112290        157.99647215383459        13.296549127705681       0.55808341524644234                0           0   2188.7290088398181        1.9363885980735446E-004  0.50000000000000000              768  0.17597255335636675                0
          15          16  0.12041882448822794        4.7134796559794988E-002  -1.1370748620294229E-004  0.97825164521118502        2263928.7909641471        186.02285177799217        13.009823488234110       0.59679884477876877                0           0   2077.9431210119114        1.1281688166013199E-003  0.50000000000000000              718  0.17969478544989589                0
         243         244  0.10897784068549871        6.2870305948584129E-002  -1.2688985103554134E-004  0.99345305026723485        2514966.0648626112        201.22235189126619        9.3103671769616909       0.37544616253708585                0           0   1870.5283237695505        1.2297376519750148E-003  0.50000000000000000              946   7.3458041855774092E-002           0
         403         404  0.17519688796893346        3.8994197612049461E-002  -1.0593116735967808E-004  0.98389312209889823        2940508.6344437669        240.33772925546222        17.631843380045719       0.41708455535155536                0           0   1599.8304519635060        1.3088117640414172E-003   7.2078936010038072E-004        1106  0.14618098486769932                0
         127         128  0.41687934908818136       0.27898104023835063       -1.0601324713850049E-003  0.99434194081511351        3619474.9262651657        408.83142482301037        13.038154022237356       0.29620562492508073                0           0   1299.7231237899509        2.4997052625840904E-003  0.25000000000000000              830  -2.3286703132482257E-003           0
         217         218   8.1228311512873880E-002   6.5270211912634449E-002  -8.4864059256294254E-005  0.97696892315676265        3390006.8490829859        232.81876606981328        16.644449718155624       0.73619615688769013                0           0   1387.7008121435813        1.4110585494170628E-003  0.50000000000000000              920  0.32163613821382186                0
         143         144  0.25022565110097550       0.15769561095085233       -3.9893226177458845E-004  0.97378367469115990        4047244.7606835263        368.61381757316616        8.7225822204289560       0.64544186537778014                0           0   1162.3500766111972        2.2305190603367172E-003  0.50000000000000000              846  0.21826866358336880                0
          61          62  0.16574606629006447        5.1105325148539382E-002  -1.0680914848388477E-004  0.98146224652464376        3985102.7316611102        295.54272204541036        6.4972212584806144       0.44345720820885232                0           0   1180.4752786595950        1.7952874583487142E-003  0.50000000000000000              764  0.28009336322689138                0
          29          30   9.2064989403419284E-002   3.8673592252436655E-002  -4.8326417632826574E-005  0.98790084533106615        4595724.3541263249        274.56410217347485        6.1903291783790619       0.83135941361549681                0           0   1023.6286807368981        1.6733196375634911E-003  0.25000000000000000              732  0.51034977772780277                0
         405         406   8.7236661288412828E-002   5.5735761705262711E-002  -1.4072219982536795E-005  0.99445045527554632        44632234.652881853        1287.6258805654079        9.8745513071039905       0.68077868808146369                0           0   105.40174145954420        7.8733128566099032E-003  0.50000000000000000             1108   1.2955895929419783                0
          45          46   8.6894120985331738E-002   8.6164685909330241E-002  -8.2040856412477007E-005  0.98387083180607882        5506893.1944410549        340.10174038637848        7.2354214360551392       0.64572750276031698                0           0   854.25939664011355        2.0685513436049150E-003  0.25000000000000000              748  0.47190157470743876                0
         161         162   9.3309048906446132E-002   9.2827486138433946E-002  -9.1370127012530906E-005  0.98840844258729965        5621440.2826534612        353.27707800866796        6.8148136930400085       0.47563857434385198                0           0   836.85230494420694        2.0937033098737323E-003   3.0060825969921233E-005         864  0.13243473725014196                0
         289         290  0.10428359770713377        2.3242149003040714E-002  -2.7029393789870292E-005  0.98098910798385441        6248190.5088725798        334.17604683879676        17.723628468086289       0.16300374502544515                0           0   752.90842220071920        1.5804982943726353E-003   9.9441496337648633E-004         992  -4.6419720947098689E-002           0
         115         116   9.5073144526220191E-002   4.6025486525321645E-002  -4.6726263478262970E-005  0.98361077625756288        6339435.9430684811        348.99124241529205        13.218479073440376       0.48297943665813931                0           0   742.07158174513086        2.1223306805025111E-003  0.25000000000000000              818  0.16990883333703660                0
         223         224  0.13901763968801717        6.0776114313866474E-002  -7.7058737149316082E-005  0.98946014216849287        6749159.7091254396        408.60181312630357        4.2132670332336168       0.32923674251381357                0           0   697.02236432249890        1.1980620055435543E-003   1.7545738568408052E-004         926  0.10129884011043298                0
         199         200  0.11230093762090229        4.7925291740752780E-002  -4.9845320530023470E-005  0.98557578802919299        7365259.5215128316        402.38621163417127        9.2624245143372494       0.39079324586151581                0           0   638.71683596540686        2.4494184751019071E-003  0.50000000000000000              902  0.76402813250059998                0
         373         374  0.15845034820673778       0.15233439132851201       -1.7085686801361283E-004  0.97951198350181023        7914572.5367483823        526.47536528148521        3.8729231870477294       0.40234687207089126                0           0   594.38652382071427        3.1527163600110451E-003   1.1385342963955177E-004        1076  0.10612843378590937                0
          69          70  0.10464422723177559       0.10349050793134676       -8.6377732787562200E-005  0.98042651398566583        8085705.8082159301        467.23280664956275        12.548696581097994       0.16686108920795642                0           0   581.80638391081243        2.8368343572848856E-003  0.50000000000000000              772 -0.16227178313330470                0
          51          52  0.11606384615255892        9.5064690585184505E-002  -1.2276543213329298E-004  0.98205345115529663        4872545.5793825211        334.93415447263214        5.2635829995158234       0.45467694385305013                0           0   965.47383313362923        1.9892380511386115E-004  0.50000000000000000              754   6.4356127862695275E-002           0
         267         268  0.11152016154947933        1.9237634443879208E-002  -2.0555948875561541E-005  0.97570953271413219        7747948.5169555880        388.94381078526897        2.6185143826045265       0.54543312439263258                0           0   607.16914256075052        1.9648540782175187E-003   1.0849334808852884E-003         970  0.15263464814713698                0
         367         368  0.20322917187314732       0.17631903439505672       -1.9839495951849101E-004  0.98268581430875490        10353034.833263878        673.09125510003321        13.371439193366488       0.52318480818689983                0           0   454.38997679501568        3.4704143203255311E-003   4.3815178042118656E-004        1070   1.5332727162653059                0
         305         306   8.5255713978393793E-002   1.6586699482616780E-002  -1.1931200371230782E-005  0.97557216214542408        10624387.113807641        441.69112072417624        11.622885815530831       0.25393057437186600                0           0   442.78462439785847        2.6751951435917505E-003  0.50000000000000000             1008   7.7738338321079833E-002           0
         325         326  0.14296285691723640        1.8018411898666035E-002  -1.7591034512000332E-005  0.98525910189351285        11605238.715074902        545.71725305743564        8.3550090635440366       0.38101666877495893                0           0   405.36135215676182        1.9976652747874619E-004  0.50000000000000000             1028   2.6720805531296382E-002           0
         119         120  0.12744757891135747        8.2887871857059842E-002  -6.3848789170769046E-005  0.98269985033698937        12193204.574003790        616.57973866081329        10.131260245980997       0.25372856554696338                0           0   385.81451078697370        3.7479255214838184E-003  0.25000000000000000              822   6.8085487316406346E-002           0
         133         134  0.13034205300579016        4.8697333779162973E-002  -3.8327446931939449E-005  0.98105203638134897        13234718.641681656        617.16201196428051        5.2858120601689977       0.48814260505874074                0           0   355.45260802363492        3.7389308110333105E-003   6.6256168379889163E-004         836  0.21039040735450820                0
          17          18   8.8310858010865509E-002   3.6165089814597706E-002  -2.2321003472730643E-005  0.98140412768925933        12747100.610456508        533.22349031307033        9.4443291039165373       0.35941796439287005                0           0   369.04982563531280        3.2391129273980847E-003  0.50000000000000000              720  -4.3184796347417453E-002           0
         275         276  0.13196141201412448        6.9014568623332620E-002  -4.7733583822691206E-005  0.97886062907179427        15446948.001731440        711.02197850046366        9.6284749636822227       0.42291936594091434                0           0   304.54658467921683        3.1380165264621594E-003   5.6799209058806149E-004         978  0.37048241192602471                0
         221         222  0.10685030920939192        6.9974509155263417E-002  -3.1624882821130903E-005  0.98455941456853868        22715782.247238476        881.06115696667075        13.139401501810266       0.20781641603246867                0           0   207.09457444357480        5.3332094529199110E-003   4.7271065071109147E-005         924 -0.19990600520854990                0
         157         158  0.17882018552997023        8.7937108552675433E-002  -4.2075627698835542E-005  0.98507171170646568        36757693.788668543        1392.7637512163271        5.5991889876103818       0.37132191636678091                0           0   127.98178483915068        6.2285042387600588E-003   3.4706256270307796E-004         860   6.5110483249413414E-003           0
         145         146  0.11284151051838727        7.1741434973604884E-002  -2.4259708278154987E-005  0.99379258426827244        37282369.538483068        1243.5770887075846        10.607120995661028       0.41413738131775657                0           0   126.18069387432422        6.5278995297556753E-003   2.1490446515715187E-004         848  0.14805131496545437                0
         399         400  0.17014458503807270        6.6018282057290864E-002  -2.6984306072716699E-005  0.99072683487456692        45921923.119575843        1551.2808545541673        11.799447959731831       0.22328524872298636                0           0   102.44159952524686        8.3545524183851316E-003   1.0778591041945366E-004        1102 -0.12824843002882858                0
