 1021988   1   373  29   0      2.0   7.73   4.63  2.229     0.0  -0.2148   0.0000
  -1.117539   0.000000   0.245505   0.096985  -0.663599   0.060150   0.000000   0.000000   0.000000   0.000000
   0.00000   0.00000   0.14049   0.02906   0.00000  -1.11754   0.00000   0.00000  -0.87203   0.66276   0.19180   0.00000   0.00000
 NAME(I1)    NAME(I2)    M1[M*]                    M2[M*]                    EB[NB]                    ECC                       P[Days]                   SEMI[AU]                  RI[PC]                    VI[km/s]                  K*(I1)      K*(I2)      ZN[NB]                    RP[NB]                    STEP(I1)[NB]              NAME(ICM)                 ECM[NB]                   K*(ICM)      
           3           4   8.7970317491499028E-002   4.9196061553816367E-002  -9.2897646351125171E-004  0.98018963898304645        71340.815372945974        17.361255191394889        2.5870828986217886       0.22471047186394014                0           0   65941.428242054317        1.0539810829294615E-004  0.50000000000000000              706   6.7890510212799030E-002           0
          59          60  0.52934127945164156       0.11516011942956719       -3.1001072744619322E-002  0.99635260950274573        9025.0375450904266        7.3279160146024838        15.983777625732092       0.94657639041533070                0           0   521251.59969045070        4.4850020571511419E-005  0.50000000000000000              762   1.3848929495434232                0
          63          64  0.11284127030153632        5.3401276685359052E-002  -1.4468849236327175E-003  0.97984293960292113        54774.265105649982        15.520472950299069        16.570357416737643       0.36705915491972430                0           0   85885.502043175962        9.4206442072616631E-005  0.25000000000000000              766  0.19053363851521660                0
          83          84  0.10272953417562042        4.1373672231505683E-002  -1.2819188696754095E-003  0.97370419826673227        41789.837138321200        12.356008093958177        18.707742440323202       0.44311086427651691                0           0   112570.79662870750        7.4766174595093939E-005  0.50000000000000000              786  0.30809172544987484                0
         131         132   8.4797441590329786E-002   6.4637458177469395E-002  -7.7121942017657882E-004  0.98912831439601701        128788.41655396212        26.485513546867381        5.6298720224181098       0.51820000210966632                0           0   36527.471829531067        1.6151620773559698E-004   1.5625000000000000E-002         834  0.17385143841471817                0
         137         138  0.13717930409073115       0.13193897190263901       -4.0334545728335997E-003  0.97817964388784162        48147.574536657077        16.722602131164937        8.9288451603120524       0.36019079586700498                0           0   97706.173216745112        1.0141787278782275E-004  0.50000000000000000              840  0.59704885056040768                0
         167         168  0.11739175763496201        6.6852661947444644E-002  -1.3371095085191684E-003  0.97921691183512483        87047.450602289726        21.873015901955345        17.900347041917172       0.70700223635795201                0           0   54043.113555826756        1.3272323952673876E-004  0.25000000000000000              870  0.41149351481867469                0
         177         178  0.17518944591650459       0.15841447355487015       -4.8844045916293037E-002  0.97081544669269548        1948.4551180766894        2.1174370246531056        3.6386196205610384       0.79583526030941665                0           0   2414382.1502485364        1.2793853451865820E-005  0.50000000000000000              880  0.48283814160256922                0
         181         182  0.16494482085752635        4.8117280213717237E-002  -2.2342341753636167E-003  0.98308070947828008        38113.841390388654        13.238244572811659        2.6563690845935288       0.34485118096193873                0           0   123428.00111539195        8.0485139620415977E-005  0.25000000000000000              884   2.9720010615204233E-002           0
         193         194  0.13607741833753259        1.4509867592654014E-002  -3.3139095177587647E-004  0.98026160729439438        98477.807758994706        22.203845682541278        18.111672920058005       0.81391092021496703                0           0   47770.308506030713        1.3480179630591914E-004  0.50000000000000000              896   1.0748959173330856                0
         195         196  0.23980714281985319       0.16746154432118399       -1.7866781603804005E-002  0.96643523058497638        13874.745800257982        8.3762612435180923        9.5619245348453248        1.0370596792102216                0           0   339055.96004197007        5.0498069052990366E-005  0.50000000000000000              898  0.79733921064776148                0
         207         208   9.9440827635248155E-002   5.0100703362626467E-002  -8.7683211256005204E-003  0.98112175417415370        2910.2243960466299        2.1174416066239212        5.5287641591865979       0.71686978993250683                0           0   1616478.5313583727        1.2860786271453537E-005  0.25000000000000000              910  0.45472115149380576                0
         225         226  0.11258739991983015        4.7810171057872303E-002  -9.4939383745014589E-004  0.98185672257896206        88575.957032427817        21.129198100363176        17.895211306922594       0.77136017033067461                0           0   53110.521356517827        1.2838083044770557E-004  0.50000000000000000              928   1.0214913046043672                0
         235         236   9.9158490776633662E-002   3.5661683213779022E-002  -5.1301121046354124E-003  0.96614283730650707        4095.4263718306088        2.5687641194955386        2.2585385294856368       0.34551780629136669                0           0   1148675.3345151674        1.5484037106406675E-005  0.12500000000000000              938   9.2873321637206380E-002           0
         249         250   8.3325272192247987E-002   6.4931060179189190E-002  -5.9417119074347373E-003  0.97581540753508467        5929.7866670524481        3.3934150410168407        17.094336201184007       0.41322627885962643                0           0   793336.34104971308        2.0555510157367267E-005  0.25000000000000000              952   1.2427251438895948                0
         271         272  0.13618545113931463       0.10282415591629936       -1.7643068358636144E-003  0.98806680624688603        120181.93023047518        29.578155387187675        10.444272024519988       0.47287290360862971                0           0   39143.282593508091        1.8027976026539725E-004  0.50000000000000000              974   9.3713985657595825E-002           0
         287         288   8.8414603939471620E-002   4.2704642040310346E-002  -5.8515194294090581E-004  0.98093659039144399        118941.02246670357        24.046383900145148        3.8899822622829046       0.59690448091443049                0           0   39551.663169548527        1.4603779329379048E-004  0.25000000000000000              990  0.19367248123044301                0
         291         292  0.10251315781699964        2.9651563345757474E-002  -1.1831110334550475E-003  0.98075559013170377        29765.556837160901        9.5746088155111213        16.165706118994606       0.58864719122678966                0           0   158045.59892431262        5.8142920318824777E-005   3.1250000000000000E-002         994  0.23380377400742450                0
         303         304  0.77980953382043972       0.33783563817501155       -5.2382472905160467E-002  0.97671789874474535        28033.625192942258        18.742492285908785        3.1437661715750909       0.62926771202222320                0           0   167809.73653129677        1.1358394461059082E-004   6.2500000000000000E-002        1006  0.22926391236892110                0
         311         312  0.16827131513595273       0.11782564957455051       -9.1314488263872420E-003  0.97485864189666582        15717.300866973132        8.0915100549741776        19.854795153340770       0.14798933841738696                0           0   299308.08714936365        4.8990345746074786E-005  0.50000000000000000             1014 -0.13027761249016601                0
         321         322  0.12252965187021556        4.0765808550071510E-002  -1.0952504619379879E-003  0.97557453106160041        63331.226025514967        16.995860241612995        19.264537227056188       0.41397501775154749                0           0   74281.133539866772        1.0293936416602254E-004  0.50000000000000000             1024  0.71930542033911826                0
         323         324  0.13577855073708561        2.1714876777924844E-002  -1.0672784058174505E-003  0.97737634574565457        30402.145619620234        10.295090097572151        16.120467318276472       0.68463208305243439                0           0   154736.29119810546        6.2411468000077191E-005  0.25000000000000000             1026  0.36409670299592878                0
         337         338  0.14234346256931027        4.8688670540606271E-002  -2.7220309402593351E-003  0.98436219341894415        24424.438780536861        9.4883723855236379        13.190764772426620       0.41228879964607229                0           0   192606.89262565569        5.7724153992768256E-005  0.50000000000000000             1040   1.4558381922895638                0
         363         364   8.0030474895858961E-002   2.5241398542184282E-002  -3.2505135387658957E-004  0.96900162088983910        125469.53716214608        23.159872534501439        12.003679964286686       0.72000800846373592                0           0   37493.684634903126        1.3980643129274424E-004  0.50000000000000000             1066  0.54697817961402939                0
         371         372   9.0756420354949963E-002   8.9399293653254358E-002  -1.4941626717007766E-003  0.97790038526241019        78336.750524128642        20.236383406048532        10.152828635399315       0.49297424284199681                0           0   60052.468683849453        1.2271064128272370E-004  0.50000000000000000             1074  0.26920972581216440                0
         383         384   9.3433970454860987E-002   6.5975786712685114E-002  -2.9999592269293533E-003  0.97176827062077331        19385.313257799193        7.6576121486429507        7.4981610565218757       0.45342374533100777                0           0   242674.19334851863        4.6290742961604388E-005  0.50000000000000000             1086  0.46636046312786517                0
         395         396  0.10118924464727580        7.2387835402996439E-002  -4.0679476328368365E-003  0.98184110250843104        15239.121285685993        6.7103307468978812        7.6931358431404568       0.49534328635468700                0           0   308699.90266850201        4.0771591993552411E-005  0.50000000000000000             1098   6.0553815585545429E-002           0
         401         402  0.11008182267075275        8.1520559788653676E-002  -2.1754919003101718E-003  0.98946501741247106        50292.904508829961        15.372504553420699        5.3185770473357428       0.39464183235947659                0           0   93538.349069078395        9.3761781152373525E-005  0.50000000000000000             1104  0.13838295871812903                0
         219         220   5.9461379470541447        2.5291364086335988      -0.75299076982192070       0.98221912150944157        80559.862777643633        74.428097414589246        3.8438703633300682       0.17795865309798550                0           0   58395.273967004177        4.5230718866207646E-004  0.50000000000000000              922  0.12518668423602602                0
         159         160  0.52009082554844766       0.13749382338007102       -6.8562166579241961E-003  0.98252657550525302        109146.58921206869        38.868446659729038        1.9558118580607800       0.57792503229684344                0           0   43100.891119047374        2.3624417772278330E-004  0.25000000000000000              862  0.17382791740689907                0
           1           2   2.0244841138268650       0.61000484406818434       -7.0741485713423660E-002  0.98738152934187551        118081.33591071346        65.056817812538299        19.389360307732026       0.50085381807129759                0           0   39839.617509086311        3.9638661146352313E-004  0.50000000000000000              704  0.12655782099612939                0
         283         284  0.18094602805437388        8.1870494517192083E-002  -1.6064068193646895E-003  0.97697797871714775        143540.44546752289        34.366892541613126        4.7200538122972011       0.27777503215630278                0           0   32773.447527785116        2.0829891525217590E-004   6.2500000000000000E-002         986  -5.2275940404964284E-002           0
         185         186  0.24628085064239766        6.9358336926096664E-002  -1.8551080494142963E-003  0.99057546901522908        130681.44545928008        34.314639623851313        9.0782696721432465       0.51805945598819558                0           0   35998.341165507023        2.0941269287605858E-004  0.50000000000000000              888  0.21728743012220572                0
         191         192  0.17819880543248182        5.0730547014061628E-002  -8.9966543292994278E-004  0.98450778698896024        174927.64032278312        37.446621017460309        21.272907378504417       0.63473545075805360                0           0   26892.921261409472        2.2782970840593575E-004  0.25000000000000000              894  0.46969270926446882                0
          71          72  0.16939743337267674        2.6319217633798585E-002  -4.7647967898261517E-004  0.96976219828091648        170003.73667627125        34.870225322542275        13.545980706389527       0.28077573183703786                0           0   27671.834452691655        1.5082883319385277E-004  0.25000000000000000              774 -0.11719120336442214                0
          53          54  0.10539273585624893        8.3691576402142989E-002  -9.4861616487088496E-004  0.98840746126056767        171334.30925667207        34.651436372167325        17.147934700395314       0.23788330833865057                0           0   27456.936547351612        2.1096666920612941E-004  0.50000000000000000              756 -0.17407344740824141                0
         245         246  0.10614450888457336        7.9534736728126665E-002  -8.8338078697462622E-004  0.97533507163214717        180155.36208468804        35.614411017835778        7.7967621024598017       0.13426330209174264                0           0   26112.546433302068        2.1568078356416255E-004  0.50000000000000000              948  0.11144454836059392                0
         331         332  0.12214104311112879        9.8521910482032543E-002  -1.1537755047203683E-003  0.97154055198387024        188414.45473505274        38.868024797675822        19.172263354746068       0.28875150301438640                0           0   24967.910579153504        2.3493249830021899E-004  0.50000000000000000             1034   6.9189729261951841E-002           0
         203         204  0.10958957416913398        5.6611292613942377E-002  -6.2817234305771752E-004  0.98494187057407623        200051.97130642890        36.805509599966030        18.041152945011557       0.11188141833374390                0           0   23515.465640870621        1.6988547057778460E-004  0.50000000000000000              906 -0.16889947711051084                0
          21          22  0.17137201111473407        1.8580527211685235E-002  -2.8964617018065918E-004  0.97725619083110171        219756.57682243298        40.968444197440832        3.5572068004406066       0.24113304146615097                0           0   21406.937283364805        1.8343950172520064E-004  0.50000000000000000              724   7.0565496049939169E-002           0
         369         370  0.35577330781196675       0.28758888866695975       -6.5923629871082615E-003  0.96841922705639494        200307.85819162280        57.839387851881206        14.821880053107050       0.43348387146388595                0           0   23485.425385280789        3.4904883910831302E-004  0.50000000000000000             1072   1.5709565738202846                0
          77          78   9.3430964505624117E-002   2.0354482771848002E-002  -1.6334883162896549E-004  0.97425183352183942        309441.22681298596        43.386459025179242        8.8216249139843210       0.59215694617340719                0           0   15202.613129787858        1.8457846561722538E-004  0.50000000000000000              780  0.84269571419007960                0
         315         316  0.30834333591613694       0.21242803698149326       -3.5544000840579989E-003  0.96932722246065328        288048.63087816222        68.675120176768687        4.5381350751708469       0.42785276295133190                0           0   16331.670257563481        4.1463143421502049E-004   3.1250000000000000E-002        1018  0.23782289618516125                0
          89          90  0.20842321107894346       0.10223825271363279       -1.3435582502014560E-003  0.98702482580270168        297769.38109927031        59.104743533761280        7.0670943117235341       0.75646573629015523                0           0   15798.519109916271        3.6005640583131949E-004  0.50000000000000000              792  0.39872205618564088                0
         155         156  0.50373356431637750       0.18870347651975347       -4.6345267489272665E-003  0.98128177235206437        293320.33962033020        76.435433608783669        8.5935259376103890       0.75179767451750512                0           0   16038.148816184937        4.6428632181207922E-004  0.50000000000000000              858  0.46025944810337027                0
         187         188  0.16652052450678573        4.4390738220572948E-002  -5.1200105471243477E-004  0.98740860044556455        313872.49940009229        53.803263366689940        6.1062050489446680       0.66570012216905905                0           0   14987.981637882163        1.5401396217716847E-004  0.50000000000000000              890  0.29480907427364750                0
         255         256   8.3811449474318997E-002   3.0344259974373743E-002  -1.9498774621546684E-004  0.99476358635673934        366335.73421504453        48.606227887337262        5.7337545811940815       0.45100525627561999                0           0   12841.540746017587        1.7373772739312873E-004  0.50000000000000000              958  0.23725604901153341                0
          93          94   8.5361728603296438E-002   7.1347741082274679E-002  -4.1080252103106030E-004  0.97812880800934654        378910.90214675880        55.249666982163497        6.4669767148739377       0.49320803108677602                0           0   12415.359998859836        1.7179347800011020E-004  0.50000000000000000              796  0.35237051448419193                0
          95         546  0.62290701776509083       0.52092362269304604       -3.7742930504206899E-003  0.93636017643747171        1958532.8188370173        320.39150649544592        4.7574487949523672       0.51709528666064708                0           0   2401.9588604280825        8.9418112135084156E-004   2.5500155307359874E-003         798  0.31066914630061648                0
          67          68  0.52597586808430075       0.46375414949012228       -9.5351984985231255E-003  0.98266064699714351        341740.68956755206        95.332992401100725        18.815711226764737       0.47573669528307827                0           0   13765.745201713413        5.7947742737167690E-004  0.50000000000000000              770   7.0744294477497749E-002           0
         213         214   8.6717284611907239E-002   1.7710005955573944E-002  -1.1427078035879827E-004  0.98213695314694749        400632.33674856107        50.085097135765906        3.8268669680364531       0.33920606264833469                0           0   11742.225542311169        1.5552041722878169E-004  0.50000000000000000              916  0.15514755752791448                0
         313         314  0.11479116130453372        5.7685466757393881E-002  -3.9453446450446250E-004  0.99253727403468150        435049.79924732697        62.547398305763593        2.5350472543779143       0.44505658311587432                0           0   10813.279918261374        1.7042172232509015E-004  0.50000000000000000             1016   7.7331672027233594E-002           0
         365         366  0.29906545429998188       0.27572229150032296       -3.4223050706489746E-003  0.97703614846779008        409915.73603235272        89.792227251814452        15.876196997737313       0.30374649444646118                0           0   11476.298283102440        5.4424978456707430E-004  0.25000000000000000             1068 -0.23612867557856904                0
         201         202  0.41909726131645580       0.36316033186407948       -5.4401348907038797E-003  0.97784193266974673        439642.50440806977        104.26124217537117        18.358678497920181       0.38596998718441178                0           0   10700.319487940789        6.3220712582260643E-004  0.50000000000000000              904   7.2127004129440828E-002           0
         171         172  0.11855449161888632       0.10910379859810015       -6.3808363105355751E-004  0.99690688946593098        502629.43037454027        75.543937317710842        4.7457307679465979       0.23550777165746090                0           0   9359.4106778413025        1.6222029374787257E-004  0.50000000000000000              874  -7.4670056851765407E-002           0
         347         348  0.19457293008789711        9.8264029982305379E-002  -8.4213227326918961E-004  0.97623178622328566        525292.62380639045        84.608893442837001        9.1884616415530544       0.36152741146907336                0           0   8955.6088253366652        5.1262384884362530E-004  0.25000000000000000             1050  0.15746435306728918                0
         343         344   9.9716206803828866E-002   3.9838043689421537E-002  -1.9541286924161294E-004  0.98547806040898511        644708.77578794607        75.758248904357316        15.029926334090613       0.55154765690445695                0           0   7296.8066114739531        4.6110969753691106E-004  0.50000000000000000             1046   1.7414482234969053                0
          99         100  0.11123848720615616        3.9011678252708890E-002  -1.9764343022701515E-004  0.98119635498491209        697449.45099556562        81.825121918085514        6.4608369076211689       0.54578900639622363                0           0   6745.0268272914218        1.9609050585244134E-004  0.25000000000000000              802  0.13211554270020506                0
         391         392  0.13558686976987694        5.7578981684498085E-002  -2.5446740011902898E-004  0.98428057182237338        1015963.8259505472        114.33226250480101        15.897404248827693       0.29909394844513065                0           0   4630.3964151906221        1.9855493643177781E-004  0.50000000000000000             1094  0.10401650721093712                0
         385         386  0.12648191059682606        5.9749107023494945E-002  -2.5030111744847215E-004  0.99192399726360403        1010156.8010307509        112.51654391747591        20.915997679158636       0.27724854171146879                0           0   4657.0148840700185        1.9971473045980897E-004  0.50000000000000000             1088   7.9426370080184026E-003           0
          41          42  0.11122608390456809        8.6847116325004775E-002  -3.0034655602715249E-004  0.97689552612968544        1076875.4069236529        119.85571002551679        3.6418907770347269       0.83626646779814640                0           0   4368.4861102769009        1.9934720720389158E-004  0.25000000000000000              744  0.52105696602395313                0
         345         346  0.55774375829353751       0.47607345656862060       -4.7923803546830179E-003  0.97923176074338625        1065819.0059203701        206.47940675782556        5.4644716312383173       0.26009675983557079                0           0   4413.8031237137029        1.2529054742208931E-003  0.50000000000000000             1048  -4.1881604420872631E-002           0
          73          74  0.94128231410560004       0.69908498357263338       -1.0547991353088345E-002  0.98595090542721642        1010924.7705775029        232.48741209934116        18.626271784304752       0.55907181429945763                0           0   4653.4770880699325        1.4155097427745917E-003  0.50000000000000000              776  0.38492969320386372                0
         285         286   8.9462339041284894E-002   4.2834040765278178E-002  -1.2838168338598593E-004  0.97556116315563901        1178106.6063545495        111.23605151706303        8.3869849666953424       0.67163838618737937                0           0   3993.1150816660524        1.4410236536712358E-004  0.50000000000000000              988  0.22689478778569389                0
         293         294  0.55382231722128972       0.12326253909399966       -1.3046202120956597E-003  0.97555013427591697        1208714.8768618368        195.00098063437505        8.3249728030079080       0.57998552516960555                0           0   3891.9974823661364        1.1809822740092247E-003  0.50000000000000000              996  0.92363233220820318                0
         123         124  0.67985937278035102       0.12376754478802159       -1.4259437356367586E-003  0.97763450747397851        1328700.8239903566        219.90890269502705        4.0651447053417709       0.59156533035887093                0           0   3540.5376234484115        1.3330674591925293E-003  0.50000000000000000              826  0.32050984393653414                0
           7           8  0.10772050310063933        1.1526931384030817E-002  -3.7943697728780554E-005  0.99082248886431246        1424470.1409572540        121.95279694780302        13.228889578537000       0.47497533594145475                0           0   3302.5018372680170        1.6260639909577266E-004   6.2500000000000000E-002         710  -9.8287779264382980E-003           0
         355         356  0.32294731613854971       0.22153041596011064       -1.4146791448691402E-003  0.98835597978780254        1280677.5733209376        188.46314208734015        9.1525347084036373       0.44146149625251913                0           0   3673.3018174480535        1.1488556879049804E-003  0.50000000000000000             1058   6.7565894353176614E-002           0
          85          86   8.0567479673496034E-002   7.0359839832317903E-002  -1.6540594186675728E-004  0.98642166572395873        1357017.8794508749        127.71821781941760        11.557492635015818       0.32673636566096320                0           0   3466.6567986181526        1.9401392259058692E-004   6.2500000000000000E-002         788  -5.6288971449973094E-002           0
         387         388  0.11696728908539532        8.3148869844046139E-002  -2.2937420529905485E-004  0.95139620342781539        1621781.8917666890        158.01398810129808        1.3952656044890825       0.70854126034186116                0           0   2900.7077224916566        7.5705837105299130E-004   1.7813608908451679E-005        1090  0.30543173634433463                0
         103         104   9.4240900685283069E-002   8.1646476448274677E-002  -1.9581474411928143E-004  0.97430932578693863        1543295.6101144454        146.43699954217337        4.2136167308488703       0.14993987862437078                0           0   3048.2269416265021        8.8618227905427590E-004  0.50000000000000000              806  -4.6323251328524731E-002           0
          65          66   8.1196656538748205E-002   3.2700733033609646E-002  -6.2627861262289943E-005  0.98184767372588766        2149336.5504112290        157.99647215383459        16.104282752789402       0.56555285980413939                0           0   2188.7290088398181        1.9363885980735446E-004  0.50000000000000000              768  0.17589770646132868                0
          15          16  0.12041882448822794        4.7134796559794988E-002  -1.1370748620294229E-004  0.97825164521118502        2263928.7909641471        186.02285177799217        16.212070900310728       0.61513005179483282                0           0   2077.9431210119114        1.1281688166013199E-003  0.50000000000000000              718  0.17887542405553411                0
         243         244  0.10897784068549871        6.2870305948584129E-002  -1.2688985103554134E-004  0.99345305026723485        2514966.0648626112        201.22235189126619        7.1860966449639658       0.38371162845544066                0           0   1870.5283237695505        1.2297376519750148E-003  0.50000000000000000              946   7.3669660306841717E-002           0
         265         266   8.4095384718170976E-002   3.6296916915751078E-002  -2.5179198950142660E-005  0.98201133285825903        10108107.560025444        451.77201571092132        2.1275649376306953       0.53296785700590255                0           0   465.40019778271147        6.8893647913954848E-004   6.8246430754458434E-004         968  0.21623852930748844                0
         127         128  0.41687934908818136       0.27898104023835063       -1.0601324713850049E-003  0.99434194081511351        3619474.9262651657        408.83142482301037        14.666768447611235       0.32021011250063736                0           0   1299.7231237899509        2.4997052625840904E-003  0.25000000000000000              830  -2.4645963314827296E-003           0
         217         218   8.1228311512873880E-002   6.5270211912634449E-002  -8.4864059256294254E-005  0.97696892315676265        3390006.8490829859        232.81876606981328        19.402378928552295       0.71174317201016346                0           0   1387.7008121435813        1.4110585494170628E-003  0.50000000000000000              920  0.32150141890958062                0
         143         144  0.25022565110097550       0.15769561095085233       -3.9893226177458845E-004  0.97378367469115990        4047244.7606835263        368.61381757316616        7.5542701987561838       0.65061296270787150                0           0   1162.3500766111972        2.2305190603367172E-003  0.50000000000000000              846  0.21650402085771708                0
          61          62  0.16574606629006447        5.1105325148539382E-002  -1.0680914848388477E-004  0.98146224652464376        3985102.7316611102        295.54272204541036        8.3887732895837708       0.45440500985649990                0           0   1180.4752786595950        1.7952874583487142E-003  0.50000000000000000              764  0.28038082080170218                0
          29          30   9.2064989403419284E-002   3.8673592252436655E-002  -4.8326417632826574E-005  0.98790084533106615        4595724.3541263249        274.56410217347485        6.2177371575139206       0.83986758470140743                0           0   1023.6286807368981        1.6733196375634911E-003  0.25000000000000000              732  0.51022799349145331                0
         405         406   8.7236661288412828E-002   5.5735761705262711E-002  -1.4072219982536795E-005  0.99445045527554632        44632234.652881853        1287.6258805654079        9.4349255337950506       0.72131161144383660                0           0   105.40174145954420        7.8733128566099032E-003  0.50000000000000000             1108   1.2960699697109830                0
          45          46   8.6894120985331738E-002   8.6164685909330241E-002  -8.2040856412477007E-005  0.98387083180607882        5506893.1944410549        340.10174038637848        6.4607149404923945       0.66179000872438765                0           0   854.25939664011355        2.0685513436049150E-003  0.50000000000000000              748  0.47181186174894868                0
         161         162   9.3309048906446132E-002   9.2827486138433946E-002  -9.1371771013530056E-005  0.98774544264797981        5621288.5682054088        353.27072169245804        5.5992239560168677       0.38621449612188868                0           0   836.87489097301602        8.7455256786073303E-005   3.7417503550132534E-006         864   7.5065045728738372E-002           0
         289         290  0.10428359770713377        2.3242149003040714E-002  -2.7029456400474974E-005  0.98098936188487651        6248168.7990708593        334.17527275869492        20.739560964922838       0.16125897296353425                0           0   752.91103824600953        2.0088502382190217E-003   1.1263314551876549E-003         992  -4.7230698654170573E-002           0
         115         116   9.5073144526220191E-002   4.6025486525321645E-002  -4.6726263478262970E-005  0.98361077625756288        6339435.9430684811        348.99124241529205        15.885530493617068       0.49800761931200882                0           0   742.07158174513086        2.1223306805025111E-003  0.25000000000000000              818  0.16986843091309275                0
         223         224  0.13901763968801717        6.0776114313866474E-002  -7.7057544692811774E-005  0.98944277388629565        6749316.3734188871        408.60813619163969        4.6726138115565981       0.31467329583754083                0           0   697.00618512594292        2.4888483378902662E-003   1.2721317338879366E-004         926   9.5712753275719542E-002           0
         199         200  0.11230093762090229        4.7925291740752780E-002  -4.9845320530023470E-005  0.98557578802919299        7365259.5215128316        402.38621163417127        10.679346678745588       0.44996970448272600                0           0   638.71683596540686        2.4494184751019071E-003  0.50000000000000000              902  0.76429371733116724                0
         373         374  0.15845034820673778       0.15233439132851201       -1.7085624587275891E-004  0.97964102173114798        7914615.7659265744        526.47728234241356        4.5794226088264542       0.40393106828209685                0           0   594.38327731555046        3.1189570775852740E-003   2.8263837342668229E-005        1076  0.11781898365583550                0
          69          70  0.10464422723177559       0.10349050793134676       -8.6377732787562200E-005  0.98042651398566583        8085705.8082159301        467.23280664956275        15.391017193762654       0.16452181468163643                0           0   581.80638391081243        2.8368343572848856E-003  0.50000000000000000              772 -0.16257456129450978                0
          51          52  0.11606384615255892        9.5064690585184505E-002  -1.2276543213329298E-004  0.98205345115529663        4872545.5793825211        334.93415447263214        6.9796275246605237       0.45652772010560855                0           0   965.47383313362923        1.9892380511386115E-004  0.50000000000000000              754   6.4439852175431245E-002           0
         267         268  0.11152016154947933        1.9237634443879208E-002  -2.0555835063572011E-005  0.97571213526799705        7748012.8644257830        388.94596425988010        4.6840067254958555       0.54912863173224502                0           0   607.16410000351834        1.0619464431756451E-003   8.0734287223050707E-004         970  0.15349548062600424                0
         367         368  0.20322917187314732       0.17631903439505672       -1.9839508463765634E-004  0.98268112330547108        10353025.039451133        673.09083061060517        14.239052535119043       0.53000273613989113                0           0   454.39040664139679        3.5325562779834415E-003   4.4208966734054432E-004        1070   1.5346798615448851                0
         305         306   8.5255713978393793E-002   1.6586699482616780E-002  -1.1931200371230782E-005  0.97557216214542408        10624387.113807641        441.69112072417624        8.4140509370797165       0.23890109140091911                0           0   442.78462439785847        2.6751951435917505E-003  0.50000000000000000             1008   7.6270311696560705E-002           0
         325         326  0.14296285691723640        1.8018411898666035E-002  -1.7591034512000332E-005  0.98525910189351285        11605238.715074902        545.71725305743564        10.506929434408031       0.39025457707189293                0           0   405.36135215676182        1.9976652747874619E-004  0.50000000000000000             1028   2.6867895926021824E-002           0
         119         120  0.12744757891135747        8.2887871857059842E-002  -6.3848789170769046E-005  0.98269985033698937        12193204.574003790        616.57973866081329        11.157227853248658       0.25161131879338600                0           0   385.81451078697370        3.7479255214838184E-003  0.50000000000000000              822   6.8483507788764386E-002           0
         133         134  0.13034205300579016        4.8697333779162973E-002  -3.8327128263821182E-005  0.98104921334205730        13234883.700682009        617.16714331290814        3.3476037655695747       0.51353302433360282                0           0   355.44817499245147        8.0962552676248543E-004   3.1304605051880673E-004         836  0.21206299328787598                0
          17          18   8.8310858010865509E-002   3.6165089814597706E-002  -2.2321003472730643E-005  0.98140412768925933        12747100.610456508        533.22349031307033        11.844896360228981       0.35016982508585276                0           0   369.04982563531280        3.2391129273980847E-003  0.50000000000000000              720  -4.3130419463530356E-002           0
         275         276  0.13196141201412448        6.9014568623332620E-002  -4.7734007926763183E-005  0.97887465963607667        15446742.139099734        711.01566125769614        7.2488376970852153       0.43297233472409202                0           0   304.55064344842748        4.3099238733435626E-003   6.6376397127444514E-004         978  0.36982194492028775                0
         399         400  0.17014458503807270        6.6018282057290864E-002  -2.6984180952150915E-005  0.99072081851605942        45922242.516911261        1551.2880475513739        14.524649238162725       0.21605930898397308                0           0   102.44088702576663        5.6562393088159914E-003   8.8737499722566198E-005        1102 -0.12788314322592348                0
         157         158  0.17882018552997023        8.7937108552675433E-002  -4.2075816453072772E-005  0.98506213307821555        36757446.443640321        1392.7575032078114        3.8698286764886043       0.36953088636108289                0           0   127.98264604310380        7.6821381798391555E-003   3.8489248639446237E-004         860   2.9528545135985192E-003           0
         145         146  0.11284151051838727        7.1741434973604884E-002  -2.4259630511751505E-005  0.99380662224279048        37282548.806554429        1243.5810751045578        8.0047788799035313       0.41382365016020611                0           0   126.18008715159851        7.5905085598005481E-003   2.3126176617490433E-004         848  0.14668757350886050                0
         221         222  0.10685030920939192        6.9974509155263417E-002  -3.1627669883408002E-005  0.98479902883753700        22712779.706807878        880.98351696589134        16.084884063016265       0.25196941998026906                0           0   207.12195153439112        1.6810238277805410E-003   2.7375980853718265E-005         924 -0.19165536600786198                0
