 122 420   1   452 102   0      0.4   0.46   4.88  5.721     0.0  -0.2385   0.0000
  -1.209976   0.000000   0.288333   0.062472  -0.571267   0.053723   0.000000   0.000000   0.000000   0.000000
   0.00000   0.00000   0.15108   0.03385   0.00000  -1.20998   0.00000   0.00000  -0.92164   0.77512   0.21060   0.00000   0.00000
 NAME(I1)    NAME(I2)    M1[M*]                    M2[M*]                    EB[NB]                    ECC                       P[Days]                   SEMI[AU]                  RI[PC]                    VI[km/s]                  K*(I1)      K*(I2)      ZN[NB]                    RP[NB]                    STEP(I1)[NB]              NAME(ICM)                 ECM[NB]                   K*(ICM)      
           3           4   8.7970317491499028E-002   4.9196061553816367E-002  -9.2897646351125171E-004  0.98018963898304645        71340.815372945974        17.361255191394889        7.5837647875154763       0.17727412358982403                0           0   65941.428242054317        1.0539810829294615E-004  0.25000000000000000              706  0.11177099691625791                0
          57          58   8.8793517676333700E-002   7.4789808565780366E-002  -1.3944536633748324E-003  0.99288618157622466        67519.482439442989        17.747571380570307        13.816101449285554       0.60247864765393744                0           0   69673.449613065080        1.0843421479498632E-004  0.50000000000000000              760   1.1536364675881869                0
          59          60  0.52934127945164156       0.11516011942956719       -3.1001072744619322E-002  0.99635260950274573        9025.0375450904266        7.3279160146024838        17.383656473142672       0.80804314729886384                0           0   521251.59969045070        4.4850020571511419E-005  0.50000000000000000              762   1.4517718851249866                0
          63          64  0.11284127030153632        5.3401276685359052E-002  -1.4468849236327175E-003  0.97984293960292113        54774.265105649982        15.520472950299069        12.021900537772163       0.39247744562351450                0           0   85885.502043175962        9.4206442072616631E-005  0.25000000000000000              766  0.23326123263064147                0
          83          84  0.10272953417562042        4.1373672231505683E-002  -1.2819188696754095E-003  0.97370419826673227        41789.837138321200        12.356008093958177        13.971019555877504       0.35420353000273896                0           0   112570.79662870750        7.4766174595093939E-005  0.50000000000000000              786  0.23222488068117420                0
          87          88  0.10306885414503236        3.0345968261083246E-002  -4.1821248241819420E-003  0.98428134930470224        4652.7998571211401        2.7870887101701558        15.213586101756635       0.30268030107256833                0           0   1011071.9141389197        1.6955045282497800E-005  0.25000000000000000              790   8.8231944200397483E-002           0
         105         106  0.12790761581087476        8.1406408734692293E-002  -3.3640542461646258E-002  0.96974758674909145        989.02684361157492        1.1534833915785283        18.480294913684972       0.33095046017964858                0           0   4756509.1767037120        6.9657331703446991E-006  0.50000000000000000              808  0.11608517443913685                0
         131         132   8.4797441590329786E-002   6.4637458177469395E-002  -7.7121942017657882E-004  0.98912831439601701        128788.41655396212        26.485513546867381        7.9082794038317390       0.45605787556351096                0           0   36527.471829531067        1.6151620773559698E-004  0.25000000000000000              834  0.12291896123766402                0
         137         138  0.13717930409073115       0.13193897190263901       -4.0334545728335997E-003  0.97817964388784162        48147.574536657077        16.722602131164937        11.777591341005756       0.17419633893408554                0           0   97706.173216745112        1.0141787278782275E-004  0.50000000000000000              840  0.66851836259138597                0
         167         168  0.11739175763496201        6.6852661947444644E-002  -1.3371095085191684E-003  0.97921691183512483        87047.450602289726        21.873015901955345        12.753913678847566       0.67402441573855698                0           0   54043.113555826756        1.3272323952673876E-004  0.50000000000000000              870  0.41894731093399495                0
         177         178  0.17518944591650459       0.15841447355487015       -4.8844045916293037E-002  0.97081544669269548        1948.4551180766894        2.1174370246531056        3.7372786183087103       0.80597341618714469                0           0   2414382.1502485364        1.2793853451865820E-005  0.50000000000000000              880  0.50995760174048932                0
         181         182  0.16494482085752635        4.8117280213717237E-002  -2.2342341753636167E-003  0.98308070947828008        38113.841390388654        13.238244572811659        5.2542450528626716       0.30724969346220327                0           0   123428.00111539195        8.0485139620415977E-005  0.25000000000000000              884   5.1677115737481738E-002           0
         193         194  0.13607741833753259        1.4509867592654014E-002  -3.3139095177587647E-004  0.98026160729439438        98477.807758994706        22.203845682541278        15.669695583082468       0.70572963974490421                0           0   47770.308506030713        1.3480179630591914E-004  0.50000000000000000              896   1.1950792866561963                0
         195         196  0.23980714281985319       0.16746154432118399       -1.7866781603804005E-002  0.96643523058497638        13874.745800257982        8.3762612435180923        11.029241996512466       0.98324451192786555                0           0   339055.96004197007        5.0498069052990366E-005  0.50000000000000000              898  0.74829797203395154                0
         207         208   9.9440827635248155E-002   5.0100703362626467E-002  -8.7683211256005204E-003  0.98112175417415370        2910.2243960466299        2.1174416066239212        3.9483370109337641       0.74249238983709942                0           0   1616478.5313583727        1.2860786271453537E-005  0.50000000000000000              910  0.45606452665580466                0
         225         226  0.11258739991983015        4.7810171057872303E-002  -9.4939383745014589E-004  0.98185672257896206        88575.957032427817        21.129198100363176        15.884284829651165       0.61804458936426587                0           0   53110.521356517827        1.2838083044770557E-004  0.50000000000000000              928   1.1140520193104682                0
         235         236   9.9158490776633662E-002   3.5661683213779022E-002  -5.1301121046354124E-003  0.96614283730650707        4095.4263718306088        2.5687641194955386        6.9615578632287800       0.29533160339215075                0           0   1148675.3345151674        1.5484037106406675E-005  0.25000000000000000              938  0.12630507795626517                0
         239         240   8.3253089810449737E-002   5.9845060969569666E-002  -7.4110620056441019E-004  0.97866503909393976        121080.59857328323        25.053451414275163        15.747924965135821       0.47169657149182220                0           0   38852.758518512826        1.5197941044801133E-004  0.50000000000000000              942  0.14840433399165137                0
         247         248  0.12867704596478571        5.6124925773135610E-002  -4.8755267774440045E-002  0.97148621675522984        348.47281385192167       0.55201979559906922        18.938557070805032       0.61674167245157197                0           0   13499805.639483234        3.3365167437779866E-006  0.25000000000000000              950  0.54683049265115447                0
         249         250   8.3325272192247987E-002   6.4931060179189190E-002  -5.9417119074347373E-003  0.97581540753508467        5929.7866670524481        3.3934150410168407        16.402143847752264       0.51059030249397275                0           0   793336.34104971308        2.0555510157367267E-005  0.50000000000000000              952   1.3355817168204456                0
         271         272  0.13618545113931463       0.10282415591629936       -1.7643068358636144E-003  0.98806680624688603        120181.93023047518        29.578155387187675        6.6326146500270813       0.50220142318334282                0           0   39143.282593508091        1.8027976026539725E-004  0.50000000000000000              974   8.5794983066818209E-002           0
         287         288   8.8414603939471620E-002   4.2704642040310346E-002  -5.8515194294090581E-004  0.98093659039144399        118941.02246670357        24.046383900145148        3.0003974095218697       0.61527824762193073                0           0   39551.663169548527        1.4603779329379048E-004  0.50000000000000000              990  0.21407439461488761                0
         291         292  0.10251315781699964        2.9651563345757474E-002  -1.1831110334550475E-003  0.98075559013170377        29765.556837160901        9.5746088155111213        9.2377113254882293       0.59188100949672551                0           0   158045.59892431262        5.8142920318824777E-005   6.2500000000000000E-002         994  0.24135152007782817                0
         303         304  0.77980953382043972       0.33783563817501155       -5.2382472905160467E-002  0.97671789874474535        28033.625192942258        18.742492285908785        5.9255083200590768       0.63513817321240684                0           0   167809.73653129677        1.1358394461059082E-004  0.50000000000000000             1006  0.23041688379742656                0
         311         312  0.16827131513595273       0.11782564957455051       -9.1314488263872420E-003  0.97485864189666582        15717.300866973132        8.0915100549741776        14.439226750595202       0.17805005731629123                0           0   299308.08714936365        4.8990345746074786E-005  0.50000000000000000             1014 -0.14226299414465526                0
         321         322  0.12252965187021556        4.0765808550071510E-002  -1.0952504619379879E-003  0.97557453106160041        63331.226025514967        16.995860241612995        16.642263513703174       0.45310842705508036                0           0   74281.133539866772        1.0293936416602254E-004  0.50000000000000000             1024  0.78507872287004643                0
         323         324  0.13577855073708561        2.1714876777924844E-002  -1.0672784058174505E-003  0.97737634574565457        30402.145619620234        10.295090097572151        12.026079028507882       0.60157478572542267                0           0   154736.29119810546        6.2411468000077191E-005  0.50000000000000000             1026  0.38851923796536303                0
         337         338  0.14234346256931027        4.8688670540606271E-002  -2.7220309402593351E-003  0.98436219341894415        24424.438780536861        9.4883723855236379        16.297599301340028       0.46679794800308955                0           0   192606.89262565569        5.7724153992768256E-005  0.50000000000000000             1040   1.5594128543963142                0
         357         358   7.9717634398698847E-002   3.5168480550120958E-002  -1.1543449013877967E-003  0.99034897964864510        29342.295402160125        9.0508997532508531        13.603223931138890       0.51001489814895284                0           0   160325.40035359471        5.5228836842580753E-005  0.50000000000000000             1060  0.89618366905754709                0
         363         364   8.0030474895858961E-002   2.5241398542184282E-002  -3.2505135387658957E-004  0.96900162088983910        125469.53716214608        23.159872534501439        9.9308191209939363       0.68408394954842189                0           0   37493.684634903126        1.3980643129274424E-004  0.50000000000000000             1066  0.47865874110214091                0
         371         372   9.0756420354949963E-002   8.9399293653254358E-002  -1.4941626717007766E-003  0.97790038526241019        78336.750524128642        20.236383406048532        7.9021323320393941       0.39804690220913680                0           0   60052.468683849453        1.2271064128272370E-004  0.50000000000000000             1074  0.20533831527193108                0
         383         384   9.3433970454860987E-002   6.5975786712685114E-002  -2.9999592269293533E-003  0.97176827062077331        19385.313257799193        7.6576121486429507        12.507131446520773       0.52230726854094978                0           0   242674.19334851863        4.6290742961604388E-005  0.50000000000000000             1086  0.51621206577502621                0
         395         396  0.10118924464727580        7.2387835402996439E-002  -4.0679476328368365E-003  0.98184110250843104        15239.121285685993        6.7103307468978812        7.4067000563305339       0.47349039814526178                0           0   308699.90266850201        4.0771591993552411E-005  0.50000000000000000             1098   5.8009962720978192E-002           0
         401         402  0.11008182267075275        8.1520559788653676E-002  -2.1754919003101718E-003  0.98946501741247106        50292.904508829961        15.372504553420699        9.4580354393872845       0.47222056252121081                0           0   93538.349069078395        9.3761781152373525E-005  0.50000000000000000             1104  0.16331780072996216                0
         219         220   5.9461379470541447        2.5291364086335988      -0.75299076982192070       0.98221912150944157        80559.862777643633        74.428097414589246        9.4259715367616739       0.25129708502756742                0           0   58395.273967004177        4.5230718866207646E-004  0.25000000000000000              922  0.17439477043638546                0
         159         160  0.52009082554844766       0.13749382338007102       -6.8562166579241961E-003  0.98252657550525302        109146.58921206869        38.868446659729038        4.8538176098449233       0.56824769281532916                0           0   43100.891119047374        2.3624417772278330E-004  0.25000000000000000              862  0.22725521494404755                0
           1           2   2.0244841138268650       0.61000484406818434       -7.0741485713423660E-002  0.98738152934187551        118081.33591071346        65.056817812538299        14.019032844143860       0.46219618405928764                0           0   39839.617509086311        3.9638661146352313E-004  0.25000000000000000              704  0.10268081026502862                0
         283         284  0.18094602805437388        8.1870494517192083E-002  -1.6064068193646895E-003  0.97697797871714775        143540.44546752289        34.366892541613126        5.2214082334114122       0.30378057646367818                0           0   32773.447527785116        2.0829891525217590E-004  0.25000000000000000              986  -4.4174867471686821E-002           0
         185         186  0.24628085064239766        6.9358336926096664E-002  -1.8551080494142963E-003  0.99057546901522908        130681.44545928008        34.314639623851313        10.224377123983507       0.56618808498964102                0           0   35998.341165507023        2.0941269287605858E-004  0.25000000000000000              888  0.25152700083867441                0
         191         192  0.17819880543248182        5.0730547014061628E-002  -8.9966543292994278E-004  0.98450778698896024        174927.64032278312        37.446621017460309        15.820406706405443       0.61884598814384373                0           0   26892.921261409472        2.2782970840593575E-004  0.25000000000000000              894  0.50378218300005118                0
          71          72  0.16939743337267674        2.6319217633798585E-002  -4.7647967898261517E-004  0.96976219828091648        170003.73667627125        34.870225322542275        10.035996287496662       0.26564429365822373                0           0   27671.834452691655        1.5082883319385277E-004  0.25000000000000000              774 -0.14211297187817470                0
          53          54  0.10539273585624893        8.3691576402142989E-002  -9.4861616487088496E-004  0.98840746126056767        171334.30925667207        34.651436372167325        12.289203239843278       0.30508864095455085                0           0   27456.936547351612        2.1096666920612941E-004  0.25000000000000000              756 -0.17089759738535407                0
         245         246  0.10614450888457336        7.9534736728126665E-002  -8.8338078697462622E-004  0.97533507163214717        180155.36208468804        35.614411017835778        12.356878660182561       0.22968468356052318                0           0   26112.546433302068        2.1568078356416255E-004  0.25000000000000000              948  0.14735365106789997                0
         331         332  0.12214104311112879        9.8521910482032543E-002  -1.1537755047203683E-003  0.97154055198387024        188414.45473505274        38.868024797675822        13.588838958487109       0.29883448431526372                0           0   24967.910579153504        2.3493249830021899E-004  0.25000000000000000             1034   2.9054817642992482E-002           0
         203         204  0.10958957416913398        5.6611292613942377E-002  -6.2817234305771752E-004  0.98494187057407623        200051.97130642890        36.805509599966030        13.042622053198622       0.17014189815711395                0           0   23515.465640870621        1.6988547057778460E-004  0.25000000000000000              906 -0.19229771825118430                0
          21          22  0.17137201111473407        1.8580527211685235E-002  -2.8964617018065918E-004  0.97725619083110171        219756.57682243298        40.968444197440832        7.7728284652088524       0.25075721983357036                0           0   21406.937283364805        1.8343950172520064E-004  0.25000000000000000              724   9.7884784606248595E-002           0
         369         370  0.35577330781196675       0.28758888866695975       -6.5923629871082615E-003  0.96841922705639494        200307.85819162280        57.839387851881206        17.374962925359661       0.47417147598588610                0           0   23485.425385280789        3.4904883910831302E-004  0.25000000000000000             1072   1.6865835136025065                0
          77          78   9.3430964505624117E-002   2.0354482771848002E-002  -1.6334883162896549E-004  0.97425183352183942        309441.22681298596        43.386459025179242        13.698100991645598       0.51552578022632545                0           0   15202.613129787858        1.8457846561722538E-004  0.25000000000000000              780  0.92494096654138480                0
         315         316  0.30834333591613694       0.21242803698149326       -3.5544000840579989E-003  0.96932722246065328        288048.63087816222        68.675120176768687        10.090807929293488       0.37403313630648910                0           0   16331.670257563481        4.1463143421502049E-004  0.25000000000000000             1018  0.22639608008739043                0
          89          90  0.20842321107894346       0.10223825271363279       -1.3435582502014560E-003  0.98702482580270168        297769.38109927031        59.104743533761280        7.4277460994761801       0.77568314659225091                0           0   15798.519109916271        3.6005640583131949E-004  0.25000000000000000              792  0.42966445572692608                0
         155         156  0.50373356431637750       0.18870347651975347       -4.6345267489272665E-003  0.98128177235206437        293320.33962033020        76.435433608783669        11.437414452650417       0.67391422807433854                0           0   16038.148816184937        4.6428632181207922E-004  0.25000000000000000              858  0.41863485957327884                0
         187         188  0.16652052450678573        4.4390738220572948E-002  -5.1200105471243477E-004  0.98740860044556455        313872.49940009229        53.803263366689940        7.0919660755431639       0.68027345179065735                0           0   14987.981637882163        1.5401396217716847E-004  0.25000000000000000              890  0.30842518699199828                0
         255         256   8.3811449474318997E-002   3.0344259974373743E-002  -1.9498774621546684E-004  0.99476358635673934        366335.73421504453        48.606227887337262        11.291285682919421       0.47139636573637728                0           0   12841.540746017587        1.7373772739312873E-004  0.25000000000000000              958  0.28395385330910416                0
          93          94   8.5361728603296438E-002   7.1347741082274679E-002  -4.1080252103106030E-004  0.97812880800934654        378910.90214675880        55.249666982163497        13.029482275517537       0.37994698862014270                0           0   12415.359998859836        1.7179347800011020E-004  0.25000000000000000              796  0.39379632076418225                0
          95         546  0.62290701776509083       0.52092362269304604       -3.7742803011855176E-003  0.93633975241809830        1958542.7425103770        320.39258875387333        10.476236041999464       0.50653600613367833                0           0   2401.9466900247326        1.8294038209461286E-003   6.1371428006447434E-004         798  0.37154138064287778                0
          67          68  0.52597586808430075       0.46375414949012228       -9.5351984985231255E-003  0.98266064699714351        341740.68956755206        95.332992401100725        16.813643352758131       0.39562313742203398                0           0   13765.745201713413        5.7947742737167690E-004  0.25000000000000000              770  0.11796848456987730                0
         213         214   8.6717284611907239E-002   1.7710005955573944E-002  -1.1427078035879827E-004  0.98213695314694749        400632.33674856107        50.085097135765906        8.0836037440334856       0.36367559323877507                0           0   11742.225542311169        1.5552041722878169E-004  0.25000000000000000              916  0.17891221952212666                0
         313         314  0.11479116130453372        5.7685466757393881E-002  -3.9453446450446250E-004  0.99253727403468150        435049.79924732697        62.547398305763593        4.7830306816020105       0.38758900531830021                0           0   10813.279918261374        1.7042172232509015E-004  0.25000000000000000             1016   9.1877855630484270E-002           0
         365         366  0.29906545429998188       0.27572229150032296       -3.4223050706489746E-003  0.97703614846779008        409915.73603235272        89.792227251814452        13.529715711619300       0.29071118235136489                0           0   11476.298283102440        5.4424978456707430E-004  0.25000000000000000             1068 -0.23220349630812656                0
         201         202  0.41909726131645580       0.36316033186407948       -5.4401348907038797E-003  0.97784193266974673        439642.50440806977        104.26124217537117        13.275476966180628       0.39173247011044154                0           0   10700.319487940789        6.3220712582260643E-004  0.25000000000000000              904   4.8272044477013165E-002           0
         171         172  0.11855449161888632       0.10910379859810015       -6.3808363105355751E-004  0.99690688946593098        502629.43037454027        75.543937317710842        2.9367457116107931       0.23033590584128769                0           0   9359.4106778413025        1.6222029374787257E-004  0.25000000000000000              874  -8.2168190656378884E-002           0
         347         348  0.19457293008789711        9.8264029982305379E-002  -8.4213227326918961E-004  0.97623178622328566        525292.62380639045        84.608893442837001        5.8122668136865192       0.43719486476887076                0           0   8955.6088253366652        5.1262384884362530E-004   6.2500000000000000E-002        1050  0.17561244108757054                0
         343         344   9.9716206803828866E-002   3.9838043689421537E-002  -1.9541286924161294E-004  0.98547806040898511        644708.77578794607        75.758248904357316        17.435050662300647       0.65504131406499000                0           0   7296.8066114739531        4.6110969753691106E-004  0.25000000000000000             1046   1.8203115496998734                0
          55          56   8.3915877860446200E-002   1.7498204653530233E-002  -7.7740196882517218E-005  0.96898154446861051        677342.13462491788        70.390059717499767        13.555343030650100       0.14902474494109383                0           0   6945.2570823012566        1.8325936041652929E-004  0.25000000000000000              758 -0.19789796422373501                0
          99         100  0.11123848720615616        3.9011678252708890E-002  -1.9764343022701515E-004  0.98119635498491209        697449.45099556562        81.825121918085514        10.478935286876386       0.54325528920662447                0           0   6745.0268272914218        1.9609050585244134E-004  0.25000000000000000              802  0.14273390302221661                0
         391         392  0.13558686976987694        5.7578981684498085E-002  -2.5446740011902898E-004  0.98428057182237338        1015963.8259505472        114.33226250480101        12.702673471935002       0.36828975502768457                0           0   4630.3964151906221        1.9855493643177781E-004  0.25000000000000000             1094  0.14408530863070337                0
         385         386  0.12648191059682606        5.9749107023494945E-002  -2.5030111744847215E-004  0.99192399726360403        1010156.8010307509        112.51654391747591        14.108981324901242       0.28176888788536941                0           0   4657.0148840700185        1.9971473045980897E-004  0.25000000000000000             1088  -1.0819498664703026E-002           0
          41          42  0.11122608390456809        8.6847116325004775E-002  -3.0034655602715249E-004  0.97689552612968544        1076875.4069236529        119.85571002551679        3.5252000912047072       0.81618847989868848                0           0   4368.4861102769009        1.9934720720389158E-004  0.25000000000000000              744  0.51186879897651627                0
         345         346  0.55774375829353751       0.47607345656862060       -4.7923803546830179E-003  0.97923176074338625        1065819.0059203701        206.47940675782556        2.2751675652597032       0.23715280163921140                0           0   4413.8031237137029        1.2529054742208931E-003  0.50000000000000000             1048  -3.1214237074556929E-002           0
          73          74  0.94128231410560004       0.69908498357263338       -1.0547991353088345E-002  0.98595090542721642        1010924.7705775029        232.48741209934116        13.541658830139193       0.47184125220497652                0           0   4653.4770880699325        1.4155097427745917E-003  0.25000000000000000              776  0.32392216199314217                0
         285         286   8.9462339041284894E-002   4.2834040765278178E-002  -1.2838168338598593E-004  0.97556116315563901        1178106.6063545495        111.23605151706303        8.6219866564850332       0.65052292603959383                0           0   3993.1150816660524        1.4410236536712358E-004  0.25000000000000000              988  0.21710614206451281                0
         293         294  0.55382231722128972       0.12326253909399966       -1.3046202120956597E-003  0.97555013427591697        1208714.8768618368        195.00098063437505        13.171818816003393       0.46131217227173554                0           0   3891.9974823661364        1.1809822740092247E-003  0.25000000000000000              996  0.99369670361990581                0
         123         124  0.67985937278035102       0.12376754478802159       -1.4259437356367586E-003  0.97763450747397851        1328700.8239903566        219.90890269502705        10.123834329838457       0.52853522473738157                0           0   3540.5376234484115        1.3330674591925293E-003  0.25000000000000000              826  0.34856267456264434                0
           7           8  0.10772050310063933        1.1526931384030817E-002  -3.7943697728780554E-005  0.99082248886431246        1424470.1409572540        121.95279694780302        9.1366129517554846       0.43219363904836139                0           0   3302.5018372680170        1.6260639909577266E-004  0.25000000000000000              710  -2.5249536989024254E-002           0
         355         356  0.32294731613854971       0.22153041596011064       -1.4146791448691402E-003  0.98835597978780254        1280677.5733209376        188.46314208734015        6.8570922049320373       0.41349827272545553                0           0   3673.3018174480535        1.1488556879049804E-003  0.25000000000000000             1058   6.7185146689888259E-002           0
         117         118  0.40216802461087314       0.11268199431891886       -9.3948131643061938E-004  0.97690707695788359        1226845.1060164988        179.76007936485891        14.968385802393701       0.55223030376232085                0           0   3834.4818221751120        1.0894929361876689E-003  0.25000000000000000              820  0.95918622036039869                0
          85          86   8.0567479673496034E-002   7.0359839832317903E-002  -1.6540594186675728E-004  0.98642166572395873        1357017.8794508749        127.71821781941760        6.7497513233775148       0.29721220710358576                0           0   3466.6567986181526        1.9401392259058692E-004  0.25000000000000000              788  -7.2681324405477060E-002           0
          47          48   9.8900608463481726E-002   3.1153535981132970E-002  -9.0443949087021743E-005  0.96929450295796848        1448762.9164048610        126.95392421516813        15.912682915955353       0.82001048368782259                0           0   3247.1256714098058        1.9207619232510233E-004  0.25000000000000000              750  0.40677073939396347                0
         387         388  0.11696728908539532        8.3148869844046139E-002  -2.2937129390460391E-004  0.98798690246835230        1621812.7696178539        158.01599376225198        7.8265251555921527       0.43943270448385940                0           0   2900.6524956350145        9.3058607171046717E-004   7.8453193190282879E-005        1090  0.18733595528692570                0
         103         104   9.4240900685283069E-002   8.1646476448274677E-002  -1.9581474411928143E-004  0.97430932578693863        1543295.6101144454        146.43699954217337        6.4668888734923131       0.16310056498021946                0           0   3048.2269416265021        8.8618227905427590E-004  0.25000000000000000              806  -4.4030175748572112E-002           0
         215         216   9.9764396033006283E-002   5.7531129034738331E-002  -1.3467170227244636E-004  0.99202500142069505        1843377.2888768672        158.82594977762659        17.558091861404158       0.27860503961276895                0           0   2552.0089056272404        1.9606910170443681E-004  0.25000000000000000              918 -0.28026367184138729                0
          65          66   8.1196656538748205E-002   3.2700733033609646E-002  -6.2627861262289943E-005  0.98184767372588766        2149336.5504112290        157.99647215383459        10.382135313429439       0.55415172879632235                0           0   2188.7290088398181        1.9363885980735446E-004  0.25000000000000000              768  0.14603767751075958                0
          15          16  0.12041882448822794        4.7134796559794988E-002  -1.1370748620294229E-004  0.97825164521118502        2263928.7909641471        186.02285177799217        12.156701454836160       0.57160330564067130                0           0   2077.9431210119114        1.1281688166013199E-003  0.25000000000000000              718  0.22036020597201220                0
         243         244  0.10897784068549871        6.2870305948584129E-002  -1.2688985103554134E-004  0.99345305026723485        2514966.0648626112        201.22235189126619        11.721349571938251       0.34525785514574298                0           0   1870.5283237695505        1.2297376519750148E-003  0.25000000000000000              946   8.9714851035651549E-002           0
          37          38  0.10983277472157330        9.0349772612143470E-002  -1.6313461273031012E-004  0.98167519740275366        2786284.6185355540        226.68993556755197        15.974002222223090       0.58307501141241946                0           0   1688.3828831949368        1.3772225981147541E-003  0.25000000000000000              740  -8.2952566829968655E-002           0
         403         404  0.17519688796893346        3.8994197612049461E-002  -1.0593122313136954E-004  0.98389820519476368        2940506.3122230764        240.33760272013785        13.348297038516408       0.46593377295999022                0           0   1599.8317154055740        1.3432097745064075E-003   7.2989904717076089E-004        1106  0.13027571686677739                0
         127         128  0.41687934908818136       0.27898104023835063       -1.0601324713850049E-003  0.99434194081511351        3619474.9262651657        408.83142482301037        11.672901341911123       0.23672663546991590                0           0   1299.7231237899509        2.4997052625840904E-003  0.25000000000000000              830   2.8451415556188145E-002           0
         217         218   8.1228311512873880E-002   6.5270211912634449E-002  -8.4864059256294254E-005  0.97696892315676265        3390006.8490829859        232.81876606981328        15.149569803001045       0.77952811377255027                0           0   1387.7008121435813        1.4110585494170628E-003  0.25000000000000000              920  0.28213255462125081                0
         175         176   8.2952047495663137E-002   3.6571247402372269E-002  -5.1727482187181149E-005  0.99014099861795257        3413589.2842137436        218.55708026040728        15.438252903533005       0.57769147116485653                0           0   1378.1140219182269        5.8483234228400450E-004   1.2631047943188500E-003         878   3.9839061248545804E-002           0
         143         144  0.25022565110097550       0.15769561095085233       -3.9893226177458845E-004  0.97378367469115990        4047244.7606835263        368.61381757316616        8.2271637747408857       0.62630082517500096                0           0   1162.3500766111972        2.2305190603367172E-003  0.25000000000000000              846  0.20727086659580327                0
          61          62  0.16574606629006447        5.1105325148539382E-002  -1.0680914848388477E-004  0.98146224652464376        3985102.7316611102        295.54272204541036        9.2191247619879384       0.42599528599658026                0           0   1180.4752786595950        1.7952874583487142E-003  0.25000000000000000              764  0.31623481619382987                0
          29          30   9.2064989403419284E-002   3.8673592252436655E-002  -4.8326417632826574E-005  0.98790084533106615        4595724.3541263249        274.56410217347485        5.9122885781699202       0.79008119777105179                0           0   1023.6286807368981        1.6733196375634911E-003  0.25000000000000000              732  0.46456685898733308                0
         237         238  0.17519413512811899        4.8620481183886892E-002  -9.6133046925272949E-005  0.99516489023133436        4632593.2409340926        330.20636827131904        17.593715510350201       0.55880446630590197                0           0   1015.4820449326151        1.9984115928462558E-004  0.25000000000000000              940  0.71365590120937683                0
         147         148  0.31456825641218544       0.25964081492902225       -6.6243600918377415E-004  0.98456015427272825        4747337.3481747657        459.47645601886813        15.595748507089176       0.45803576011016661                0           0   990.93763780099937        1.9668248657376449E-004  0.25000000000000000              850  0.11994568253422391                0
         399         400  0.17014458503807270        6.6018282057290864E-002  -2.6982696083591382E-005  0.99085494024701926        45926033.248125821        1551.3734155532018        10.443973372862519       0.23566520758473025                0           0   102.43243156291405        8.7910395922391332E-003   5.3966742737870988E-005        1102 -0.15294675476151051                0
         281         282   8.0478030877779258E-002   1.6466831233086777E-002  -1.7957729448695133E-005  0.98262760157050544        5350085.9354368094        275.01430721763211        14.418409064671893       0.52821399767019406                0           0   879.29713922635858        1.6674961862274938E-003   2.3491514182685689E-003         984  0.45081717595583370                0
          45          46   8.6894120985331738E-002   8.6164685909330241E-002  -8.2040856412477007E-005  0.98387083180607882        5506893.1944410549        340.10174038637848        9.4587115510657505       0.60602946823159054                0           0   854.25939664011355        2.0685513436049150E-003  0.25000000000000000              748  0.51236466827098137                0
         161         162   9.3309048906446132E-002   9.2827486138433946E-002  -9.1370228768091169E-005  0.98808895387479334        5621430.8920786455        353.27668457737769        7.7335686043753125       0.50722733681792631                0           0   836.85370290218771        1.7555524944874578E-003   8.9089611355192715E-004         864  0.15880889958716252                0
         309         310  0.10545420084030525        5.3264404142991120E-002  -5.7855495593977865E-005  0.98363597107776712        6309425.5400360068        361.80592593708820        13.725579779951749       0.52545303555952849                0           0   745.60120058377254        2.2003001492994592E-003  0.25000000000000000             1012  -2.5302048172779923E-002           0
         189         190  0.11107991559331475        5.1209466390144058E-002  -5.9401457297079668E-005  0.98671314114777653        6112335.9088638304        356.86834591407722        18.291837936596920       0.14544216012626898                0           0   769.64278923590894        2.1736268209196817E-003  0.25000000000000000              892 -0.14508112831927922                0
         289         290  0.10428359770713377        2.3242149003040714E-002  -2.7029343809578963E-005  0.98098602075035035        6248207.8392892098        334.17666476782580        14.717322827763768       0.16432192364229020                0           0   752.90633388724166        8.1116113029471981E-004   7.2455508113748388E-004         992  -5.9716758509232491E-002           0
         115         116   9.5073144526220191E-002   4.6025486525321645E-002  -4.6726263478262970E-005  0.98361077625756288        6339435.9430684811        348.99124241529205        10.850401441171410       0.44635246308730792                0           0   742.07158174513086        2.1223306805025111E-003  0.25000000000000000              818  0.19402724797938786                0
         223         224  0.13901763968801717        6.0776114313866474E-002  -7.7058628764778111E-005  0.98944478699285610        6749173.9483772730        408.60238783311371        8.1116878860936499       0.39295712894130314                0           0   697.02089376075969        8.9709221557857902E-004   6.0495967569902448E-004         926  0.15397356147823460                0
         299         300   9.2079428251349071E-002   8.2023039557947389E-002  -6.9096189281951350E-005  0.98687516319589474        7196698.8582193926        407.34624081382907        17.371684226570736       0.11953838761430807                0           0   653.67682465578457        1.5875509426230368E-003   8.6487482054999271E-004        1002 -0.35653364534410947                0
         199         200  0.11230093762090229        4.7925291740752780E-002  -4.9845320530023470E-005  0.98557578802919299        7365259.5215128316        402.38621163417127        12.872231904571494       0.25568953182589793                0           0   638.71683596540686        2.4494184751019071E-003  0.25000000000000000              902  0.84842355260707947                0
         373         374  0.15845034820673778       0.15233439132851201       -1.7085733802525132E-004  0.97952670766184580        7914539.8784614382        526.47391699982563        7.0755098006912807       0.45078010258863010                0           0   594.38897647695819        3.1882360163788884E-003   4.5931388496969999E-004        1076  0.13855481921946458                0
          69          70  0.10464422723177559       0.10349050793134676       -8.6377732787562200E-005  0.98042651398566583        8085705.8082159301        467.23280664956275        12.312240389572565       0.18062260741651659                0           0   581.80638391081243        2.8368343572848856E-003  0.25000000000000000              772 -0.15167868625832356                0
         267         268  0.11152016154947933        1.9237634443879208E-002  -2.0549656551682066E-005  0.97571171008760360        7751507.4328805367        389.06290574056527        4.6874358797006401       0.52447352608505160                0           0   606.89037563066529        1.9454707863016244E-003   1.0934740099406576E-003         970  0.14430634733384573                0
         183         184  0.10185732075756881        5.4219839429199369E-002  -4.3501555750575025E-005  0.97496420194861144        9514108.0913060438        473.11315359165525        16.719700796571260       0.32810065785108361                0           0   494.45678065645990        1.0375780977565873E-003   4.6147955082419121E-005         886   1.2681867175533883                0
         265         266   8.4095384718170976E-002   3.6296916915751078E-002  -2.5177903390734252E-005  0.98208138465743733        10108887.757374035        451.79526218527332        6.3950164843274040       0.45481946418622060                0           0   465.36427849969454        2.7133047776679740E-003   6.7676586996233369E-004         968  0.24318655710325421                0
         367         368  0.20322917187314732       0.17631903439505672       -1.9839549843927122E-004  0.98271068490749913        10352992.648875641        673.08942671749844        16.786347353973881       0.54895734740058455                0           0   454.39182825611908        3.2475305355365988E-003   2.1181805637802075E-004        1070   1.6152150721162828                0
         305         306   8.5255713978393793E-002   1.6586699482616780E-002  -1.1931200371230782E-005  0.97557216214542408        10624387.113807641        441.69112072417624        14.222411930858527       0.30625994470585199                0           0   442.78462439785847        2.6751951435917505E-003  0.25000000000000000             1008  0.11439521548967096                0
         325         326  0.14296285691723640        1.8018411898666035E-002  -1.7591034512000332E-005  0.98525910189351285        11605238.715074902        545.71725305743564        6.1162700953600471       0.34152620181839055                0           0   405.36135215676182        1.9976652747874619E-004  0.12500000000000000             1028   2.7389470237896150E-002           0
         119         120  0.12744757891135747        8.2887871857059842E-002  -6.3848789170769046E-005  0.98269985033698937        12193204.574003790        616.57973866081329        6.3089814204790953       0.27776260613460552                0           0   385.81451078697370        3.7479255214838184E-003  0.25000000000000000              822   2.6246430263304033E-002           0
         133         134  0.13034205300579016        4.8697333779162973E-002  -3.8326983362838775E-005  0.98105828721515220        13234958.755485231        617.16947660704022        9.5480869611517658       0.40845524066880190                0           0   355.44615926325105        7.5713576857391115E-004   2.9349295409685237E-004         836  0.23974323840018857                0
          17          18   8.8310858010865509E-002   3.6165089814597706E-002  -2.2321003472730643E-005  0.98140412768925933        12747100.610456508        533.22349031307033        9.9435005515881691       0.37349938796471427                0           0   369.04982563531280        3.2391129273980847E-003  0.25000000000000000              720  -4.7302668748595900E-002           0
         275         276  0.13196141201412448        6.9014568623332620E-002  -4.7733901130035498E-005  0.97882859920048004        15446793.978433965        711.01725203792068        12.344597204118937       0.40753876209606632                0           0   304.54962137856506        3.5137176591019644E-003   5.9855390305335761E-004         978  0.41846076479262240                0
         221         222  0.10685030920939192        6.9974509155263417E-002  -3.1625687345284147E-005  0.98403202511721499        22714915.454413500        881.03874369945788        11.479947866508455       0.17185647766748932                0           0   207.10247709641888        4.0741823024254241E-003   4.2800106533863515E-005         924 -0.22843824140953323                0
         157         158  0.17882018552997023        8.7937108552675433E-002  -4.2075740188533166E-005  0.98508714587179758        36757546.380955301        1392.7600276556116        7.3328900352380035       0.37320559346476817                0           0   127.98229808075948        8.3885800769559812E-003   4.0213672656608333E-004         860   2.4647739184666461E-002           0
         145         146  0.11284151051838727        7.1741434973604884E-002  -2.4259747461004345E-005  0.99377267337296049        37282279.214240305        1243.5750801584927        13.191881425956041       0.40412610943162952                0           0   126.18099957386478        7.5559684205631890E-003   4.6205857524173001E-004         848  0.16490804872957285                0
         405         406   8.7236661288412828E-002   5.5735761705262711E-002  -1.4072219982536795E-005  0.99445045527554632        44632234.652881853        1287.6258805654079        14.938721784663779       0.59896311941341895                0           0   105.40174145954420        7.8733128566099032E-003  0.50000000000000000             1108   1.3786361436850814                0
          51          52  0.11606384615255892        9.5064690585184505E-002  -1.2276068164032261E-004  0.98212180817792027        4872828.4128249101        334.94711548201320        2.1395992777138586       0.44161950924310606                0           0   965.41779416311203        1.5837615204067669E-003   2.4571741599776267E-005         754   4.7907871054493907E-002           0
