 1011071   1   373 116   0      1.1   7.73   4.63  6.059     0.0  -0.2148   0.0000
  -1.117597   0.000000   0.245550   0.096985  -0.663599   0.060150   0.000000   0.000000   0.000000   0.000000
   0.00000   0.00000   0.13282   0.02868   0.00000  -1.11760   0.00000   0.00000  -0.87205   0.66276   0.19107   0.00000   0.00000
 NAME(I1)    NAME(I2)    M1[M*]                    M2[M*]                    EB[NB]                    ECC                       P[Days]                   SEMI[AU]                  RI[PC]                    VI[km/s]                  K*(I1)      K*(I2)      ZN[NB]                    RP[NB]                    STEP(I1)[NB]              NAME(ICM)                 ECM[NB]                   K*(ICM)      
           3           4   8.7970317491499028E-002   4.9196061553816367E-002  -9.2897646351125171E-004  0.98018963898304645        71340.815372945974        17.361255191394889        5.7309935886235106       0.18351933455303213                0           0   65941.428242054317        1.0539810829294615E-004  0.50000000000000000              706   6.7509254704969088E-002           0
          59          60  0.52934127945164156       0.11516011942956719       -3.1001072744619322E-002  0.99635260950274573        9025.0375450904266        7.3279160146024838        13.746578620537296       0.86914520739641377                0           0   521251.59969045070        4.4850020571511419E-005  0.50000000000000000              762   1.3854669905831858                0
          63          64  0.11284127030153632        5.3401276685359052E-002  -1.4468849236327175E-003  0.97984293960292113        54774.265105649982        15.520472950299069        11.573269512902266       0.36833792039661833                0           0   85885.502043175962        9.4206442072616631E-005  0.25000000000000000              766  0.19071863821011781                0
          83          84  0.10272953417562042        4.1373672231505683E-002  -1.2819188696754095E-003  0.97370419826673227        41789.837138321200        12.356008093958177        15.138205179925501       0.38543555598366702                0           0   112570.79662870750        7.4766174595093939E-005  0.50000000000000000              786  0.30851702895979072                0
         131         132   8.4797441590329786E-002   6.4637458177469395E-002  -7.7121942017657882E-004  0.98912831439601701        128788.41655396212        26.485513546867381        8.1992809900941328       0.44315628060485129                0           0   36527.471829531067        1.6151620773559698E-004   3.1250000000000000E-002         834  0.10084811155357890                0
         137         138  0.13717930409073115       0.13193897190263901       -4.0334545728335997E-003  0.97817964388784162        48147.574536657077        16.722602131164937        8.0810537626020604       0.24916618329752857                0           0   97706.173216745112        1.0141787278782275E-004  0.50000000000000000              840  0.59669418686440612                0
         167         168  0.11739175763496201        6.6852661947444644E-002  -1.3371095085191684E-003  0.97921691183512483        87047.450602289726        21.873015901955345        12.408524713148385       0.69246198432782469                0           0   54043.113555826756        1.3272323952673876E-004  0.50000000000000000              870  0.41184641139395017                0
         177         178  0.17518944591650459       0.15841447355487015       -4.8844045916293037E-002  0.97081544669269548        1948.4551180766894        2.1174370246531056        2.3389320772936899       0.79729561284017758                0           0   2414382.1502485364        1.2793853451865820E-005  0.25000000000000000              880  0.48027482959137541                0
         181         182  0.16494482085752635        4.8117280213717237E-002  -2.2342341753636167E-003  0.98308070947828008        38113.841390388654        13.238244572811659        4.6270005387944764       0.32837355999798540                0           0   123428.00111539195        8.0485139620415977E-005  0.50000000000000000              884   3.2737057011745604E-002           0
         193         194  0.13607741833753259        1.4509867592654014E-002  -3.3139095177587647E-004  0.98026160729439438        98477.807758994706        22.203845682541278        13.880409740573771       0.74205937166330616                0           0   47770.308506030713        1.3480179630591914E-004  0.50000000000000000              896   1.0908726471151540                0
         195         196  0.23980714281985319       0.16746154432118399       -1.7866781603804005E-002  0.96643523058497638        13874.745800257982        8.3762612435180923        12.652163420871327        1.0079597621584027                0           0   339055.96004197007        5.0498069052990366E-005  0.50000000000000000              898  0.78701436637012945                0
         207         208   9.9440827635248155E-002   5.0100703362626467E-002  -8.7683211256005204E-003  0.98112175417415370        2910.2243960466299        2.1174416066239212        1.5124065761187755       0.73792724039555624                0           0   1616478.5313583727        1.2860786271453537E-005  0.25000000000000000              910  0.45290343287082829                0
         225         226  0.11258739991983015        4.7810171057872303E-002  -9.4939383745014589E-004  0.98185672257896206        88575.957032427817        21.129198100363176        14.040598722566987       0.67597781774027832                0           0   53110.521356517827        1.2838083044770557E-004  0.50000000000000000              928   1.0232960877992474                0
         235         236   9.9158490776633662E-002   3.5661683213779022E-002  -5.1301121046354124E-003  0.96614283730650707        4095.4263718306088        2.5687641194955386        4.8480567533576568       0.30547142283810791                0           0   1148675.3345151674        1.5484037106406675E-005  0.50000000000000000              938   8.2825449581840044E-002           0
         249         250   8.3325272192247987E-002   6.4931060179189190E-002  -5.9417119074347373E-003  0.97581540753508467        5929.7866670524481        3.3934150410168407        14.664851054152615       0.45338769559028669                0           0   793336.34104971308        2.0555510157367267E-005  0.50000000000000000              952   1.2419392171418362                0
         271         272  0.13618545113931463       0.10282415591629936       -1.7643068358636144E-003  0.98806680624688603        120181.93023047518        29.578155387187675        5.4419831141446080       0.49416830956903607                0           0   39143.282593508091        1.8027976026539725E-004  0.50000000000000000              974   9.2213662591335510E-002           0
         287         288   8.8414603939471620E-002   4.2704642040310346E-002  -5.8515194294090581E-004  0.98093659039144399        118941.02246670357        24.046383900145148        3.7209125373489988       0.60095669898225057                0           0   39551.663169548527        1.4603779329379048E-004  0.50000000000000000              990  0.19802187287641002                0
         291         292  0.10251315781699964        2.9651563345757474E-002  -1.1831110334550475E-003  0.98075559013170377        29765.556837160901        9.5746088155111213        9.7318656308418703       0.58831026522993990                0           0   158045.59892431262        5.8142920318824777E-005   3.1250000000000000E-002         994  0.23396527347958007                0
         303         304  0.77980953382043972       0.33783563817501155       -5.2382472905160467E-002  0.97671789874474535        28033.625192942258        18.742492285908785        6.9340817716609404       0.63575222882018767                0           0   167809.73653129677        1.1358394461059082E-004  0.50000000000000000             1006  0.23383162058561638                0
         311         312  0.16827131513595273       0.11782564957455051       -9.1314488263872420E-003  0.97485864189666582        15717.300866973132        8.0915100549741776        14.234556526309792       0.16671825632166512                0           0   299308.08714936365        4.8990345746074786E-005  0.50000000000000000             1014 -0.12834260497574673                0
         321         322  0.12252965187021556        4.0765808550071510E-002  -1.0952504619379879E-003  0.97557453106160041        63331.226025514967        16.995860241612995        15.679076758626566       0.42835092288418131                0           0   74281.133539866772        1.0293936416602254E-004  0.50000000000000000             1024  0.71934478839190907                0
         323         324  0.13577855073708561        2.1714876777924844E-002  -1.0672784058174505E-003  0.97737634574565457        30402.145619620234        10.295090097572151        12.420805308883125       0.64049414388882120                0           0   154736.29119810546        6.2411468000077191E-005  0.50000000000000000             1026  0.36441712241255025                0
         337         338  0.14234346256931027        4.8688670540606271E-002  -2.7220309402593351E-003  0.98436219341894415        24424.438780536861        9.4883723855236379        13.055038313757356       0.42034603961417227                0           0   192606.89262565569        5.7724153992768256E-005  0.50000000000000000             1040   1.4565172242765549                0
         363         364   8.0030474895858961E-002   2.5241398542184282E-002  -3.2505135387658957E-004  0.96900162088983910        125469.53716214608        23.159872534501439        13.046257303961909       0.70175917327930371                0           0   37493.684634903126        1.3980643129274424E-004  0.50000000000000000             1066  0.54594169011033666                0
         371         372   9.0756420354949963E-002   8.9399293653254358E-002  -1.4941626717007766E-003  0.97790038526241019        78336.750524128642        20.236383406048532        10.856781664979625       0.44213572546613655                0           0   60052.468683849453        1.2271064128272370E-004  0.50000000000000000             1074  0.26715440469258028                0
         383         384   9.3433970454860987E-002   6.5975786712685114E-002  -2.9999592269293533E-003  0.97176827062077331        19385.313257799193        7.6576121486429507        11.801745051661522       0.49299661678882961                0           0   242674.19334851863        4.6290742961604388E-005  0.50000000000000000             1086  0.46760620773519862                0
         395         396  0.10118924464727580        7.2387835402996439E-002  -4.0679476328368365E-003  0.98184110250843104        15239.121285685993        6.7103307468978812        9.2416115214853978       0.49095477036809376                0           0   308699.90266850201        4.0771591993552411E-005  0.50000000000000000             1098   6.2949014299554934E-002           0
         401         402  0.11008182267075275        8.1520559788653676E-002  -2.1754919003101718E-003  0.98946501741247106        50292.904508829961        15.372504553420699        9.4077059614120273       0.44432996284114351                0           0   93538.349069078395        9.3761781152373525E-005  0.50000000000000000             1104  0.13644818693374594                0
         219         220   5.9461379470541447        2.5291364086335988      -0.75299076982192070       0.98221912150944157        80559.862777643633        74.428097414589246        8.3301607999140135       0.20728005084196904                0           0   58395.273967004177        4.5230718866207646E-004  0.50000000000000000              922  0.12571681198292123                0
         159         160  0.52009082554844766       0.13749382338007102       -6.8562166579241961E-003  0.98252657550525302        109146.58921206869        38.868446659729038        4.0660815051751493       0.57909733468574731                0           0   43100.891119047374        2.3624417772278330E-004  0.50000000000000000              862  0.19775122624458308                0
           1           2   2.0244841138268650       0.61000484406818434       -7.0741485713423660E-002  0.98738152934187551        118081.33591071346        65.056817812538299        14.201533357519729       0.47781986517595049                0           0   39839.617509086311        3.9638661146352313E-004  0.50000000000000000              704  0.12662624404818060                0
         283         284  0.18094602805437388        8.1870494517192083E-002  -1.6064068193646895E-003  0.97697797871714775        143540.44546752289        34.366892541613126        6.4458437267428197       0.29226948179080880                0           0   32773.447527785116        2.0829891525217590E-004  0.50000000000000000              986  -5.0092373990465754E-002           0
         185         186  0.24628085064239766        6.9358336926096664E-002  -1.8551080494142963E-003  0.99057546901522908        130681.44545928008        34.314639623851313        8.6421755316505653       0.54031142658844578                0           0   35998.341165507023        2.0941269287605858E-004  0.50000000000000000              888  0.21759124784111361                0
         191         192  0.17819880543248182        5.0730547014061628E-002  -8.9966543292994278E-004  0.98450778698896024        174927.64032278312        37.446621017460309        15.536988582778990       0.62344383858353536                0           0   26892.921261409472        2.2782970840593575E-004  0.25000000000000000              894  0.46990911510393640                0
          71          72  0.16939743337267674        2.6319217633798585E-002  -4.7647967898261517E-004  0.96976219828091648        170003.73667627125        34.870225322542275        9.9727255349207322       0.26801867934549234                0           0   27671.834452691655        1.5082883319385277E-004  0.25000000000000000              774 -0.11836020124525815                0
          53          54  0.10539273585624893        8.3691576402142989E-002  -9.4861616487088496E-004  0.98840746126056767        171334.30925667207        34.651436372167325        11.891597108784058       0.26869847461552959                0           0   27456.936547351612        2.1096666920612941E-004  0.50000000000000000              756 -0.16744072631592660                0
         245         246  0.10614450888457336        7.9534736728126665E-002  -8.8338078697462622E-004  0.97533507163214717        180155.36208468804        35.614411017835778        10.416071021509147       0.18819275844155725                0           0   26112.546433302068        2.1568078356416255E-004  0.50000000000000000              948  0.11075660304574961                0
         331         332  0.12214104311112879        9.8521910482032543E-002  -1.1537755047203683E-003  0.97154055198387024        188414.45473505274        38.868024797675822        14.911565270918516       0.29413085058457039                0           0   24967.910579153504        2.3493249830021899E-004  0.50000000000000000             1034   6.9020700942150445E-002           0
         203         204  0.10958957416913398        5.6611292613942377E-002  -6.2817234305771752E-004  0.98494187057407623        200051.97130642890        36.805509599966030        12.876108395089078       0.14854104896439396                0           0   23515.465640870621        1.6988547057778460E-004  0.50000000000000000              906 -0.16827303570546639                0
          21          22  0.17137201111473407        1.8580527211685235E-002  -2.8964617018065918E-004  0.97725619083110171        219756.57682243298        40.968444197440832        4.9648195234355033       0.24639282824914485                0           0   21406.937283364805        1.8343950172520064E-004  0.50000000000000000              724   6.6547625249426756E-002           0
         369         370  0.35577330781196675       0.28758888866695975       -6.5923629871082615E-003  0.96841922705639494        200307.85819162280        57.839387851881206        14.053528398025255       0.42302609167665051                0           0   23485.425385280789        3.4904883910831302E-004  0.50000000000000000             1072   1.5705860398597842                0
          77          78   9.3430964505624117E-002   2.0354482771848002E-002  -1.6334883162896549E-004  0.97425183352183942        309441.22681298596        43.386459025179242        11.738024759510434       0.54167982744271970                0           0   15202.613129787858        1.8457846561722538E-004  0.50000000000000000              780  0.84815600227777010                0
         315         316  0.30834333591613694       0.21242803698149326       -3.5544000840579989E-003  0.96932722246065328        288048.63087816222        68.675120176768687        9.0744170367075974       0.37850449650311696                0           0   16331.670257563481        4.1463143421502049E-004   1.5625000000000000E-002        1018  0.18693782406700235                0
          89          90  0.20842321107894346       0.10223825271363279       -1.3435582502014560E-003  0.98702482580270168        297769.38109927031        59.104743533761280        6.6925351837494391       0.75944890541742305                0           0   15798.519109916271        3.6005640583131949E-004  0.50000000000000000              792  0.40060861243622387                0
         155         156  0.50373356431637750       0.18870347651975347       -4.6345267489272665E-003  0.98128177235206437        293320.33962033020        76.435433608783669        12.616946169313923       0.70673087371814414                0           0   16038.148816184937        4.6428632181207922E-004  0.50000000000000000              858  0.45822382367422215                0
         187         188  0.16652052450678573        4.4390738220572948E-002  -5.1200105471243477E-004  0.98740860044556455        313872.49940009229        53.803263366689940        6.3526911322914215       0.66881322369855489                0           0   14987.981637882163        1.5401396217716847E-004  0.50000000000000000              890  0.29027401100119776                0
         255         256   8.3811449474318997E-002   3.0344259974373743E-002  -1.9498774621546684E-004  0.99476358635673934        366335.73421504453        48.606227887337262        10.835153235123681       0.46091316220061929                0           0   12841.540746017587        1.7373772739312873E-004  0.50000000000000000              958  0.24229356513592301                0
          93          94   8.5361728603296438E-002   7.1347741082274679E-002  -4.1080252103106030E-004  0.97812880800934654        378910.90214675880        55.249666982163497        11.475180593432425       0.43135478703165780                0           0   12415.359998859836        1.7179347800011020E-004  0.50000000000000000              796  0.35041837039898582                0
          95         546  0.62290701776509083       0.52092362269304604       -3.7742908648756741E-003  0.93637273033454582        1958534.5200025127        320.39169202170370        9.3968029291835542       0.51984848789650095                0           0   2401.9567741081873        1.8233665561630773E-003   4.8913697912732782E-003         798  0.33073299150451652                0
          67          68  0.52597586808430075       0.46375414949012228       -9.5351984985231255E-003  0.98266064699714351        341740.68956755206        95.332992401100725        14.562274981964270       0.42237386793701043                0           0   13765.745201713413        5.7947742737167690E-004  0.50000000000000000              770   7.1239621731847530E-002           0
         213         214   8.6717284611907239E-002   1.7710005955573944E-002  -1.1427078035879827E-004  0.98213695314694749        400632.33674856107        50.085097135765906        5.2282013385674349       0.35639908267939718                0           0   11742.225542311169        1.5552041722878169E-004  0.50000000000000000              916  0.15121978202678626                0
         313         314  0.11479116130453372        5.7685466757393881E-002  -3.9453446450446250E-004  0.99253727403468150        435049.79924732697        62.547398305763593        4.0218534769558687       0.41887695953406184                0           0   10813.279918261374        1.7042172232509015E-004  0.50000000000000000             1016   7.7837368280819108E-002           0
         365         366  0.29906545429998188       0.27572229150032296       -3.4223050706489746E-003  0.97703614846779008        409915.73603235272        89.792227251814452        12.307144140658194       0.28853233736630279                0           0   11476.298283102440        5.4424978456707430E-004  0.50000000000000000             1068 -0.23653654097343449                0
         201         202  0.41909726131645580       0.36316033186407948       -5.4401348907038797E-003  0.97784193266974673        439642.50440806977        104.26124217537117        13.897398971051368       0.39147737776604469                0           0   10700.319487940789        6.3220712582260643E-004  0.50000000000000000              904   7.1736703749673295E-002           0
         171         172  0.11855449161888632       0.10910379859810015       -6.3808363105355751E-004  0.99690688946593098        502629.43037454027        75.543937317710842        4.6613234411196798       0.23607816532310263                0           0   9359.4106778413025        1.6222029374787257E-004  0.25000000000000000              874  -7.2798034825654528E-002           0
         347         348  0.19457293008789711        9.8264029982305379E-002  -8.4213227326918961E-004  0.97623178622328566        525292.62380639045        84.608893442837001        3.8766800517688553       0.40866624717982947                0           0   8955.6088253366652        5.1262384884362530E-004  0.25000000000000000             1050  0.15676705812676611                0
         343         344   9.9716206803828866E-002   3.9838043689421537E-002  -1.9541286924161294E-004  0.98547806040898511        644708.77578794607        75.758248904357316        14.201182290499329       0.59952132959409610                0           0   7296.8066114739531        4.6110969753691106E-004  0.50000000000000000             1046   1.7307314437317416                0
          99         100  0.11123848720615616        3.9011678252708890E-002  -1.9764343022701515E-004  0.98119635498491209        697449.45099556562        81.825121918085514        11.036649945227698       0.54684884736567918                0           0   6745.0268272914218        1.9609050585244134E-004  0.25000000000000000              802  0.13741548768714440                0
         391         392  0.13558686976987694        5.7578981684498085E-002  -2.5446740011902898E-004  0.98428057182237338        1015963.8259505472        114.33226250480101        10.819586068922057       0.32828108743612910                0           0   4630.3964151906221        1.9855493643177781E-004  0.50000000000000000             1094  0.10315130883017322                0
         385         386  0.12648191059682606        5.9749107023494945E-002  -2.5030111744847215E-004  0.99192399726360403        1010156.8010307509        112.51654391747591        15.218799523473869       0.27404657509833347                0           0   4657.0148840700185        1.9971473045980897E-004  0.50000000000000000             1088   7.1953251249511664E-003           0
          41          42  0.11122608390456809        8.6847116325004775E-002  -3.0034655602715249E-004  0.97689552612968544        1076875.4069236529        119.85571002551679        1.5750946558298229       0.83305635505694831                0           0   4368.4861102769009        1.9934720720389158E-004  0.44130549828641608              744  0.51964772100244172                0
         345         346  0.55774375829353751       0.47607345656862060       -4.7923803546830179E-003  0.97923176074338625        1065819.0059203701        206.47940675782556        1.7138412103873948       0.24498598400775368                0           0   4413.8031237137029        1.2529054742208931E-003  0.50000000000000000             1048  -4.2129901947087690E-002           0
          73          74  0.94128231410560004       0.69908498357263338       -1.0547991353088345E-002  0.98595090542721642        1010924.7705775029        232.48741209934116        15.364646473865644       0.50523901302448282                0           0   4653.4770880699325        1.4155097427745917E-003  0.50000000000000000              776  0.38507375640561425                0
         285         286   8.9462339041284894E-002   4.2834040765278178E-002  -1.2838168338598593E-004  0.97556116315563901        1178106.6063545495        111.23605151706303        10.417496177586964       0.66121500878777739                0           0   3993.1150816660524        1.4410236536712358E-004  0.25000000000000000              988  0.22854680998880958                0
         293         294  0.55382231722128972       0.12326253909399966       -1.3046202120956597E-003  0.97555013427591697        1208714.8768618368        195.00098063437505        10.736696672946465       0.50781054757898136                0           0   3891.9974823661364        1.1809822740092247E-003  0.50000000000000000              996  0.92188836531949447                0
         123         124  0.67985937278035102       0.12376754478802159       -1.4259437356367586E-003  0.97763450747397851        1328700.8239903566        219.90890269502705        8.9338795665168416       0.56354634736071241                0           0   3540.5376234484115        1.3330674591925293E-003  0.25000000000000000              826  0.32096065990635980                0
           7           8  0.10772050310063933        1.1526931384030817E-002  -3.7943697728780554E-005  0.99082248886431246        1424470.1409572540        121.95279694780302        11.487096788585225       0.45545409543335491                0           0   3302.5018372680170        1.6260639909577266E-004  0.25000000000000000              710  -9.6752411973189123E-003           0
         355         356  0.32294731613854971       0.22153041596011064       -1.4146791448691402E-003  0.98835597978780254        1280677.5733209376        188.46314208734015        4.6250970605720143       0.43340916282464148                0           0   3673.3018174480535        1.1488556879049804E-003  0.50000000000000000             1058   6.7312563567512279E-002           0
          85          86   8.0567479673496034E-002   7.0359839832317903E-002  -1.6540594186675728E-004  0.98642166572395873        1357017.8794508749        127.71821781941760        7.2764925688569129       0.30198197266348864                0           0   3466.6567986181526        1.9401392259058692E-004  0.25000000000000000              788  -5.6401305841069060E-002           0
         387         388  0.11696728908539532        8.3148869844046139E-002  -2.2937126884097861E-004  0.96267512857024551        1621813.0354434883        158.01601102881583        5.3608321456778150       0.54053876692081027                0           0   2900.6520201993303        5.9312910406739074E-004   6.1932543532064615E-005        1090  0.18838987503136112                0
         103         104   9.4240900685283069E-002   8.1646476448274677E-002  -1.9581474411928143E-004  0.97430932578693863        1543295.6101144454        146.43699954217337        4.4576645753684252       0.16276387699543565                0           0   3048.2269416265021        8.8618227905427590E-004  0.25000000000000000              806  -5.7443399724758523E-002           0
          65          66   8.1196656538748205E-002   3.2700733033609646E-002  -6.2627861262289943E-005  0.98184767372588766        2149336.5504112290        157.99647215383459        11.331854532280484       0.55057579055213690                0           0   2188.7290088398181        1.9363885980735446E-004  0.50000000000000000              768  0.17617267722680646                0
          15          16  0.12041882448822794        4.7134796559794988E-002  -1.1370748620294229E-004  0.97825164521118502        2263928.7909641471        186.02285177799217        10.761169754121562       0.57878473536526931                0           0   2077.9431210119114        1.1281688166013199E-003  0.50000000000000000              718  0.18037396533838340                0
         243         244  0.10897784068549871        6.2870305948584129E-002  -1.2688985103554134E-004  0.99345305026723485        2514966.0648626112        201.22235189126619        11.087782956771804       0.36672751144876775                0           0   1870.5283237695505        1.2297376519750148E-003  0.50000000000000000              946   7.3433563221764322E-002           0
         403         404  0.17519688796893346        3.8994197612049461E-002  -1.0593130897765658E-004  0.98389276290986771        2940502.7377628889        240.33740795155595        15.082274384692013       0.43364516069688724                0           0   1599.8336601528790        1.4617882870991093E-003   1.9823351079995295E-003        1106  0.15190312151222829                0
         127         128  0.41687934908818136       0.27898104023835063       -1.0601324713850049E-003  0.99434194081511351        3619474.9262651657        408.83142482301037        12.156763460689257       0.27068086786506734                0           0   1299.7231237899509        2.4997052625840904E-003  0.25000000000000000              830  -2.2082033193546041E-003           0
         217         218   8.1228311512873880E-002   6.5270211912634449E-002  -8.4864059256294254E-005  0.97696892315676265        3390006.8490829859        232.81876606981328        14.648158595540623       0.76085056864478740                0           0   1387.7008121435813        1.4110585494170628E-003  0.50000000000000000              920  0.32232818511151951                0
         143         144  0.25022565110097550       0.15769561095085233       -3.9893226177458845E-004  0.97378367469115990        4047244.7606835263        368.61381757316616        9.9378340033690016       0.64025469685325476                0           0   1162.3500766111972        2.2305190603367172E-003  0.50000000000000000              846  0.22013913002299884                0
          61          62  0.16574606629006447        5.1105325148539382E-002  -1.0680914848388477E-004  0.98146224652464376        3985102.7316611102        295.54272204541036        5.9540111084606835       0.43593121318130407                0           0   1180.4752786595950        1.7952874583487142E-003  0.50000000000000000              764  0.27971503866486047                0
          29          30   9.2064989403419284E-002   3.8673592252436655E-002  -4.8326417632826574E-005  0.98790084533106615        4595724.3541263249        274.56410217347485        6.8971561858558363       0.81939359500042719                0           0   1023.6286807368981        1.6733196375634911E-003  0.25000000000000000              732  0.51018338654070772                0
         405         406   8.7236661288412828E-002   5.5735761705262711E-002  -1.4072219982536795E-005  0.99445045527554632        44632234.652881853        1287.6258805654079        11.167721449136451       0.64441141138946989                0           0   105.40174145954420        7.8733128566099032E-003  0.50000000000000000             1108   1.2952788450962252                0
          45          46   8.6894120985331738E-002   8.6164685909330241E-002  -8.2040856412477007E-005  0.98387083180607882        5506893.1944410549        340.10174038637848        8.3994157974541022       0.63088408690790554                0           0   854.25939664011355        2.0685513436049150E-003  0.25000000000000000              748  0.47234282269550693                0
         161         162   9.3309048906446132E-002   9.2827486138433946E-002  -9.1369820440709334E-005  0.98816051659568593        5621468.5749816829        353.27826335407855        8.2146565543244545       0.49748726310563574                0           0   836.84809314443112        1.0910924322961981E-003   8.8281225394063172E-005         864  0.14254819039014238                0
         289         290  0.10428359770713377        2.3242149003040714E-002  -2.7029448548882507E-005  0.98098812000215807        6248171.5215503015        334.17536983089565        15.419040876290953       0.16371563527624847                0           0   752.91071018446121        2.0295196288580937E-003   1.1313327672253727E-003         992  -4.5637965996011040E-002           0
         115         116   9.5073144526220191E-002   4.6025486525321645E-002  -4.6726263478262970E-005  0.98361077625756288        6339435.9430684811        348.99124241529205        11.312573824373180       0.46745627287429281                0           0   742.07158174513086        2.1223306805025111E-003  0.25000000000000000              818  0.16989864811634625                0
         223         224  0.13901763968801717        6.0776114313866474E-002  -7.7059004647937521E-005  0.98945377513520949        6749124.5661328817        408.60039472721803        5.6977882418828649       0.34942330099944019                0           0   697.02599374902991        2.2326886168777711E-003   9.6405602031111675E-004         926  0.10747100235145025                0
         199         200  0.11230093762090229        4.7925291740752780E-002  -4.9845320530023470E-005  0.98557578802919299        7365259.5215128316        402.38621163417127        9.2288369482071815       0.32869161767831012                0           0   638.71683596540686        2.4494184751019071E-003  0.50000000000000000              902  0.76401626470156181                0
         373         374  0.15845034820673778       0.15233439132851201       -1.7085688626372746E-004  0.97949842588418579        7914571.2686532903        526.47530904590701        5.1125036233606362       0.41502693889063341                0           0   594.38661905501158        2.4504340237595057E-003   1.0041308682015700E-004        1076  0.10239931425338324                0
          69          70  0.10464422723177559       0.10349050793134676       -8.6377732787562200E-005  0.98042651398566583        8085705.8082159301        467.23280664956275        10.695518129006324       0.17165046498278441                0           0   581.80638391081243        2.8368343572848856E-003  0.50000000000000000              772 -0.16195073912784586                0
          51          52  0.11606384615255892        9.5064690585184505E-002  -1.2276543213329298E-004  0.98205345115529663        4872545.5793825211        334.93415447263214        4.4676576429330250       0.45283253942665241                0           0   965.47383313362923        1.9892380511386115E-004  0.12500000000000000              754   6.4009223835372983E-002           0
         265         266   8.4095384718170976E-002   3.6296916915751078E-002  -2.5177676023521558E-005  0.98207562133293025        10109024.690275606        451.79934212614535        4.6655243313796024       0.49479982354283142                0           0   465.35797485687101        6.1114052134240017E-004   6.2983083144954458E-004         968  0.21709423391871582                0
         367         368  0.20322917187314732       0.17631903439505672       -1.9839587997891539E-004  0.98269451432269583        10352962.783775369        673.08813228386191        13.391626124386246       0.53026607307431406                0           0   454.39313903621138        4.0208714906811030E-003   4.7199423537893845E-004        1070   1.5291687622021655                0
         305         306   8.5255713978393793E-002   1.6586699482616780E-002  -1.1931200371230782E-005  0.97557216214542408        10624387.113807641        441.69112072417624        13.990456421169263       0.27211906508515843                0           0   442.78462439785847        2.6751951435917505E-003  0.50000000000000000             1008   7.9184221601554458E-002           0
         325         326  0.14296285691723640        1.8018411898666035E-002  -1.7591034512000332E-005  0.98525910189351285        11605238.715074902        545.71725305743564        6.9779460664081903       0.37053841413980954                0           0   405.36135215676182        1.9976652747874619E-004  0.25000000000000000             1028   2.6675196749408998E-002           0
         119         120  0.12744757891135747        8.2887871857059842E-002  -6.3848789170769046E-005  0.98269985033698937        12193204.574003790        616.57973866081329        9.6679503452107749       0.25939373462783788                0           0   385.81451078697370        3.7479255214838184E-003  0.25000000000000000              822   6.7428004178174294E-002           0
         133         134  0.13034205300579016        4.8697333779162973E-002  -3.8327374509909745E-005  0.98105455790692131        13234756.153472573        617.16317813144258        7.4217703434383457       0.45871050447087108                0           0   355.45160055030038        3.2889963550458475E-003   6.2230262689890196E-004         836  0.20872603128918693                0
          17          18   8.8310858010865509E-002   3.6165089814597706E-002  -2.2321003472730643E-005  0.98140412768925933        12747100.610456508        533.22349031307033        8.0495781433870217       0.37016338621432188                0           0   369.04982563531280        3.2391129273980847E-003  0.50000000000000000              720  -4.3528040650388927E-002           0
         275         276  0.13196141201412448        6.9014568623332620E-002  -4.7733952096303434E-005  0.97884822665005666        15446769.239274643        711.01649287396742        11.515379999003772       0.41845675914116781                0           0   304.55010913762248        3.6594324100202762E-003   6.1093791995937819E-004         978  0.37153438462437538                0
         221         222  0.10685030920939192        6.9974509155263417E-002  -3.1625472910626142E-005  0.98430082252613649        22715146.480526406        881.04471753081282        11.074431991249117       0.18045549137561201                0           0   207.10037074503356        4.6404213241122818E-003   4.5035607536442010E-005         924 -0.20503010827016199                0
         157         158  0.17882018552997023        8.7937108552675433E-002  -4.2075680229630103E-005  0.98508002889479662        36757624.951626062        1392.7620123736967        7.5563231840017187       0.37218354150227906                0           0   127.98202451425405        6.7640763636105713E-003   3.6156415384024429E-004         860   9.9899737672424303E-003           0
         145         146  0.11284151051838727        7.1741434973604884E-002  -2.4259705551498535E-005  0.99378195816159898        37282375.823980808        1243.5772284787574        12.577445066282625       0.41560431277392329                0           0   126.18067260131119        5.5495572448016365E-003   3.9684643066082885E-004         848  0.14934860591503885                0
