 1021685   1   373 176   0      1.7   7.73   4.63  7.710     0.0  -0.2148   0.0000
  -1.117539   0.000000   0.245505   0.096985  -0.663599   0.060150   0.000000   0.000000   0.000000   0.000000
   0.00000   0.00000   0.13709   0.02882   0.00000  -1.11754   0.00000   0.00000  -0.87203   0.66276   0.19180   0.00000   0.00000
 NAME(I1)    NAME(I2)    M1[M*]                    M2[M*]                    EB[NB]                    ECC                       P[Days]                   SEMI[AU]                  RI[PC]                    VI[km/s]                  K*(I1)      K*(I2)      ZN[NB]                    RP[NB]                    STEP(I1)[NB]              NAME(ICM)                 ECM[NB]                   K*(ICM)      
           3           4   8.7970317491499028E-002   4.9196061553816367E-002  -9.2897646351125171E-004  0.98018963898304645        71340.815372945974        17.361255191394889        7.0601449895724526       0.20952988543163775                0           0   65941.428242054317        1.0539810829294615E-004  0.50000000000000000              706   6.7141319962532101E-002           0
          59          60  0.52934127945164156       0.11516011942956719       -3.1001072744619322E-002  0.99635260950274573        9025.0375450904266        7.3279160146024838        12.714085170868643       0.92015554656901499                0           0   521251.59969045070        4.4850020571511419E-005  0.50000000000000000              762   1.3849241565206727                0
          63          64  0.11284127030153632        5.3401276685359052E-002  -1.4468849236327175E-003  0.97984293960292113        54774.265105649982        15.520472950299069        10.236207897669363       0.36617662516120419                0           0   85885.502043175962        9.4206442072616631E-005  0.25000000000000000              766  0.19061068128079378                0
          83          84  0.10272953417562042        4.1373672231505683E-002  -1.2819188696754095E-003  0.97370419826673227        41789.837138321200        12.356008093958177        14.251133725606243       0.42220029563342493                0           0   112570.79662870750        7.4766174595093939E-005  0.50000000000000000              786  0.30826010024636208                0
         131         132   8.4797441590329786E-002   6.4637458177469395E-002  -7.7121942017657882E-004  0.98912831439601701        128788.41655396212        26.485513546867381        9.1586060212472233       0.46437265897844354                0           0   36527.471829531067        1.6151620773559698E-004   1.5625000000000000E-002         834  0.12018827974892803                0
         137         138  0.13717930409073115       0.13193897190263901       -4.0334545728335997E-003  0.97817964388784162        48147.574536657077        16.722602131164937        9.5184913637055235       0.32243242631189595                0           0   97706.173216745112        1.0141787278782275E-004  0.50000000000000000              840  0.59685632296931246                0
         167         168  0.11739175763496201        6.6852661947444644E-002  -1.3371095085191684E-003  0.97921691183512483        87047.450602289726        21.873015901955345        10.895350818516119       0.70188863346551389                0           0   54043.113555826756        1.3272323952673876E-004  0.25000000000000000              870  0.41158299664899090                0
         177         178  0.17518944591650459       0.15841447355487015       -4.8844045916293037E-002  0.97081544669269548        1948.4551180766894        2.1174370246531056        4.2699046759707144       0.79606202434535089                0           0   2414382.1502485364        1.2793853451865820E-005  0.25000000000000000              880  0.48206250990795196                0
         181         182  0.16494482085752635        4.8117280213717237E-002  -2.2342341753636167E-003  0.98308070947828008        38113.841390388654        13.238244572811659        6.1105654200579611       0.33835123493435509                0           0   123428.00111539195        8.0485139620415977E-005  0.50000000000000000              884   3.0389218519093014E-002           0
         193         194  0.13607741833753259        1.4509867592654014E-002  -3.3139095177587647E-004  0.98026160729439438        98477.807758994706        22.203845682541278        13.383233826713191       0.78945190582646974                0           0   47770.308506030713        1.3480179630591914E-004  0.50000000000000000              896   1.0798746521978195                0
         195         196  0.23980714281985319       0.16746154432118399       -1.7866781603804005E-002  0.96643523058497638        13874.745800257982        8.3762612435180923        13.081254381775791        1.0270512135636887                0           0   339055.96004197007        5.0498069052990366E-005  0.50000000000000000              898  0.79355608387564103                0
         207         208   9.9440827635248155E-002   5.0100703362626467E-002  -8.7683211256005204E-003  0.98112175417415370        2910.2243960466299        2.1174416066239212        3.1985969258038911       0.72340275262967546                0           0   1616478.5313583727        1.2860786271453537E-005  0.25000000000000000              910  0.45418984588313938                0
         225         226  0.11258739991983015        4.7810171057872303E-002  -9.4939383745014589E-004  0.98185672257896206        88575.957032427817        21.129198100363176        13.408712370417131       0.73959249797164339                0           0   53110.521356517827        1.2838083044770557E-004  0.50000000000000000              928   1.0218731569294253                0
         235         236   9.9158490776633662E-002   3.5661683213779022E-002  -5.1301121046354124E-003  0.96614283730650707        4095.4263718306088        2.5687641194955386        6.1772771023476230       0.33471945319419943                0           0   1148675.3345151674        1.5484037106406675E-005   3.1250000000000000E-002         938   8.7687109711332228E-002           0
         249         250   8.3325272192247987E-002   6.4931060179189190E-002  -5.9417119074347373E-003  0.97581540753508467        5929.7866670524481        3.3934150410168407        15.111045899709421       0.41879549157418799                0           0   793336.34104971308        2.0555510157367267E-005  0.25000000000000000              952   1.2425782920627935                0
         271         272  0.13618545113931463       0.10282415591629936       -1.7643068358636144E-003  0.98806680624688603        120181.93023047518        29.578155387187675        4.8147585796346677       0.48056935227536368                0           0   39143.282593508091        1.8027976026539725E-004  0.50000000000000000              974   9.3298334610719291E-002           0
         287         288   8.8414603939471620E-002   4.2704642040310346E-002  -5.8515194294090581E-004  0.98093659039144399        118941.02246670357        24.046383900145148        4.0674180507403630       0.59846792496121148                0           0   39551.663169548527        1.4603779329379048E-004  0.25000000000000000              990  0.19552616977745124                0
         291         292  0.10251315781699964        2.9651563345757474E-002  -1.1831110334550475E-003  0.98075559013170377        29765.556837160901        9.5746088155111213        8.5862927945721221       0.58849804324681210                0           0   158045.59892431262        5.8142920318824777E-005   3.1250000000000000E-002         994  0.23386994889784324                0
         303         304  0.77980953382043972       0.33783563817501155       -5.2382472905160467E-002  0.97671789874474535        28033.625192942258        18.742492285908785        7.5129124076451896       0.63289554343188636                0           0   167809.73653129677        1.1358394461059082E-004  0.25000000000000000             1006  0.23147783637805611                0
         311         312  0.16827131513595273       0.11782564957455051       -9.1314488263872420E-003  0.97485864189666582        15717.300866973132        8.0915100549741776        13.142673805260106       0.15405362750623131                0           0   299308.08714936365        4.8990345746074786E-005  0.50000000000000000             1014 -0.12953397778371106                0
         321         322  0.12252965187021556        4.0765808550071510E-002  -1.0952504619379879E-003  0.97557453106160041        63331.226025514967        16.995860241612995        15.129449568571784       0.41389088498059862                0           0   74281.133539866772        1.0293936416602254E-004  0.50000000000000000             1024  0.71932532140336425                0
         323         324  0.13577855073708561        2.1714876777924844E-002  -1.0672784058174505E-003  0.97737634574565457        30402.145619620234        10.295090097572151        11.405177421427847       0.66956902896816262                0           0   154736.29119810546        6.2411468000077191E-005  0.25000000000000000             1026  0.36417574945236891                0
         337         338  0.14234346256931027        4.8688670540606271E-002  -2.7220309402593351E-003  0.98436219341894415        24424.438780536861        9.4883723855236379        14.629690434651517       0.40508506216865781                0           0   192606.89262565569        5.7724153992768256E-005  0.50000000000000000             1040   1.4562201456746369                0
         363         364   8.0030474895858961E-002   2.5241398542184282E-002  -3.2505135387658957E-004  0.96900162088983910        125469.53716214608        23.159872534501439        12.962962966290073       0.71284569463367431                0           0   37493.684634903126        1.3980643129274424E-004  0.50000000000000000             1066  0.54682085763951360                0
         371         372   9.0756420354949963E-002   8.9399293653254358E-002  -1.4941626717007766E-003  0.97790038526241019        78336.750524128642        20.236383406048532        10.129243795563550       0.47617418272868756                0           0   60052.468683849453        1.2271064128272370E-004  0.50000000000000000             1074  0.26872600924054296                0
         383         384   9.3433970454860987E-002   6.5975786712685114E-002  -2.9999592269293533E-003  0.97176827062077331        19385.313257799193        7.6576121486429507        14.106039602634263       0.46388955910141638                0           0   242674.19334851863        4.6290742961604388E-005  0.50000000000000000             1086  0.46651914373554859                0
         395         396  0.10118924464727580        7.2387835402996439E-002  -4.0679476328368365E-003  0.98184110250843104        15239.121285685993        6.7103307468978812        9.6512086756064992       0.49395890319845837                0           0   308699.90266850201        4.0771591993552411E-005  0.50000000000000000             1098   6.1533640203770168E-002           0
         401         402  0.11008182267075275        8.1520559788653676E-002  -2.1754919003101718E-003  0.98946501741247106        50292.904508829961        15.372504553420699        10.587856377915042       0.41287364904021978                0           0   93538.349069078395        9.3761781152373525E-005  0.50000000000000000             1104  0.13783402390027766                0
         219         220   5.9461379470541447        2.5291364086335988      -0.75299076982192070       0.98221912150944157        80559.862777643633        74.428097414589246        9.6044290655853111       0.18481643972738548                0           0   58395.273967004177        4.5230718866207646E-004  0.50000000000000000              922  0.12483303939343479                0
         159         160  0.52009082554844766       0.13749382338007102       -6.8562166579241961E-003  0.98252657550525302        109146.58921206869        38.868446659729038        6.1400796382745693       0.57747474110071473                0           0   43100.891119047374        2.3624417772278330E-004  0.25000000000000000              862  0.17979241147531710                0
           1           2   2.0244841138268650       0.61000484406818434       -7.0741485713423660E-002  0.98738152934187551        118081.33591071346        65.056817812538299        12.333477062590346       0.49396704640947930                0           0   39839.617509086311        3.9638661146352313E-004  0.50000000000000000              704  0.12670141714612088                0
         283         284  0.18094602805437388        8.1870494517192083E-002  -1.6064068193646895E-003  0.97697797871714775        143540.44546752289        34.366892541613126        6.4558887005322800       0.28309608630520172                0           0   32773.447527785116        2.0829891525217590E-004   6.2500000000000000E-002         986  -5.1518342602829247E-002           0
         185         186  0.24628085064239766        6.9358336926096664E-002  -1.8551080494142963E-003  0.99057546901522908        130681.44545928008        34.314639623851313        11.493866474993281       0.52476970221611785                0           0   35998.341165507023        2.0941269287605858E-004  0.50000000000000000              888  0.21740944142727045                0
         191         192  0.17819880543248182        5.0730547014061628E-002  -8.9966543292994278E-004  0.98450778698896024        174927.64032278312        37.446621017460309        14.608177266456217       0.62996179563331201                0           0   26892.921261409472        2.2782970840593575E-004  0.25000000000000000              894  0.46977780305038042                0
          71          72  0.16939743337267674        2.6319217633798585E-002  -4.7647967898261517E-004  0.96976219828091648        170003.73667627125        34.870225322542275        10.135497575436275       0.27693955827180244                0           0   27671.834452691655        1.5082883319385277E-004  0.25000000000000000              774 -0.11757021705528109                0
          53          54  0.10539273585624893        8.3691576402142989E-002  -9.4861616487088496E-004  0.98840746126056767        171334.30925667207        34.651436372167325        11.533545214925958       0.24721569524794426                0           0   27456.936547351612        2.1096666920612941E-004  0.50000000000000000              756 -0.17217192828801006                0
         245         246  0.10614450888457336        7.9534736728126665E-002  -8.8338078697462622E-004  0.97533507163214717        180155.36208468804        35.614411017835778        12.981662850207263       0.14960660372026890                0           0   26112.546433302068        2.1568078356416255E-004  0.50000000000000000              948  0.11125143981802825                0
         331         332  0.12214104311112879        9.8521910482032543E-002  -1.1537755047203683E-003  0.97154055198387024        188414.45473505274        38.868024797675822        12.210021500698703       0.28961963140421115                0           0   24967.910579153504        2.3493249830021899E-004  0.50000000000000000             1034   6.9177457598768061E-002           0
         203         204  0.10958957416913398        5.6611292613942377E-002  -6.2817234305771752E-004  0.98494187057407623        200051.97130642890        36.805509599966030        12.130787289000109       0.12388495881244016                0           0   23515.465640870621        1.6988547057778460E-004  0.50000000000000000              906 -0.16873951165563877                0
          21          22  0.17137201111473407        1.8580527211685235E-002  -2.8964617018065918E-004  0.97725619083110171        219756.57682243298        40.968444197440832        7.2927211456316856       0.24022078072164843                0           0   21406.937283364805        1.8343950172520064E-004  0.25000000000000000              724   6.8508320714948501E-002           0
         369         370  0.35577330781196675       0.28758888866695975       -6.5923629871082615E-003  0.96841922705639494        200307.85819162280        57.839387851881206        15.296071455690450       0.41698845425730724                0           0   23485.425385280789        3.4904883910831302E-004  0.50000000000000000             1072   1.5692689608080208                0
          77          78   9.3430964505624117E-002   2.0354482771848002E-002  -1.6334883162896549E-004  0.97425183352183942        309441.22681298596        43.386459025179242        13.208331160275179       0.57235903789623876                0           0   15202.613129787858        1.8457846561722538E-004  0.50000000000000000              780  0.84432210627333859                0
         315         316  0.30834333591613694       0.21242803698149326       -3.5544000840579989E-003  0.96932722246065328        288048.63087816222        68.675120176768687        11.184164287375157       0.41001175853986022                0           0   16331.670257563481        4.1463143421502049E-004   3.1250000000000000E-002        1018  0.21839902426009325                0
          89          90  0.20842321107894346       0.10223825271363279       -1.3435582502014560E-003  0.98702482580270168        297769.38109927031        59.104743533761280        9.4632395869509853       0.75683897479624340                0           0   15798.519109916271        3.6005640583131949E-004  0.50000000000000000              792  0.39930824968756617                0
         155         156  0.50373356431637750       0.18870347651975347       -4.6345267489272665E-003  0.98128177235206437        293320.33962033020        76.435433608783669        12.309176731382479       0.73803959609822201                0           0   16038.148816184937        4.6428632181207922E-004  0.50000000000000000              858  0.45990970252464303                0
         187         188  0.16652052450678573        4.4390738220572948E-002  -5.1200105471243477E-004  0.98740860044556455        313872.49940009229        53.803263366689940        9.0513030414444469       0.66656910979266615                0           0   14987.981637882163        1.5401396217716847E-004  0.50000000000000000              890  0.29363443304297937                0
         255         256   8.3811449474318997E-002   3.0344259974373743E-002  -1.9498774621546684E-004  0.99476358635673934        366335.73421504453        48.606227887337262        12.786315314871132       0.45315379949415008                0           0   12841.540746017587        1.7373772739312873E-004  0.50000000000000000              958  0.23836567731544880                0
          93          94   8.5361728603296438E-002   7.1347741082274679E-002  -4.1080252103106030E-004  0.97812880800934654        378910.90214675880        55.249666982163497        13.755963851617377       0.47238749752000248                0           0   12415.359998859836        1.7179347800011020E-004  0.50000000000000000              796  0.35157709440964169                0
          95         546  0.62290701776509083       0.52092362269304604       -3.7742882983208101E-003  0.93637077568853966        1958536.5177382799        320.39190989134971        11.466662106651141       0.51687020382249838                0           0   2401.9543240773023        8.9415875918611495E-004   1.2749759558196524E-003         798  0.31645705772151583                0
          67          68  0.52597586808430075       0.46375414949012228       -9.5351984985231255E-003  0.98266064699714351        341740.68956755206        95.332992401100725        15.371923901848175       0.45773735992523129                0           0   13765.745201713413        5.7947742737167690E-004  0.50000000000000000              770   7.0807507058727209E-002           0
         213         214   8.6717284611907239E-002   1.7710005955573944E-002  -1.1427078035879827E-004  0.98213695314694749        400632.33674856107        50.085097135765906        7.6439046736807859       0.34328119880494962                0           0   11742.225542311169        1.5552041722878169E-004  0.25000000000000000              916  0.15320283596221068                0
         313         314  0.11479116130453372        5.7685466757393881E-002  -3.9453446450446250E-004  0.99253727403468150        435049.79924732697        62.547398305763593        5.5651025185948093       0.43623771699720598                0           0   10813.279918261374        1.7042172232509015E-004  0.50000000000000000             1016   7.7347421543692896E-002           0
         365         366  0.29906545429998188       0.27572229150032296       -3.4223050706489746E-003  0.97703614846779008        409915.73603235272        89.792227251814452        13.333944435793663       0.29860462793212267                0           0   11476.298283102440        5.4424978456707430E-004  0.50000000000000000             1068 -0.23620943263901345                0
         201         202  0.41909726131645580       0.36316033186407948       -5.4401348907038797E-003  0.97784193266974673        439642.50440806977        104.26124217537117        11.235555820455369       0.38776559747834927                0           0   10700.319487940789        6.3220712582260643E-004  0.50000000000000000              904   7.2025812600514688E-002           0
         171         172  0.11855449161888632       0.10910379859810015       -6.3808363105355751E-004  0.99690688946593098        502629.43037454027        75.543937317710842        5.5034721414797936       0.23557625709169433                0           0   9359.4106778413025        1.6222029374787257E-004  0.50000000000000000              874  -7.4083978219136162E-002           0
         347         348  0.19457293008789711        9.8264029982305379E-002  -8.4213227326918961E-004  0.97623178622328566        525292.62380639045        84.608893442837001        3.9305496050051669       0.37719326715051726                0           0   8955.6088253366652        5.1262384884362530E-004  0.25000000000000000             1050  0.15728929567314393                0
         343         344   9.9716206803828866E-002   3.9838043689421537E-002  -1.9541286924161294E-004  0.98547806040898511        644708.77578794607        75.758248904357316        15.718236367613915       0.56009582679024905                0           0   7296.8066114739531        4.6110969753691106E-004  0.50000000000000000             1046   1.7383518292601896                0
          99         100  0.11123848720615616        3.9011678252708890E-002  -1.9764343022701515E-004  0.98119635498491209        697449.45099556562        81.825121918085514        11.711488870593801       0.54625213299041753                0           0   6745.0268272914218        1.9609050585244134E-004  0.25000000000000000              802  0.13340185885703912                0
         391         392  0.13558686976987694        5.7578981684498085E-002  -2.5446740011902898E-004  0.98428057182237338        1015963.8259505472        114.33226250480101        11.655318615325202       0.30715992396237685                0           0   4630.3964151906221        1.9855493643177781E-004  0.50000000000000000             1094  0.10380878728676259                0
         385         386  0.12648191059682606        5.9749107023494945E-002  -2.5030111744847215E-004  0.99192399726360403        1010156.8010307509        112.51654391747591        13.392641736005420       0.27632293731939411                0           0   4657.0148840700185        1.9971473045980897E-004  0.50000000000000000             1088   7.7049130529710189E-003           0
          41          42  0.11122608390456809        8.6847116325004775E-002  -3.0034655602715249E-004  0.97689552612968544        1076875.4069236529        119.85571002551679        3.6904732695402767       0.83505830895994804                0           0   4368.4861102769009        1.9934720720389158E-004  0.25000000000000000              744  0.52063709941803471                0
         345         346  0.55774375829353751       0.47607345656862060       -4.7923803546830179E-003  0.97923176074338625        1065819.0059203701        206.47940675782556        2.0573177902336925       0.25495308342353218                0           0   4413.8031237137029        1.2529054742208931E-003  0.50000000000000000             1048  -4.2268521957099847E-002           0
          73          74  0.94128231410560004       0.69908498357263338       -1.0547991353088345E-002  0.98595090542721642        1010924.7705775029        232.48741209934116        12.282577604168219       0.54145100506538679                0           0   4653.4770880699325        1.4155097427745917E-003  0.50000000000000000              776  0.38510755986720902                0
         285         286   8.9462339041284894E-002   4.2834040765278178E-002  -1.2838168338598593E-004  0.97556116315563901        1178106.6063545495        111.23605151706303        9.8889338698017681       0.66919413661040994                0           0   3993.1150816660524        1.4410236536712358E-004  0.50000000000000000              988  0.22741701392742597                0
         293         294  0.55382231722128972       0.12326253909399966       -1.3046202120956597E-003  0.97555013427591697        1208714.8768618368        195.00098063437505        12.324664233341878       0.55303913600150156                0           0   3891.9974823661364        1.1809822740092247E-003  0.50000000000000000              996  0.92306464249893982                0
         123         124  0.67985937278035102       0.12376754478802159       -1.4259437356367586E-003  0.97763450747397851        1328700.8239903566        219.90890269502705        10.951294944515601       0.58196625075044162                0           0   3540.5376234484115        1.3330674591925293E-003  0.50000000000000000              826  0.32050594792701631                0
           7           8  0.10772050310063933        1.1526931384030817E-002  -3.7943697728780554E-005  0.99082248886431246        1424470.1409572540        121.95279694780302        10.223791286705831       0.46865652723953261                0           0   3302.5018372680170        1.6260639909577266E-004   6.2500000000000000E-002         710  -9.7180397490179982E-003           0
         355         356  0.32294731613854971       0.22153041596011064       -1.4146791448691402E-003  0.98835597978780254        1280677.5733209376        188.46314208734015        4.4643093528362510       0.43861537285599289                0           0   3673.3018174480535        1.1488556879049804E-003  0.50000000000000000             1058   6.7369974404717828E-002           0
          85          86   8.0567479673496034E-002   7.0359839832317903E-002  -1.6540594186675728E-004  0.98642166572395873        1357017.8794508749        127.71821781941760        7.3666101432876347       0.31872977335503783                0           0   3466.6567986181526        1.9401392259058692E-004   6.2500000000000000E-002         788  -5.6282356262530170E-002           0
         387         388  0.11696728908539532        8.3148869844046139E-002  -2.2937418817786762E-004  0.96119134283132623        1621782.0733487941        158.01399989594290        7.4002065240651440       0.51647107694790484                0           0   2900.7073977152131        8.7480678100445284E-004   1.9139261891510361E-005        1090  0.10387892875947974                0
         103         104   9.4240900685283069E-002   8.1646476448274677E-002  -1.9581474411928143E-004  0.97430932578693863        1543295.6101144454        146.43699954217337        6.9064048837277294       0.15541284391196736                0           0   3048.2269416265021        8.8618227905427590E-004  0.25000000000000000              806  -4.9548649448087879E-002           0
          65          66   8.1196656538748205E-002   3.2700733033609646E-002  -6.2627861262289943E-005  0.98184767372588766        2149336.5504112290        157.99647215383459        11.013583917878037       0.56034176154447146                0           0   2188.7290088398181        1.9363885980735446E-004  0.50000000000000000              768  0.17591807536150383                0
          15          16  0.12041882448822794        4.7134796559794988E-002  -1.1370748620294229E-004  0.97825164521118502        2263928.7909641471        186.02285177799217        11.967861628881339       0.60234080085732067                0           0   2077.9431210119114        1.1281688166013199E-003  0.50000000000000000              718  0.17948728768051975                0
         243         244  0.10897784068549871        6.2870305948584129E-002  -1.2688985103554134E-004  0.99345305026723485        2514966.0648626112        201.22235189126619        13.447236395651410       0.37802785894828533                0           0   1870.5283237695505        1.2297376519750148E-003  0.50000000000000000              946   7.3545248991226969E-002           0
         265         266   8.4095384718170976E-002   3.6296916915751078E-002  -2.5179282687413853E-005  0.98201172727304953        10108057.136152130        451.77051327909010        6.4845666789355834       0.51994773926311788                0           0   465.40251942378433        1.9782827719504264E-003   2.8331304206051283E-004         968  0.21589962876482238                0
         127         128  0.41687934908818136       0.27898104023835063       -1.0601324713850049E-003  0.99434194081511351        3619474.9262651657        408.83142482301037        10.925053813572168       0.30365738591357477                0           0   1299.7231237899509        2.4997052625840904E-003  0.25000000000000000              830  -2.3666300794035755E-003           0
         217         218   8.1228311512873880E-002   6.5270211912634449E-002  -8.4864059256294254E-005  0.97696892315676265        3390006.8490829859        232.81876606981328        13.638705603381904       0.72878431890448259                0           0   1387.7008121435813        1.4110585494170628E-003  0.50000000000000000              920  0.32159548784878278                0
         143         144  0.25022565110097550       0.15769561095085233       -3.9893226177458845E-004  0.97378367469115990        4047244.7606835263        368.61381757316616        10.427590550063552       0.64698187943302510                0           0   1162.3500766111972        2.2305190603367172E-003  0.50000000000000000              846  0.21769031602895950                0
          61          62  0.16574606629006447        5.1105325148539382E-002  -1.0680914848388477E-004  0.98146224652464376        3985102.7316611102        295.54272204541036        8.0001353200663825       0.44648074741093685                0           0   1180.4752786595950        1.7952874583487142E-003  0.50000000000000000              764  0.28019937157235564                0
          29          30   9.2064989403419284E-002   3.8673592252436655E-002  -4.8326417632826574E-005  0.98790084533106615        4595724.3541263249        274.56410217347485        6.9176675760209081       0.83426105233929093                0           0   1023.6286807368981        1.6733196375634911E-003  0.25000000000000000              732  0.51033213495153040                0
         405         406   8.7236661288412828E-002   5.5735761705262711E-002  -1.4072219982536795E-005  0.99445045527554632        44632234.652881853        1287.6258805654079        12.664809296184439       0.69278694084426640                0           0   105.40174145954420        7.8733128566099032E-003  0.50000000000000000             1108   1.2957349061276067                0
          45          46   8.6894120985331738E-002   8.6164685909330241E-002  -8.2040856412477007E-005  0.98387083180607882        5506893.1944410549        340.10174038637848        8.9379714810610800       0.65051916482710292                0           0   854.25939664011355        2.0685513436049150E-003  0.50000000000000000              748  0.47186169682884116                0
         161         162   9.3309048906446132E-002   9.2827486138433946E-002  -9.1370390419088200E-005  0.98838445414689313        5621415.9740701560        353.27605956605800        9.2188700742202965       0.45711392232273612                0           0   836.85592372888016        2.0601254675481043E-003   2.9403138518705413E-005         864  0.11801874246819440                0
         289         290  0.10428359770713377        2.3242149003040714E-002  -2.7029427537538973E-005  0.98098920548068280        6248178.8070821697        334.17562960234238        13.412584452995684       0.16250494969994189                0           0   752.90983227184984        1.8217968089641013E-003   1.0744686725163571E-003         992  -4.6685482944918123E-002           0
         115         116   9.5073144526220191E-002   4.6025486525321645E-002  -4.6726263478262970E-005  0.98361077625756288        6339435.9430684811        348.99124241529205        10.013396664515980       0.48760002146315401                0           0   742.07158174513086        2.1223306805025111E-003  0.25000000000000000              818  0.16990330300039869                0
         223         224  0.13901763968801717        6.0776114313866474E-002  -7.7058358879505479E-005  0.98945860608001657        6749209.4053531121        408.60381890131237        8.0443672710619367       0.32394103408433289                0           0   697.01723196105786        1.8399978223373049E-003   2.1829542466600670E-004         926   9.9240696384565716E-002           0
         199         200  0.11230093762090229        4.7925291740752780E-002  -4.9845320530023470E-005  0.98557578802919299        7365259.5215128316        402.38621163417127        10.278676566604492       0.40915826884346634                0           0   638.71683596540686        2.4494184751019071E-003  0.50000000000000000              902  0.76411418012223598                0
         373         374  0.15845034820673778       0.15233439132851201       -1.7085673499028220E-004  0.97953441890451021        7914581.7797817728        526.47577517756918        7.7410216515418222       0.40101022750418064                0           0   594.38582966723413        2.7294287553135399E-003   2.6464079864906585E-005        1076  0.10865770683585436                0
          69          70  0.10464422723177559       0.10349050793134676       -8.6377732787562200E-005  0.98042651398566583        8085705.8082159301        467.23280664956275        10.873941600805781       0.16591545909004990                0           0   581.80638391081243        2.8368343572848856E-003  0.50000000000000000              772 -0.16236386014637377                0
          51          52  0.11606384615255892        9.5064690585184505E-002  -1.2276543213329298E-004  0.98205345115529663        4872545.5793825211        334.93415447263214        2.8276250468948247       0.45525395804197905                0           0   965.47383313362923        1.9892380511386115E-004  0.50000000000000000              754   6.4416565008419108E-002           0
         267         268  0.11152016154947933        1.9237634443879208E-002  -2.0555887207712762E-005  0.97570995364909008        7747983.3828558791        388.94497762024258        4.2202305340220763       0.54650197653931287                0           0   607.16641030156291        1.6044721369890213E-003   9.8780989103745527E-004         970  0.15292922284888560                0
         367         368  0.20322917187314732       0.17631903439505672       -1.9839568062129129E-004  0.98268455016408307        10352978.388519701        673.08880863553679        14.638196641263063       0.52394217905410523                0           0   454.39245414259960        3.8875971715483341E-003   4.6474662150592760E-004        1070   1.5339513872705253                0
         305         306   8.5255713978393793E-002   1.6586699482616780E-002  -1.1931200371230782E-005  0.97557216214542408        10624387.113807641        441.69112072417624        15.570549600781344       0.24901824012408635                0           0   442.78462439785847        2.6751951435917505E-003  0.50000000000000000             1008   7.7280292559081212E-002           0
         325         326  0.14296285691723640        1.8018411898666035E-002  -1.7591034512000332E-005  0.98525910189351285        11605238.715074902        545.71725305743564        5.1702077001240871       0.38397509450982958                0           0   405.36135215676182        1.9976652747874619E-004  0.50000000000000000             1028   2.6777802260921517E-002           0
         119         120  0.12744757891135747        8.2887871857059842E-002  -6.3848789170769046E-005  0.98269985033698937        12193204.574003790        616.57973866081329        7.9698559812123033       0.25273395350236588                0           0   385.81451078697370        3.7479255214838184E-003  0.50000000000000000              822   6.8223580823385366E-002           0
         133         134  0.13034205300579016        4.8697333779162973E-002  -3.8327133528561073E-005  0.98105090756687252        13234880.973702008        617.16705853681924        9.6479137366290857       0.49629063105384813                0           0   355.44824823074254        1.2447239200034724E-003   3.7897743205944612E-004         836  0.21094429616118771                0
          17          18   8.8310858010865509E-002   3.6165089814597706E-002  -2.2321003472730643E-005  0.98140412768925933        12747100.610456508        533.22349031307033        8.3157192290284740       0.35643731466084855                0           0   369.04982563531280        3.2391129273980847E-003  0.50000000000000000              720  -4.3154109380557151E-002           0
         275         276  0.13196141201412448        6.9014568623332620E-002  -4.7734025291862897E-005  0.97886644632684683        15446733.710074790        711.01540259822229        13.406471275868697       0.42545923529490465                0           0   304.55080963663391        4.2061728104983431E-003   6.5545502170665047E-004         978  0.37024738081199216                0
         221         222  0.10685030920939192        6.9974509155263417E-002  -3.1626766816487571E-005  0.98465859143018797        22713752.520748720        881.00867246396160        10.614390712847630       0.21969774877062254                0           0   207.11308064783358        1.4448561854770398E-003   2.5694661819889078E-005         924 -0.19748998160912534                0
         157         158  0.17882018552997023        8.7937108552675433E-002  -4.2075843515349000E-005  0.98506809147777852        36757410.981249340        1392.7566074161855        8.2948078024075489       0.37084106811785100                0           0   127.98276951672480        8.4463691242858806E-003   4.0316631185839116E-004         860   5.3808305960126677E-003           0
         145         146  0.11284151051838727        7.1741434973604884E-002  -2.4259822010489976E-005  0.99379766911659995        37282107.363890231        1243.5712587008361        14.880513792301453       0.41394286718813794                0           0   126.18158120002494        2.5146017142392237E-003   1.3284945014161803E-004         848  0.14761290784647985                0
         399         400  0.17014458503807270        6.6018282057290864E-002  -2.6984354500488712E-005  0.99072533347111880        45921799.498195976        1551.2780705307234        9.0332906899194203       0.22085082092454039                0           0   102.44187529779991        9.2485110609313963E-003   1.1323993994866937E-004        1102 -0.12814781604203263                0
