 1021747   1   373 181   0      1.7   7.73   4.63  7.777     0.0  -0.2148   0.0000
  -1.117539   0.000000   0.245505   0.096985  -0.663599   0.060150   0.000000   0.000000   0.000000   0.000000
   0.00000   0.00000   0.13794   0.02907   0.00000  -1.11754   0.00000   0.00000  -0.87203   0.66276   0.19180   0.00000   0.00000
 NAME(I1)    NAME(I2)    M1[M*]                    M2[M*]                    EB[NB]                    ECC                       P[Days]                   SEMI[AU]                  RI[PC]                    VI[km/s]                  K*(I1)      K*(I2)      ZN[NB]                    RP[NB]                    STEP(I1)[NB]              NAME(ICM)                 ECM[NB]                   K*(ICM)      
           3           4   8.7970317491499028E-002   4.9196061553816367E-002  -9.2897646351125171E-004  0.98018963898304645        71340.815372945974        17.361255191394889        6.7198487147184292       0.21255455053602759                0           0   65941.428242054317        1.0539810829294615E-004  0.50000000000000000              706   6.7262263562025734E-002           0
          59          60  0.52934127945164156       0.11516011942956719       -3.1001072744619322E-002  0.99635260950274573        9025.0375450904266        7.3279160146024838        12.711465864950929       0.92551953847896928                0           0   521251.59969045070        4.4850020571511419E-005  0.50000000000000000              762   1.3849098968987379                0
          63          64  0.11284127030153632        5.3401276685359052E-002  -1.4468849236327175E-003  0.97984293960292113        54774.265105649982        15.520472950299069        10.504906809065922       0.36625418280428390                0           0   85885.502043175962        9.4206442072616631E-005  0.25000000000000000              766  0.19059598619894236                0
          83          84  0.10272953417562042        4.1373672231505683E-002  -1.2819188696754095E-003  0.97370419826673227        41789.837138321200        12.356008093958177        14.396075785399839       0.42635094231116660                0           0   112570.79662870750        7.4766174595093939E-005  0.50000000000000000              786  0.30822565673191715                0
         131         132   8.4797441590329786E-002   6.4637458177469395E-002  -7.7121942017657882E-004  0.98912831439601701        128788.41655396212        26.485513546867381        8.9187703280209156       0.47928042544915167                0           0   36527.471829531067        1.6151620773559698E-004   7.8125000000000000E-003         834  0.13173421086785483                0
         137         138  0.13717930409073115       0.13193897190263901       -4.0334545728335997E-003  0.97817964388784162        48147.574536657077        16.722602131164937        9.3495203813828240       0.33012444520723822                0           0   97706.173216745112        1.0141787278782275E-004  0.50000000000000000              840  0.59689537998158393                0
         167         168  0.11739175763496201        6.6852661947444644E-002  -1.3371095085191684E-003  0.97921691183512483        87047.450602289726        21.873015901955345        11.210857467903944       0.70291653366380025                0           0   54043.113555826756        1.3272323952673876E-004  0.25000000000000000              870  0.41156635800325875                0
         177         178  0.17518944591650459       0.15841447355487015       -4.8844045916293037E-002  0.97081544669269548        1948.4551180766894        2.1174370246531056        3.9886867412236970       0.79598063046756595                0           0   2414382.1502485364        1.2793853451865820E-005  0.25000000000000000              880  0.48222732555407638                0
         181         182  0.16494482085752635        4.8117280213717237E-002  -2.2342341753636167E-003  0.98308070947828008        38113.841390388654        13.238244572811659        5.8244717611367340       0.33961248729233656                0           0   123428.00111539195        8.0485139620415977E-005  0.50000000000000000              884   3.0239675928002335E-002           0
         193         194  0.13607741833753259        1.4509867592654014E-002  -3.3139095177587647E-004  0.98026160729439438        98477.807758994706        22.203845682541278        13.545142275726421       0.79443034128816925                0           0   47770.308506030713        1.3480179630591914E-004  0.50000000000000000              896   1.0788478840525380                0
         195         196  0.23980714281985319       0.16746154432118399       -1.7866781603804005E-002  0.96643523058497638        13874.745800257982        8.3762612435180923        12.855869412717340        1.0290574119512754                0           0   339055.96004197007        5.0498069052990366E-005  0.50000000000000000              898  0.79428186383804844                0
         207         208   9.9440827635248155E-002   5.0100703362626467E-002  -8.7683211256005204E-003  0.98112175417415370        2910.2243960466299        2.1174416066239212        3.0309196469771473       0.72202318207501170                0           0   1616478.5313583727        1.2860786271453537E-005  0.25000000000000000              910  0.45430487193985791                0
         225         226  0.11258739991983015        4.7810171057872303E-002  -9.4939383745014589E-004  0.98185672257896206        88575.957032427817        21.129198100363176        13.547140544330791       0.74610490832653820                0           0   53110.521356517827        1.2838083044770557E-004  0.50000000000000000              928   1.0217896539557887                0
         235         236   9.9158490776633662E-002   3.5661683213779022E-002  -5.1301121046354124E-003  0.96614283730650707        4095.4263718306088        2.5687641194955386        5.8100982821567451       0.33708038313192101                0           0   1148675.3345151674        1.5484037106406675E-005   6.2500000000000000E-002         938   8.9305157076869146E-002           0
         249         250   8.3325272192247987E-002   6.4931060179189190E-002  -5.9417119074347373E-003  0.97581540753508467        5929.7866670524481        3.3934150410168407        15.156904054076946       0.41698108600087014                0           0   793336.34104971308        2.0555510157367267E-005  0.25000000000000000              952   1.2426088111221665                0
         271         272  0.13618545113931463       0.10282415591629936       -1.7643068358636144E-003  0.98806680624688603        120181.93023047518        29.578155387187675        4.9461293113368301       0.47902717872472178                0           0   39143.282593508091        1.8027976026539725E-004  0.50000000000000000              974   9.3387031621696440E-002           0
         287         288   8.8414603939471620E-002   4.2704642040310346E-002  -5.8515194294090581E-004  0.98093659039144399        118941.02246670357        24.046383900145148        3.7395022122504775       0.59814100954716687                0           0   39551.663169548527        1.4603779329379048E-004  0.25000000000000000              990  0.19522783954347886                0
         291         292  0.10251315781699964        2.9651563345757474E-002  -1.1831110334550475E-003  0.98075559013170377        29765.556837160901        9.5746088155111213        8.9723407698525932       0.58852588613559542                0           0   158045.59892431262        5.8142920318824777E-005   3.1250000000000000E-002         994  0.23385700856650912                0
         303         304  0.77980953382043972       0.33783563817501155       -5.2382472905160467E-002  0.97671789874474535        28033.625192942258        18.742492285908785        7.2001879425110697       0.63228493053114088                0           0   167809.73653129677        1.1358394461059082E-004  0.25000000000000000             1006  0.23101539408209495                0
         311         312  0.16827131513595273       0.11782564957455051       -9.1314488263872420E-003  0.97485864189666582        15717.300866973132        8.0915100549741776        13.434237507962429       0.15280148238002708                0           0   299308.08714936365        4.8990345746074786E-005  0.50000000000000000             1014 -0.12967696938679890                0
         321         322  0.12252965187021556        4.0765808550071510E-002  -1.0952504619379879E-003  0.97557453106160041        63331.226025514967        16.995860241612995        15.287764365312752       0.41349928640585759                0           0   74281.133539866772        1.0293936416602254E-004  0.50000000000000000             1024  0.71931693046823486                0
         323         324  0.13577855073708561        2.1714876777924844E-002  -1.0672784058174505E-003  0.97737634574565457        30402.145619620234        10.295090097572151        11.594898039977942       0.67262248447036233                0           0   154736.29119810546        6.2411468000077191E-005  0.25000000000000000             1026  0.36416131511798422                0
         337         338  0.14234346256931027        4.8688670540606271E-002  -2.7220309402593351E-003  0.98436219341894415        24424.438780536861        9.4883723855236379        14.484664464773175       0.40576504673352470                0           0   192606.89262565569        5.7724153992768256E-005  0.50000000000000000             1040   1.4561511388499522                0
         363         364   8.0030474895858961E-002   2.5241398542184282E-002  -3.2505135387658957E-004  0.96900162088983910        125469.53716214608        23.159872534501439        12.847449868652825       0.71422340448529420                0           0   37493.684634903126        1.3980643129274424E-004  0.50000000000000000             1066  0.54686542096416346                0
         371         372   9.0756420354949963E-002   8.9399293653254358E-002  -1.4941626717007766E-003  0.97790038526241019        78336.750524128642        20.236383406048532        9.9958464201776334       0.47960751156261944                0           0   60052.468683849453        1.2271064128272370E-004  0.50000000000000000             1074  0.26883249221510946                0
         383         384   9.3433970454860987E-002   6.5975786712685114E-002  -2.9999592269293533E-003  0.97176827062077331        19385.313257799193        7.6576121486429507        13.840338630418712       0.46151640302018382                0           0   242674.19334851863        4.6290742961604388E-005  0.50000000000000000             1086  0.46646489500906113                0
         395         396  0.10118924464727580        7.2387835402996439E-002  -4.0679476328368365E-003  0.98184110250843104        15239.121285685993        6.7103307468978812        9.4945894931928354       0.49424273050437806                0           0   308699.90266850201        4.0771591993552411E-005  0.50000000000000000             1098   6.1342886209992217E-002           0
         401         402  0.11008182267075275        8.1520559788653676E-002  -2.1754919003101718E-003  0.98946501741247106        50292.904508829961        15.372504553420699        10.303483025638110       0.40927293146625193                0           0   93538.349069078395        9.3761781152373525E-005  0.50000000000000000             1104  0.13793855064937946                0
         219         220   5.9461379470541447        2.5291364086335988      -0.75299076982192070       0.98221912150944157        80559.862777643633        74.428097414589246        9.2841215675089206       0.18314509116784092                0           0   58395.273967004177        4.5230718866207646E-004  0.50000000000000000              922  0.12486075042562976                0
         159         160  0.52009082554844766       0.13749382338007102       -6.8562166579241961E-003  0.98252657550525302        109146.58921206869        38.868446659729038        5.8613984699393535       0.57747918379783858                0           0   43100.891119047374        2.3624417772278330E-004  0.25000000000000000              862  0.17837434259513821                0
           1           2   2.0244841138268650       0.61000484406818434       -7.0741485713423660E-002  0.98738152934187551        118081.33591071346        65.056817812538299        12.635225787633056       0.49542445709261101                0           0   39839.617509086311        3.9638661146352313E-004  0.50000000000000000              704  0.12667340575020686                0
         283         284  0.18094602805437388        8.1870494517192083E-002  -1.6064068193646895E-003  0.97697797871714775        143540.44546752289        34.366892541613126        6.1949053968255781       0.28203501345207649                0           0   32773.447527785116        2.0829891525217590E-004   6.2500000000000000E-002         986  -5.1682478691206117E-002           0
         185         186  0.24628085064239766        6.9358336926096664E-002  -1.8551080494142963E-003  0.99057546901522908        130681.44545928008        34.314639623851313        11.344304303185393       0.52332382323020799                0           0   35998.341165507023        2.0941269287605858E-004  0.50000000000000000              888  0.21737561238236006                0
         191         192  0.17819880543248182        5.0730547014061628E-002  -8.9966543292994278E-004  0.98450778698896024        174927.64032278312        37.446621017460309        14.929262273088217       0.63085763572282494                0           0   26892.921261409472        2.2782970840593575E-004  0.25000000000000000              894  0.46976181998103594                0
          71          72  0.16939743337267674        2.6319217633798585E-002  -4.7647967898261517E-004  0.96976219828091648        170003.73667627125        34.870225322542275        10.189827580863508       0.27771580188881201                0           0   27671.834452691655        1.5082883319385277E-004  0.25000000000000000              774 -0.11747578497355693                0
          53          54  0.10539273585624893        8.3691576402142989E-002  -9.4861616487088496E-004  0.98840746126056767        171334.30925667207        34.651436372167325        11.751619772268700       0.24524486067307757                0           0   27456.936547351612        2.1096666920612941E-004  0.50000000000000000              756 -0.17258159068272735                0
         245         246  0.10614450888457336        7.9534736728126665E-002  -8.8338078697462622E-004  0.97533507163214717        180155.36208468804        35.614411017835778        12.717006739979480       0.14619023731363684                0           0   26112.546433302068        2.1568078356416255E-004  0.50000000000000000              948  0.11129077195296833                0
         331         332  0.12214104311112879        9.8521910482032543E-002  -1.1537755047203683E-003  0.97154055198387024        188414.45473505274        38.868024797675822        12.489789622593682       0.28937097307928111                0           0   24967.910579153504        2.3493249830021899E-004  0.50000000000000000             1034   6.9185837953071316E-002           0
         203         204  0.10958957416913398        5.6611292613942377E-002  -6.2817234305771752E-004  0.98494187057407623        200051.97130642890        36.805509599966030        12.363882747150907       0.12142462173364882                0           0   23515.465640870621        1.6988547057778460E-004  0.50000000000000000              906 -0.16877334278012124                0
          21          22  0.17137201111473407        1.8580527211685235E-002  -2.8964617018065918E-004  0.97725619083110171        219756.57682243298        40.968444197440832        6.9914718760128904       0.24017236044396578                0           0   21406.937283364805        1.8343950172520064E-004  0.50000000000000000              724   6.8902566739486415E-002           0
         369         370  0.35577330781196675       0.28758888866695975       -6.5923629871082615E-003  0.96841922705639494        200307.85819162280        57.839387851881206        15.191399965541523       0.41941103252140238                0           0   23485.425385280789        3.4904883910831302E-004  0.50000000000000000             1072   1.5695189961409182                0
          77          78   9.3430964505624117E-002   2.0354482771848002E-002  -1.6334883162896549E-004  0.97425183352183942        309441.22681298596        43.386459025179242        12.951292408397991       0.57617780326321844                0           0   15202.613129787858        1.8457846561722538E-004  0.50000000000000000              780  0.84396782292776695                0
         315         316  0.30834333591613694       0.21242803698149326       -3.5544000840579989E-003  0.96932722246065328        288048.63087816222        68.675120176768687        10.898098053748948       0.41389832413423072                0           0   16331.670257563481        4.1463143421502049E-004   3.1250000000000000E-002        1018  0.22257206788584830                0
          89          90  0.20842321107894346       0.10223825271363279       -1.3435582502014560E-003  0.98702482580270168        297769.38109927031        59.104743533761280        9.2961785043062779       0.75670751463856578                0           0   15798.519109916271        3.6005640583131949E-004  0.50000000000000000              792  0.39918318872385128                0
         155         156  0.50373356431637750       0.18870347651975347       -4.6345267489272665E-003  0.98128177235206437        293320.33962033020        76.435433608783669        12.001305842781097       0.74093463286048833                0           0   16038.148816184937        4.6428632181207922E-004  0.50000000000000000              858  0.45999073783364530                0
         187         188  0.16652052450678573        4.4390738220572948E-002  -5.1200105471243477E-004  0.98740860044556455        313872.49940009229        53.803263366689940        8.8554196729714310       0.66636471512678863                0           0   14987.981637882163        1.5401396217716847E-004  0.50000000000000000              890  0.29389415807612934                0
         255         256   8.3811449474318997E-002   3.0344259974373743E-002  -1.9498774621546684E-004  0.99476358635673934        366335.73421504453        48.606227887337262        12.488673696632068       0.45261626905141156                0           0   12841.540746017587        1.7373772739312873E-004  0.50000000000000000              958  0.23806517288008203                0
          93          94   8.5361728603296438E-002   7.1347741082274679E-002  -4.1080252103106030E-004  0.97812880800934654        378910.90214675880        55.249666982163497        13.436607914940016       0.47664611838262222                0           0   12415.359998859836        1.7179347800011020E-004  0.50000000000000000              796  0.35173819587665128                0
          95         546  0.62290701776509083       0.52092362269304604       -3.7742882337663606E-003  0.93636735305324392        1958536.5679857328        320.39191537125004        11.171014058802838       0.51667168191336477                0           0   2401.9542624536953        1.7894461546353524E-003   4.7902123851179127E-003         798  0.31510265362139156                0
          67          68  0.52597586808430075       0.46375414949012228       -9.5351984985231255E-003  0.98266064699714351        341740.68956755206        95.332992401100725        15.473357824623687       0.46141278054893742                0           0   13765.745201713413        5.7947742737167690E-004  0.50000000000000000              770   7.0789967842271373E-002           0
         213         214   8.6717284611907239E-002   1.7710005955573944E-002  -1.1427078035879827E-004  0.98213695314694749        400632.33674856107        50.085097135765906        7.3560340060714307       0.34227570084535308                0           0   11742.225542311169        1.5552041722878169E-004  0.50000000000000000              916  0.15356462166425452                0
         313         314  0.11479116130453372        5.7685466757393881E-002  -3.9453446450446250E-004  0.99253727403468150        435049.79924732697        62.547398305763593        5.2750914463467202       0.43803834449632839                0           0   10813.279918261374        1.7042172232509015E-004  0.50000000000000000             1016   7.7342074008798084E-002           0
         365         366  0.29906545429998188       0.27572229150032296       -3.4223050706489746E-003  0.97703614846779008        409915.73603235272        89.792227251814452        13.381887691561330       0.29965152716471832                0           0   11476.298283102440        5.4424978456707430E-004  0.50000000000000000             1068 -0.23618744279008635                0
         201         202  0.41909726131645580       0.36316033186407948       -5.4401348907038797E-003  0.97784193266974673        439642.50440806977        104.26124217537117        11.522117974319031       0.38740125624151295                0           0   10700.319487940789        6.3220712582260643E-004  0.50000000000000000              904   7.2052554842611125E-002           0
         171         172  0.11855449161888632       0.10910379859810015       -6.3808363105355751E-004  0.99690688946593098        502629.43037454027        75.543937317710842        5.2713599342010786       0.23555257468926571                0           0   9359.4106778413025        1.6222029374787257E-004  0.50000000000000000              874  -7.4205368185323237E-002           0
         347         348  0.19457293008789711        9.8264029982305379E-002  -8.4213227326918961E-004  0.97623178622328566        525292.62380639045        84.608893442837001        4.0509382150942352       0.37398540743493036                0           0   8955.6088253366652        5.1262384884362530E-004  0.25000000000000000             1050  0.15732885493079715                0
         343         344   9.9716206803828866E-002   3.9838043689421537E-002  -1.9541286924161294E-004  0.98547806040898511        644708.77578794607        75.758248904357316        15.624615393270359       0.55771046714551087                0           0   7296.8066114739531        4.6110969753691106E-004  0.50000000000000000             1046   1.7390139526317407                0
          99         100  0.11123848720615616        3.9011678252708890E-002  -1.9764343022701515E-004  0.98119635498491209        697449.45099556562        81.825121918085514        11.402895848329038       0.54613442739072326                0           0   6745.0268272914218        1.9609050585244134E-004  0.25000000000000000              802  0.13313598669644336                0
         391         392  0.13558686976987694        5.7578981684498085E-002  -2.5446740011902898E-004  0.98428057182237338        1015963.8259505472        114.33226250480101        11.812579854806932       0.30535620669068592                0           0   4630.3964151906221        1.9855493643177781E-004  0.50000000000000000             1094  0.10385152621106666                0
         385         386  0.12648191059682606        5.9749107023494945E-002  -2.5030111744847215E-004  0.99192399726360403        1010156.8010307509        112.51654391747591        13.754412072784058       0.27651805699995208                0           0   4657.0148840700185        1.9971473045980897E-004  0.50000000000000000             1088   7.7539295395667417E-003           0
          41          42  0.11122608390456809        8.6847116325004775E-002  -3.0034655602715249E-004  0.97689552612968544        1076875.4069236529        119.85571002551679        3.4175443405618582       0.83525774617725435                0           0   4368.4861102769009        1.9934720720389158E-004  0.25000000000000000              744  0.52073275349342929                0
         345         346  0.55774375829353751       0.47607345656862060       -4.7923803546830179E-003  0.97923176074338625        1065819.0059203701        206.47940675782556        1.7520828674432376       0.25601011847600447                0           0   4413.8031237137029        1.2529054742208931E-003  0.50000000000000000             1048  -4.2212784968099777E-002           0
          73          74  0.94128231410560004       0.69908498357263338       -1.0547991353088345E-002  0.98595090542721642        1010924.7705775029        232.48741209934116        12.492740793576072       0.54507185055842511                0           0   4653.4770880699325        1.4155097427745917E-003  0.50000000000000000              776  0.38507410631106542                0
         285         286   8.9462339041284894E-002   4.2834040765278178E-002  -1.2838168338598593E-004  0.97556116315563901        1178106.6063545495        111.23605151706303        9.6839438642658333       0.66977299475172392                0           0   3993.1150816660524        1.4410236536712358E-004  0.50000000000000000              988  0.22730307237278197                0
         293         294  0.55382231722128972       0.12326253909399966       -1.3046202120956597E-003  0.97555013427591697        1208714.8768618368        195.00098063437505        12.084938315092772       0.55833722181467416                0           0   3891.9974823661364        1.1809822740092247E-003  0.50000000000000000              996  0.92318535350819375                0
         123         124  0.67985937278035102       0.12376754478802159       -1.4259437356367586E-003  0.97763450747397851        1328700.8239903566        219.90890269502705        10.647331829198510       0.58390027086741580                0           0   3540.5376234484115        1.3330674591925293E-003  0.50000000000000000              826  0.32050073096458798                0
           7           8  0.10772050310063933        1.1526931384030817E-002  -3.7943697728780554E-005  0.99082248886431246        1424470.1409572540        121.95279694780302        10.292189544920824       0.46995836023907001                0           0   3302.5018372680170        1.6260639909577266E-004   6.2500000000000000E-002         710  -9.7370607979984924E-003           0
         355         356  0.32294731613854971       0.22153041596011064       -1.4146791448691402E-003  0.98835597978780254        1280677.5733209376        188.46314208734015        4.5070759670334573       0.43918950793963019                0           0   3673.3018174480535        1.1488556879049804E-003  0.50000000000000000             1058   6.7408457674267744E-002           0
          85          86   8.0567479673496034E-002   7.0359839832317903E-002  -1.6540594186675728E-004  0.98642166572395873        1357017.8794508749        127.71821781941760        7.4617620401383231       0.32038241431830183                0           0   3466.6567986181526        1.9401392259058692E-004   6.2500000000000000E-002         788  -5.6280907375255464E-002           0
         387         388  0.11696728908539532        8.3148869844046139E-002  -2.2937251728653903E-004  0.96131970365024555        1621799.7944770937        158.01515096768134        7.0602292861877993       0.46150706766016486                0           0   2900.6757021827989        1.8206759352018764E-004   7.8069865961978636E-006        1090   3.0065585180619844E-002           0
         103         104   9.4240900685283069E-002   8.1646476448274677E-002  -1.9581474411928143E-004  0.97430932578693863        1543295.6101144454        146.43699954217337        6.6489014507584843       0.15436063728218410                0           0   3048.2269416265021        8.8618227905427590E-004  0.25000000000000000              806  -4.8838569380325679E-002           0
          65          66   8.1196656538748205E-002   3.2700733033609646E-002  -6.2627861262289943E-005  0.98184767372588766        2149336.5504112290        157.99647215383459        11.194280681929326       0.56138470816461161                0           0   2188.7290088398181        1.9363885980735446E-004  0.50000000000000000              768  0.17590255142096833                0
          15          16  0.12041882448822794        4.7134796559794988E-002  -1.1370748620294229E-004  0.97825164521118502        2263928.7909641471        186.02285177799217        12.151103311891330       0.60489597114318305                0           0   2077.9431210119114        1.1281688166013199E-003  0.50000000000000000              718  0.17938123877911982                0
         243         244  0.10897784068549871        6.2870305948584129E-002  -1.2688985103554134E-004  0.99345305026723485        2514966.0648626112        201.22235189126619        13.167566137524933       0.37919315165928769                0           0   1870.5283237695505        1.2297376519750148E-003  0.50000000000000000              946   7.3578301745693755E-002           0
         265         266   8.4095384718170976E-002   3.6296916915751078E-002  -2.5179298176534750E-005  0.98201151897015948        10108047.809151007        451.77023537110205        6.1881249195734691       0.52258502735986290                0           0   465.40294886475084        2.6693583922554891E-003   3.3051690508598109E-004         968  0.21594747112937335                0
         127         128  0.41687934908818136       0.27898104023835063       -1.0601324713850049E-003  0.99434194081511351        3619474.9262651657        408.83142482301037        11.023840091520912       0.30703860133923788                0           0   1299.7231237899509        2.4997052625840904E-003  0.25000000000000000              830  -2.3851009668266199E-003           0
         217         218   8.1228311512873880E-002   6.5270211912634449E-002  -8.4864059256294254E-005  0.97696892315676265        3390006.8490829859        232.81876606981328        13.849416235998296       0.72536783616029477                0           0   1387.7008121435813        1.4110585494170628E-003  0.50000000000000000              920  0.32157605620224666                0
         143         144  0.25022565110097550       0.15769561095085233       -3.9893226177458845E-004  0.97378367469115990        4047244.7606835263        368.61381757316616        10.214389669012224       0.64769897004967469                0           0   1162.3500766111972        2.2305190603367172E-003  0.50000000000000000              846  0.21743673884693421                0
          61          62  0.16574606629006447        5.1105325148539382E-002  -1.0680914848388477E-004  0.98146224652464376        3985102.7316611102        295.54272204541036        7.8983571782853161       0.44796551603121032                0           0   1180.4752786595950        1.7952874583487142E-003  0.50000000000000000              764  0.28024253462579646                0
          29          30   9.2064989403419284E-002   3.8673592252436655E-002  -4.8326417632826574E-005  0.98790084533106615        4595724.3541263249        274.56410217347485        6.6967217025941919       0.83549874513645905                0           0   1023.6286807368981        1.6733196375634911E-003  0.25000000000000000              732  0.51031801140015076                0
         405         406   8.7236661288412828E-002   5.5735761705262711E-002  -1.4072219982536795E-005  0.99445045527554632        44632234.652881853        1287.6258805654079        12.404866509598218       0.69841380824792687                0           0   105.40174145954420        7.8733128566099032E-003  0.50000000000000000             1108   1.2958018791269676                0
          45          46   8.6894120985331738E-002   8.6164685909330241E-002  -8.2040856412477007E-005  0.98387083180607882        5506893.1944410549        340.10174038637848        8.7224357111789441       0.65275441386506183                0           0   854.25939664011355        2.0685513436049150E-003  0.50000000000000000              748  0.47185018381717952                0
         161         162   9.3309048906446132E-002   9.2827486138433946E-002  -9.1369121516184700E-005  0.98817507040631947        5621533.0769113274        353.28096574234917        8.9827567672251636       0.44285215492669078                0           0   836.83849108106358        1.1356886989798488E-003   2.1990435249746310E-005         864  0.10702086902662508                0
         289         290  0.10428359770713377        2.3242149003040714E-002  -2.7029461600187122E-005  0.98098929184707395        6248166.9961116603        334.17520847272243        13.746734233972450       0.16226457323908453                0           0   752.91125550458833        2.0235035135606210E-003   1.1292430704717578E-003         992  -4.6802322702403164E-002           0
         115         116   9.5073144526220191E-002   4.6025486525321645E-002  -4.6726263478262970E-005  0.98361077625756288        6339435.9430684811        348.99124241529205        10.265387009060460       0.48970989555445477                0           0   742.07158174513086        2.1223306805025111E-003  0.25000000000000000              818  0.16989872594308270                0
         223         224  0.13901763968801717        6.0776114313866474E-002  -7.7057804859328603E-005  0.98945669613700493        6749282.1923650755        408.60675662787281        7.7608735701553355       0.32172145972045851                0           0   697.00971504293886        2.3024120164733949E-003   2.4452838741793420E-004         926   9.8356331055179727E-002           0
         199         200  0.11230093762090229        4.7925291740752780E-002  -4.9845320530023470E-005  0.98557578802919299        7365259.5215128316        402.38621163417127        10.157770894182901       0.41749531500163584                0           0   638.71683596540686        2.4494184751019071E-003  0.50000000000000000              902  0.76415210530323030                0
         373         374  0.15845034820673778       0.15233439132851201       -1.7085728642994631E-004  0.97954888080801827        7914543.4634984452        526.47407598386951        7.4915847196481087       0.40090073590699610                0           0   594.38870723761579        1.1561439353432906E-003   3.4918758587852229E-005        1076  0.11009642266753944                0
          69          70  0.10464422723177559       0.10349050793134676       -8.6377732787562200E-005  0.98042651398566583        8085705.8082159301        467.23280664956275        11.009305119049069       0.16555261360481116                0           0   581.80638391081243        2.8368343572848856E-003  0.50000000000000000              772 -0.16240583790076316                0
          51          52  0.11606384615255892        9.5064690585184505E-002  -1.2276543213329298E-004  0.98205345115529663        4872545.5793825211        334.93415447263214        2.7615474568881084       0.45551651381704034                0           0   965.47383313362923        1.9892380511386115E-004  0.50000000000000000              754   6.4434483472049317E-002           0
         267         268  0.11152016154947933        1.9237634443879208E-002  -2.0555976153484900E-005  0.97571052728083352        7747933.0945883272        388.94329465412619        3.9619256650510533       0.54701230801177170                0           0   607.17035113926966        2.2194247550951780E-003   1.1579015545837275E-003         970  0.15305323399407550                0
         367         368  0.20322917187314732       0.17631903439505672       -1.9839557429356810E-004  0.98268340390190145        10352986.711352294        673.08916936939295        14.536659749546271       0.52469756289990332                0           0   454.39208885358374        3.8901680108609526E-003   4.6416239569442862E-004        1070   1.5341893025759747                0
         305         306   8.5255713978393793E-002   1.6586699482616780E-002  -1.1931200371230782E-005  0.97557216214542408        10624387.113807641        441.69112072417624        15.243414172985544       0.24686025648618559                0           0   442.78462439785847        2.6751951435917505E-003  0.50000000000000000             1008   7.7072549991079903E-002           0
         325         326  0.14296285691723640        1.8018411898666035E-002  -1.7591034512000332E-005  0.98525910189351285        11605238.715074902        545.71725305743564        5.3163139932955863       0.38529000227749582                0           0   405.36135215676182        1.9976652747874619E-004  0.50000000000000000             1028   2.6800271217867492E-002           0
         119         120  0.12744757891135747        8.2887871857059842E-002  -6.3848789170769046E-005  0.98269985033698937        12193204.574003790        616.57973866081329        7.9775043309941536       0.25238157924291704                0           0   385.81451078697370        3.7479255214838184E-003  0.50000000000000000              822   6.8280681860933876E-002           0
         133         134  0.13034205300579016        4.8697333779162973E-002  -3.8327278128717906E-005  0.98105083969927898        13234806.075451229        617.16473010501272        9.3234948750144024       0.49990622519680972                0           0   355.45025977907073        2.6307834268041539E-003   5.5748115702017494E-004         836  0.21118471096953859                0
          17          18   8.8310858010865509E-002   3.6165089814597706E-002  -2.2321003472730643E-005  0.98140412768925933        12747100.610456508        533.22349031307033        8.3608515698732848       0.35511771420840582                0           0   369.04982563531280        3.2391129273980847E-003  0.50000000000000000              720  -4.3143973934636481E-002           0
         275         276  0.13196141201412448        6.9014568623332620E-002  -4.7733805674237671E-005  0.97886860731877179        15446840.313104728        711.01867389645668        13.131630707410620       0.42678747192096528                0           0   304.54870784504294        3.3526264716708912E-003   5.8458057280484708E-004         978  0.37015012030131239                0
         221         222  0.10685030920939192        6.9974509155263417E-002  -3.1626781872266785E-005  0.98470050506295037        22713736.301589724        881.00825306396962        10.817093335772096       0.22559362648806600                0           0   207.11322854071838        7.9441196609390319E-004   1.9529750242362205E-005         924 -0.19630925115739795                0
         157         158  0.17882018552997023        8.7937108552675433E-002  -4.2075682496185848E-005  0.98506592273085636        36757621.981506512        1392.7619373476352        7.9791850586648092       0.37059906877314996                0           0   127.98203485556267        7.6416870182957012E-003   3.8349320549037433E-004         860   4.8722829919142317E-003           0
         145         146  0.11284151051838727        7.1741434973604884E-002  -2.4259689095983386E-005  0.99379859188707220        37282413.757327892        1243.5780720058051        14.586596572422277       0.41388138197592478                0           0   126.18054421758372        6.5113199267208561E-003   2.1457457563357819E-004         848  0.14741091476501347                0
         399         400  0.17014458503807270        6.6018282057290864E-002  -2.6984134906449077E-005  0.99072428922609979        45922360.059467070        1551.2906946678056        9.2076036220084791       0.21980609487887082                0           0   102.44062481877934        4.7173779856456528E-003   8.1027410604358045E-005        1102 -0.12809729888757873                0
