 1021990   1   373  29   0      2.0   7.73   4.63  2.133     0.0  -0.2148   0.0000
  -1.117539   0.000000   0.245505   0.096985  -0.663599   0.060150   0.000000   0.000000   0.000000   0.000000
   0.00000   0.00000   0.14035   0.02890   0.00000  -1.11754   0.00000   0.00000  -0.87203   0.66276   0.19180   0.00000   0.00000
 NAME(I1)    NAME(I2)    M1[M*]                    M2[M*]                    EB[NB]                    ECC                       P[Days]                   SEMI[AU]                  RI[PC]                    VI[km/s]                  K*(I1)      K*(I2)      ZN[NB]                    RP[NB]                    STEP(I1)[NB]              NAME(ICM)                 ECM[NB]                   K*(ICM)      
           3           4   8.7970317491499028E-002   4.9196061553816367E-002  -9.2897646351125171E-004  0.98018963898304645        71340.815372945974        17.361255191394889        2.6618254181227128       0.22481359708942189                0           0   65941.428242054317        1.0539810829294615E-004  0.50000000000000000              706   6.7896400959509717E-002           0
          59          60  0.52934127945164156       0.11516011942956719       -3.1001072744619322E-002  0.99635260950274573        9025.0375450904266        7.3279160146024838        15.944235929650940       0.94675270329071803                0           0   521251.59969045070        4.4850020571511419E-005  0.50000000000000000              762   1.3848931306074239                0
          63          64  0.11284127030153632        5.3401276685359052E-002  -1.4468849236327175E-003  0.97984293960292113        54774.265105649982        15.520472950299069        16.540516465626343       0.36706914016711567                0           0   85885.502043175962        9.4206442072616631E-005  0.25000000000000000              766  0.19053308749404177                0
          83          84  0.10272953417562042        4.1373672231505683E-002  -1.2819188696754095E-003  0.97370419826673227        41789.837138321200        12.356008093958177        18.576010221136059       0.44325379257148428                0           0   112570.79662870750        7.4766174595093939E-005  0.50000000000000000              786  0.30809061694886353                0
         131         132   8.4797441590329786E-002   6.4637458177469395E-002  -7.7121942017657882E-004  0.98912831439601701        128788.41655396212        26.485513546867381        5.7478694906271075       0.51816869243878860                0           0   36527.471829531067        1.6151620773559698E-004   1.5625000000000000E-002         834  0.17394408948247367                0
         137         138  0.13717930409073115       0.13193897190263901       -4.0334545728335997E-003  0.97817964388784162        48147.574536657077        16.722602131164937        8.9012949470669227       0.36044100335620810                0           0   97706.173216745112        1.0141787278782275E-004  0.50000000000000000              840  0.59705013613813007                0
         167         168  0.11739175763496201        6.6852661947444644E-002  -1.3371095085191684E-003  0.97921691183512483        87047.450602289726        21.873015901955345        17.853577453433854       0.70703669447823336                0           0   54043.113555826756        1.3272323952673876E-004  0.25000000000000000              870  0.41149285482259196                0
         177         178  0.17518944591650459       0.15841447355487015       -4.8844045916293037E-002  0.97081544669269548        1948.4551180766894        2.1174370246531056        3.5270351923398455       0.79583526141999261                0           0   2414382.1502485364        1.2793853451865820E-005  0.50000000000000000              880  0.48284331749571752                0
         181         182  0.16494482085752635        4.8117280213717237E-002  -2.2342341753636167E-003  0.98308070947828008        38113.841390388654        13.238244572811659        2.7060045649956144       0.34489673618102995                0           0   123428.00111539195        8.0485139620415977E-005  0.25000000000000000              884   2.9715880731182538E-002           0
         193         194  0.13607741833753259        1.4509867592654014E-002  -3.3139095177587647E-004  0.98026160729439438        98477.807758994706        22.203845682541278        18.104483984263293       0.81407314293243671                0           0   47770.308506030713        1.3480179630591914E-004  0.50000000000000000              896   1.0748632805720375                0
         195         196  0.23980714281985319       0.16746154432118399       -1.7866781603804005E-002  0.96643523058497638        13874.745800257982        8.3762612435180923        9.6259134680362894        1.0371274564125292                0           0   339055.96004197007        5.0498069052990366E-005  0.50000000000000000              898  0.79736617131991139                0
         207         208   9.9440827635248155E-002   5.0100703362626467E-002  -8.7683211256005204E-003  0.98112175417415370        2910.2243960466299        2.1174416066239212        5.5039110117174319       0.71682849554539796                0           0   1616478.5313583727        1.2860786271453537E-005  0.25000000000000000              910  0.45472440016395665                0
         225         226  0.11258739991983015        4.7810171057872303E-002  -9.4939383745014589E-004  0.98185672257896206        88575.957032427817        21.129198100363176        17.894162533962508       0.77156903517761199                0           0   53110.521356517827        1.2838083044770557E-004  0.50000000000000000              928   1.0214889464135726                0
         235         236   9.9158490776633662E-002   3.5661683213779022E-002  -5.1301121046354124E-003  0.96614283730650707        4095.4263718306088        2.5687641194955386        2.2726538232234548       0.34558838659909291                0           0   1148675.3345151674        1.5484037106406675E-005  0.12500000000000000              938   9.2893699090599399E-002           0
         249         250   8.3325272192247987E-002   6.4931060179189190E-002  -5.9417119074347373E-003  0.97581540753508467        5929.7866670524481        3.3934150410168407        17.133682898851060       0.41321742539751943                0           0   793336.34104971308        2.0555510157367267E-005  0.25000000000000000              952   1.2427260970335268                0
         271         272  0.13618545113931463       0.10282415591629936       -1.7643068358636144E-003  0.98806680624688603        120181.93023047518        29.578155387187675        10.337216061791095       0.47282090770022461                0           0   39143.282593508091        1.8027976026539725E-004  0.50000000000000000              974   9.3716493776155069E-002           0
         287         288   8.8414603939471620E-002   4.2704642040310346E-002  -5.8515194294090581E-004  0.98093659039144399        118941.02246670357        24.046383900145148        3.8024625613459393       0.59689650170551201                0           0   39551.663169548527        1.4603779329379048E-004  0.25000000000000000              990  0.19365369409535182                0
         291         292  0.10251315781699964        2.9651563345757474E-002  -1.1831110334550475E-003  0.98075559013170377        29765.556837160901        9.5746088155111213        16.100444473786887       0.58864828313926620                0           0   158045.59892431262        5.8142920318824777E-005   3.1250000000000000E-002         994  0.23380331714591648                0
         303         304  0.77980953382043972       0.33783563817501155       -5.2382472905160467E-002  0.97671789874474535        28033.625192942258        18.742492285908785        3.1746725118164401       0.62923769642529903                0           0   167809.73653129677        1.1358394461059082E-004   6.2500000000000000E-002        1006  0.22925335459623100                0
         311         312  0.16827131513595273       0.11782564957455051       -9.1314488263872420E-003  0.97485864189666582        15717.300866973132        8.0915100549741776        19.750231165831504       0.14794979233423705                0           0   299308.08714936365        4.8990345746074786E-005  0.50000000000000000             1014 -0.13028290202770579                0
         321         322  0.12252965187021556        4.0765808550071510E-002  -1.0952504619379879E-003  0.97557453106160041        63331.226025514967        16.995860241612995        19.284146882242105       0.41399231080322141                0           0   74281.133539866772        1.0293936416602254E-004  0.50000000000000000             1024  0.71930545724877448                0
         323         324  0.13577855073708561        2.1714876777924844E-002  -1.0672784058174505E-003  0.97737634574565457        30402.145619620234        10.295090097572151        16.146084960679016       0.68473259711259304                0           0   154736.29119810546        6.2411468000077191E-005  0.25000000000000000             1026  0.36409611376601947                0
         337         338  0.14234346256931027        4.8688670540606271E-002  -2.7220309402593351E-003  0.98436219341894415        24424.438780536861        9.4883723855236379        13.213954439993588       0.41236815657990866                0           0   192606.89262565569        5.7724153992768256E-005  0.50000000000000000             1040   1.4558352725431547                0
         363         364   8.0030474895858961E-002   2.5241398542184282E-002  -3.2505135387658957E-004  0.96900162088983910        125469.53716214608        23.159872534501439        12.009291149242276       0.72005874840240591                0           0   37493.684634903126        1.3980643129274424E-004  0.50000000000000000             1066  0.54697874057838192                0
         371         372   9.0756420354949963E-002   8.9399293653254358E-002  -1.4941626717007766E-003  0.97790038526241019        78336.750524128642        20.236383406048532        10.119673755226227       0.49308519677918888                0           0   60052.468683849453        1.2271064128272370E-004  0.50000000000000000             1074  0.26921260000221259                0
         383         384   9.3433970454860987E-002   6.5975786712685114E-002  -2.9999592269293533E-003  0.97176827062077331        19385.313257799193        7.6576121486429507        7.6216496855061768       0.45336432961014361                0           0   242674.19334851863        4.6290742961604388E-005  0.50000000000000000             1086  0.46636026874499259                0
         395         396  0.10118924464727580        7.2387835402996439E-002  -4.0679476328368365E-003  0.98184110250843104        15239.121285685993        6.7103307468978812        7.7794940581458034       0.49535240576542428                0           0   308699.90266850201        4.0771591993552411E-005  0.50000000000000000             1098   6.0547012652222044E-002           0
         401         402  0.11008182267075275        8.1520559788653676E-002  -2.1754919003101718E-003  0.98946501741247106        50292.904508829961        15.372504553420699        5.4559677080066260       0.39451628709013858                0           0   93538.349069078395        9.3761781152373525E-005  0.50000000000000000             1104  0.13838694280740468                0
         219         220   5.9461379470541447        2.5291364086335988      -0.75299076982192070       0.98221912150944157        80559.862777643633        74.428097414589246        3.9794490629965402       0.17792483058286920                0           0   58395.273967004177        4.5230718866207646E-004  0.50000000000000000              922  0.12519074934604943                0
         159         160  0.52009082554844766       0.13749382338007102       -6.8562166579241961E-003  0.98252657550525302        109146.58921206869        38.868446659729038        1.8965906472500356       0.57793187804607571                0           0   43100.891119047374        2.3624417772278330E-004  0.25000000000000000              862  0.17379578672071017                0
           1           2   2.0244841138268650       0.61000484406818434       -7.0741485713423660E-002  0.98738152934187551        118081.33591071346        65.056817812538299        19.294579831399204       0.50089729988841247                0           0   39839.617509086311        3.9638661146352313E-004  0.50000000000000000              704  0.12655680946154763                0
         283         284  0.18094602805437388        8.1870494517192083E-002  -1.6064068193646895E-003  0.97697797871714775        143540.44546752289        34.366892541613126        4.7571931405093331       0.27773880257957345                0           0   32773.447527785116        2.0829891525217590E-004   6.2500000000000000E-002         986  -5.2280490521309217E-002           0
         185         186  0.24628085064239766        6.9358336926096664E-002  -1.8551080494142963E-003  0.99057546901522908        130681.44545928008        34.314639623851313        8.9784059067271826       0.51801833231971561                0           0   35998.341165507023        2.0941269287605858E-004  0.50000000000000000              888  0.21728698776379124                0
         191         192  0.17819880543248182        5.0730547014061628E-002  -8.9966543292994278E-004  0.98450778698896024        174927.64032278312        37.446621017460309        21.237455868240342       0.63477022749207446                0           0   26892.921261409472        2.2782970840593575E-004  0.25000000000000000              894  0.46969209650021215                0
          71          72  0.16939743337267674        2.6319217633798585E-002  -4.7647967898261517E-004  0.96976219828091648        170003.73667627125        34.870225322542275        13.408412390616199       0.28080158669874927                0           0   27671.834452691655        1.5082883319385277E-004  0.25000000000000000              774 -0.11718939225911552                0
          53          54  0.10539273585624893        8.3691576402142989E-002  -9.4861616487088496E-004  0.98840746126056767        171334.30925667207        34.651436372167325        17.027019277192355       0.23782405021878908                0           0   27456.936547351612        2.1096666920612941E-004  0.50000000000000000              756 -0.17408526648401121                0
         245         246  0.10614450888457336        7.9534736728126665E-002  -8.8338078697462622E-004  0.97533507163214717        180155.36208468804        35.614411017835778        7.7431907937357218       0.13417449267333958                0           0   26112.546433302068        2.1568078356416255E-004  0.50000000000000000              948  0.11144581434226469                0
         331         332  0.12214104311112879        9.8521910482032543E-002  -1.1537755047203683E-003  0.97154055198387024        188414.45473505274        38.868024797675822        19.119032406295553       0.28874874563038144                0           0   24967.910579153504        2.3493249830021899E-004  0.50000000000000000             1034   6.9189601211422272E-002           0
         203         204  0.10958957416913398        5.6611292613942377E-002  -6.2817234305771752E-004  0.98494187057407623        200051.97130642890        36.805509599966030        17.919999005435656       0.11180244736790400                0           0   23515.465640870621        1.6988547057778460E-004  0.50000000000000000              906 -0.16890050482700858                0
          21          22  0.17137201111473407        1.8580527211685235E-002  -2.8964617018065918E-004  0.97725619083110171        219756.57682243298        40.968444197440832        3.4655655706844843       0.24114851529089629                0           0   21406.937283364805        1.8343950172520064E-004  0.50000000000000000              724   7.0579844994170277E-002           0
         369         370  0.35577330781196675       0.28758888866695975       -6.5923629871082615E-003  0.96841922705639494        200307.85819162280        57.839387851881206        14.831121225422180       0.43362960373892190                0           0   23485.425385280789        3.4904883910831302E-004  0.50000000000000000             1072   1.5709711179819770                0
          77          78   9.3430964505624117E-002   2.0354482771848002E-002  -1.6334883162896549E-004  0.97425183352183942        309441.22681298596        43.386459025179242        8.9434038917426548       0.59229684426676676                0           0   15202.613129787858        1.8457846561722538E-004  0.50000000000000000              780  0.84268596557674891                0
         315         316  0.30834333591613694       0.21242803698149326       -3.5544000840579989E-003  0.96932722246065328        288048.63087816222        68.675120176768687        4.6696115177554782       0.42796003926300341                0           0   16331.670257563481        4.1463143421502049E-004   3.1250000000000000E-002        1018  0.23794031388914122                0
          89          90  0.20842321107894346       0.10223825271363279       -1.3435582502014560E-003  0.98702482580270168        297769.38109927031        59.104743533761280        6.9489658345164349       0.75646556731115155                0           0   15798.519109916271        3.6005640583131949E-004  0.50000000000000000              792  0.39871839783221463                0
         155         156  0.50373356431637750       0.18870347651975347       -4.6345267489272665E-003  0.98128177235206437        293320.33962033020        76.435433608783669        8.5844446288806626       0.75188515253798449                0           0   16038.148816184937        4.6428632181207922E-004  0.50000000000000000              858  0.46026130322868009                0
         187         188  0.16652052450678573        4.4390738220572948E-002  -5.1200105471243477E-004  0.98740860044556455        313872.49940009229        53.803263366689940        5.9887236977519986       0.66569557456294559                0           0   14987.981637882163        1.5401396217716847E-004  0.50000000000000000              890  0.29481604375809412                0
         255         256   8.3811449474318997E-002   3.0344259974373743E-002  -1.9498774621546684E-004  0.99476358635673934        366335.73421504453        48.606227887337262        5.8451757231130381       0.45099529226233515                0           0   12841.540746017587        1.7373772739312873E-004  0.50000000000000000              958  0.23725212624313496                0
          93          94   8.5361728603296438E-002   7.1347741082274679E-002  -4.1080252103106030E-004  0.97812880800934654        378910.90214675880        55.249666982163497        6.5205153694269207       0.49334531639038887                0           0   12415.359998859836        1.7179347800011020E-004  0.50000000000000000              796  0.35237578689250876                0
          95         546  0.62290701776509083       0.52092362269304604       -3.7742929072718933E-003  0.93636013853500610        1958532.9302598557        320.39151864703558        4.8890605386646282       0.51710799152900300                0           0   2401.9587237783130        9.8601993955998697E-004   2.7992847788379607E-003         798  0.31063830396406661                0
          67          68  0.52597586808430075       0.46375414949012228       -9.5351984985231255E-003  0.98266064699714351        341740.68956755206        95.332992401100725        18.704779619365219       0.47585559849460962                0           0   13765.745201713413        5.7947742737167690E-004  0.50000000000000000              770   7.0744076652771298E-002           0
         213         214   8.6717284611907239E-002   1.7710005955573944E-002  -1.1427078035879827E-004  0.98213695314694749        400632.33674856107        50.085097135765906        3.7480652858315811       0.33918643191477788                0           0   11742.225542311169        1.5552041722878169E-004  0.50000000000000000              916  0.15516148005917033                0
         313         314  0.11479116130453372        5.7685466757393881E-002  -3.9453446450446250E-004  0.99253727403468150        435049.79924732697        62.547398305763593        2.5387859743236136       0.44511463889664427                0           0   10813.279918261374        1.7042172232509015E-004  0.50000000000000000             1016   7.7331522860293406E-002           0
         365         366  0.29906545429998188       0.27572229150032296       -3.4223050706489746E-003  0.97703614846779008        409915.73603235272        89.792227251814452        15.742558967800397       0.30378063732821586                0           0   11476.298283102440        5.4424978456707430E-004  0.25000000000000000             1068 -0.23612836122751116                0
         201         202  0.41909726131645580       0.36316033186407948       -5.4401348907038797E-003  0.97784193266974673        439642.50440806977        104.26124217537117        18.301164006783971       0.38595805680694018                0           0   10700.319487940789        6.3220712582260643E-004  0.50000000000000000              904   7.2127444624113454E-002           0
         171         172  0.11855449161888632       0.10910379859810015       -6.3808363105355751E-004  0.99690688946593098        502629.43037454027        75.543937317710842        4.6497678846144668       0.23550771820342739                0           0   9359.4106778413025        1.6222029374787257E-004  0.50000000000000000              874  -7.4673874973180981E-002           0
         347         348  0.19457293008789711        9.8264029982305379E-002  -8.4213227326918961E-004  0.97623178622328566        525292.62380639045        84.608893442837001        9.1299660322293779       0.36142423298503717                0           0   8955.6088253366652        5.1262384884362530E-004  0.25000000000000000             1050  0.15746535272856729                0
         343         344   9.9716206803828866E-002   3.9838043689421537E-002  -1.9541286924161294E-004  0.98547806040898511        644708.77578794607        75.758248904357316        15.036675819804110       0.55151762286749462                0           0   7296.8066114739531        4.6110969753691106E-004  0.50000000000000000             1046   1.7414675110013289                0
          99         100  0.11123848720615616        3.9011678252708890E-002  -1.9764343022701515E-004  0.98119635498491209        697449.45099556562        81.825121918085514        6.5494023037893250       0.54578669904549337                0           0   6745.0268272914218        1.9609050585244134E-004  0.25000000000000000              802  0.13210692469946195                0
         391         392  0.13558686976987694        5.7578981684498085E-002  -2.5446740011902898E-004  0.98428057182237338        1015963.8259505472        114.33226250480101        15.799197647421904       0.29904719388357243                0           0   4630.3964151906221        1.9855493643177781E-004  0.50000000000000000             1094  0.10401787147914485                0
         385         386  0.12648191059682606        5.9749107023494945E-002  -2.5030111744847215E-004  0.99192399726360403        1010156.8010307509        112.51654391747591        20.854485926226463       0.27725443464441873                0           0   4657.0148840700185        1.9971473045980897E-004  0.50000000000000000             1088   7.9441583771657082E-003           0
          41          42  0.11122608390456809        8.6847116325004775E-002  -3.0034655602715249E-004  0.97689552612968544        1076875.4069236529        119.85571002551679        3.5914909664335859       0.83627659871372140                0           0   4368.4861102769009        1.9934720720389158E-004  0.25000000000000000              744  0.52105955816180016                0
         345         346  0.55774375829353751       0.47607345656862060       -4.7923803546830179E-003  0.97923176074338625        1065819.0059203701        206.47940675782556        5.3818362615402346       0.26013033232441379                0           0   4413.8031237137029        1.2529054742208931E-003  0.50000000000000000             1048  -4.1878063430885390E-002           0
          73          74  0.94128231410560004       0.69908498357263338       -1.0547991353088345E-002  0.98595090542721642        1010924.7705775029        232.48741209934116        18.572742854746355       0.55918734342881893                0           0   4653.4770880699325        1.4155097427745917E-003  0.50000000000000000              776  0.38492838363660092                0
         285         286   8.9462339041284894E-002   4.2834040765278178E-002  -1.2838168338598593E-004  0.97556116315563901        1178106.6063545495        111.23605151706303        8.4514514074404445       0.67165130019969010                0           0   3993.1150816660524        1.4410236536712358E-004  0.50000000000000000              988  0.22689167691730372                0
         293         294  0.55382231722128972       0.12326253909399966       -1.3046202120956597E-003  0.97555013427591697        1208714.8768618368        195.00098063437505        8.4231183567930259       0.58017182446136861                0           0   3891.9974823661364        1.1809822740092247E-003  0.50000000000000000              996  0.92363592217153323                0
         123         124  0.67985937278035102       0.12376754478802159       -1.4259437356367586E-003  0.97763450747397851        1328700.8239903566        219.90890269502705        4.1923066634246240       0.59163020830817425                0           0   3540.5376234484115        1.3330674591925293E-003  0.50000000000000000              826  0.32050996565931289                0
           7           8  0.10772050310063933        1.1526931384030817E-002  -3.7943697728780554E-005  0.99082248886431246        1424470.1409572540        121.95279694780302        13.268521433767170       0.47501669322000228                0           0   3302.5018372680170        1.6260639909577266E-004   6.2500000000000000E-002         710  -9.8296499760581191E-003           0
         355         356  0.32294731613854971       0.22153041596011064       -1.4146791448691402E-003  0.98835597978780254        1280677.5733209376        188.46314208734015        9.0373297573420110       0.44148062316452918                0           0   3673.3018174480535        1.1488556879049804E-003  0.50000000000000000             1058   6.7567223947834376E-002           0
          85          86   8.0567479673496034E-002   7.0359839832317903E-002  -1.6540594186675728E-004  0.98642166572395873        1357017.8794508749        127.71821781941760        11.425478932932238       0.32678861324809422                0           0   3466.6567986181526        1.9401392259058692E-004   6.2500000000000000E-002         788  -5.6289125279840924E-002           0
         387         388  0.11696728908539532        8.3148869844046139E-002  -2.2937532347376167E-004  0.95139320304644803        1621770.0328191754        158.01321780376938        1.2734242271980893       0.70802722992469669                0           0   2900.7289334771463        4.1795417325262590E-004   1.3505406345487235E-005        1090  0.30532637478789176                0
         103         104   9.4240900685283069E-002   8.1646476448274677E-002  -1.9581474411928143E-004  0.97430932578693863        1543295.6101144454        146.43699954217337        4.0855171112608115       0.14990147977312374                0           0   3048.2269416265021        8.8618227905427590E-004  0.50000000000000000              806  -4.6304014915704322E-002           0
          65          66   8.1196656538748205E-002   3.2700733033609646E-002  -6.2627861262289943E-005  0.98184767372588766        2149336.5504112290        157.99647215383459        15.975171976550214       0.56558816255447031                0           0   2188.7290088398181        1.9363885980735446E-004  0.50000000000000000              768  0.17589803067453710                0
          15          16  0.12041882448822794        4.7134796559794988E-002  -1.1370748620294229E-004  0.97825164521118502        2263928.7909641471        186.02285177799217        16.098791161293775       0.61521713266781630                0           0   2077.9431210119114        1.1281688166013199E-003  0.50000000000000000              718  0.17887040260439441                0
         243         244  0.10897784068549871        6.2870305948584129E-002  -1.2688985103554134E-004  0.99345305026723485        2514966.0648626112        201.22235189126619        7.1656235391088297       0.38374906379974710                0           0   1870.5283237695505        1.2297376519750148E-003  0.50000000000000000              946   7.3670204912122672E-002           0
         265         266   8.4095384718170976E-002   3.6296916915751078E-002  -2.5179200233716903E-005  0.98201133135850349        10108106.787095433        451.77199268068534        2.1951930390261789       0.53305465556673048                0           0   465.40023337016493        7.5776345727009489E-004   7.1450472020056024E-004         968  0.21624136877928002                0
         127         128  0.41687934908818136       0.27898104023835063       -1.0601324713850049E-003  0.99434194081511351        3619474.9262651657        408.83142482301037        14.705186112178978       0.32031951013407217                0           0   1299.7231237899509        2.4997052625840904E-003  0.25000000000000000              830  -2.4653036251110066E-003           0
         217         218   8.1228311512873880E-002   6.5270211912634449E-002  -8.4864059256294254E-005  0.97696892315676265        3390006.8490829859        232.81876606981328        19.277812284089894       0.71162787047301546                0           0   1387.7008121435813        1.4110585494170628E-003  0.50000000000000000              920  0.32150076901366437                0
         143         144  0.25022565110097550       0.15769561095085233       -3.9893226177458845E-004  0.97378367469115990        4047244.7606835263        368.61381757316616        7.6234012100639950       0.65063804461491193                0           0   1162.3500766111972        2.2305190603367172E-003  0.50000000000000000              846  0.21649667234886610                0
          61          62  0.16574606629006447        5.1105325148539382E-002  -1.0680914848388477E-004  0.98146224652464376        3985102.7316611102        295.54272204541036        8.2931500085526864       0.45446278980940003                0           0   1180.4752786595950        1.7952874583487142E-003  0.50000000000000000              764  0.28038176723651986                0
          29          30   9.2064989403419284E-002   3.8673592252436655E-002  -4.8326417632826574E-005  0.98790084533106615        4595724.3541263249        274.56410217347485        6.0999534414088847       0.83990092514236825                0           0   1023.6286807368981        1.6733196375634911E-003  0.25000000000000000              732  0.51022702603026826                0
         405         406   8.7236661288412828E-002   5.5735761705262711E-002  -1.4072219982536795E-005  0.99445045527554632        44632234.652881853        1287.6258805654079        9.4629418053680183       0.72150794734513835                0           0   105.40174145954420        7.8733128566099032E-003  0.50000000000000000             1108   1.2960722467994106                0
          45          46   8.6894120985331738E-002   8.6164685909330241E-002  -8.2040856412477007E-005  0.98387083180607882        5506893.1944410549        340.10174038637848        6.5638612463121611       0.66186727607186857                0           0   854.25939664011355        2.0685513436049150E-003  0.50000000000000000              748  0.47181166981990241                0
         161         162   9.3309048906446132E-002   9.2827486138433946E-002  -9.1369253108059846E-005  0.98774842525066020        5621520.9325445853        353.28045693984552        5.7174647984065050       0.38601906608682546                0           0   836.84029893229467        1.7976660166777901E-003   2.7594142205950907E-005         864   7.5045926801051960E-002           0
         289         290  0.10428359770713377        2.3242149003040714E-002  -2.7029457248008521E-005  0.98098936207976006        6248168.5051952256        334.17526228032125        20.683764909250872       0.16125026357851494                0           0   752.91107365834023        2.0139715481238799E-003   1.1276617373004434E-003         992  -4.7234058590501636E-002           0
         115         116   9.5073144526220191E-002   4.6025486525321645E-002  -4.6726263478262970E-005  0.98361077625756288        6339435.9430684811        348.99124241529205        15.884547433188688       0.49807706469547536                0           0   742.07158174513086        2.1223306805025111E-003  0.25000000000000000              818  0.16986810182468204                0
         223         224  0.13901763968801717        6.0776114313866474E-002  -7.7057558501215210E-005  0.98944253931207915        6749314.5592435934        408.60806297071105        4.5757317400577060       0.31462733328761172                0           0   697.00637247702718        2.4562615338636425E-003   1.2632803600677424E-004         926   9.5698089895200469E-002           0
         199         200  0.11230093762090229        4.7925291740752780E-002  -4.9845320530023470E-005  0.98557578802919299        7365259.5215128316        402.38621163417127        10.652023949852000       0.45023929411917252                0           0   638.71683596540686        2.4494184751019071E-003  0.50000000000000000              902  0.76429485474269854                0
         373         374  0.15845034820673778       0.15233439132851201       -1.7085636202448433E-004  0.97964255235038955        7914607.6951461500        526.47692443215465        4.4749171135919132       0.40398074927899391                0           0   594.38388342732549        3.1436269256876078E-003   2.8341192452682292E-005        1076  0.11789895439574449                0
          69          70  0.10464422723177559       0.10349050793134676       -8.6377732787562200E-005  0.98042651398566583        8085705.8082159301        467.23280664956275        15.271518244429622       0.16451585946317557                0           0   581.80638391081243        2.8368343572848856E-003  0.50000000000000000              772 -0.16257598719848679                0
          51          52  0.11606384615255892        9.5064690585184505E-002  -1.2276543213329298E-004  0.98205345115529663        4872545.5793825211        334.93415447263214        6.9254481775539611       0.45653595681121162                0           0   965.47383313362923        1.9892380511386115E-004  0.50000000000000000              754   6.4439431838880651E-002           0
         267         268  0.11152016154947933        1.9237634443879208E-002  -2.0555839446903718E-005  0.97571214113583904        7748010.3861439759        388.94588132095754        4.5576202898959366       0.54914691876631494                0           0   607.16429421127862        1.1206636477323782E-003   8.2879715391229235E-004         970  0.15349905467832553                0
         367         368  0.20322917187314732       0.17631903439505672       -1.9839502976831970E-004  0.98268111103356437        10353029.334394831        673.09101676470084        14.245149086492157       0.53006217527879684                0           0   454.39021813799843        3.4907645552184176E-003   4.3944283799749427E-004        1070   1.5346809957980936                0
         305         306   8.5255713978393793E-002   1.6586699482616780E-002  -1.1931200371230782E-005  0.97557216214542408        10624387.113807641        441.69112072417624        8.5038544849371220       0.23883808591137190                0           0   442.78462439785847        2.6751951435917505E-003  0.50000000000000000             1008   7.6263720563686022E-002           0
         325         326  0.14296285691723640        1.8018411898666035E-002  -1.7591034512000332E-005  0.98525910189351285        11605238.715074902        545.71725305743564        10.496197108146093       0.39029478628592701                0           0   405.36135215676182        1.9976652747874619E-004  0.50000000000000000             1028   2.6868331306783764E-002           0
         119         120  0.12744757891135747        8.2887871857059842E-002  -6.3848789170769046E-005  0.98269985033698937        12193204.574003790        616.57973866081329        11.113912566262258       0.25160895298303587                0           0   385.81451078697370        3.7479255214838184E-003  0.50000000000000000              822   6.8485110633163593E-002           0
         133         134  0.13034205300579016        4.8697333779162973E-002  -3.8327134468495665E-005  0.98104921153821589        13234880.486843705        617.16704340141519        3.2909983456061802       0.51364319865094665                0           0   355.44826130626149        9.5395786415259742E-004   3.3895129746821189E-004         836  0.21206990074971188                0
          17          18   8.8310858010865509E-002   3.6165089814597706E-002  -2.2321003472730643E-005  0.98140412768925933        12747100.610456508        533.22349031307033        11.718698285606701       0.35013003148128491                0           0   369.04982563531280        3.2391129273980847E-003  0.50000000000000000              720  -4.3130472474475601E-002           0
         275         276  0.13196141201412448        6.9014568623332620E-002  -4.7734008800634227E-005  0.97887471953664373        15446741.714922264        711.01564824106458        7.3861199833674336       0.43303027418484208                0           0   304.55065181158415        4.3081442322694015E-003   6.6361397745055525E-004         978  0.36981953485435015                0
         399         400  0.17014458503807270        6.6018282057290864E-002  -2.6984170521392787E-005  0.99072080070255697        45922269.143847056        1551.2886472033215        14.401571242405582       0.21603026444195186                0           0   102.44082762785419        5.2757453971529313E-003   8.5700762440600139E-005        1102 -0.12788123731653150                0
         157         158  0.17882018552997023        8.7937108552675433E-002  -4.2075822012215118E-005  0.98506207883324892        36757439.158938780        1392.7573191938852        3.9477098700741227       0.36952129877945855                0           0   127.98267140709540        7.7236544903239316E-003   3.8591435222680556E-004         860   2.9374064819055867E-003           0
         145         146  0.11284151051838727        7.1741434973604884E-002  -2.4259630982427697E-005  0.99380670205544019        37282547.721541546        1243.5810509770677        8.0266108936219318       0.41382465765378490                0           0   126.18009082374614        7.5973552424895468E-003   2.3135844856836694E-004         848  0.14668241463928791                0
         221         222  0.10685030920939192        6.9974509155263417E-002  -3.1627762572443865E-005  0.98479908239489145        22712679.863002662        880.98093513568404        15.961426411423835       0.25221741126529290                0           0   207.12286203213554        9.4393482474886675E-004   2.0956332491863490E-005         924 -0.19161355363079968                0
