 122 262   1   452 101   0      0.3   0.46   4.88  5.704     0.0  -0.2385   0.0000
  -1.208671   0.000000   0.287028   0.062472  -0.571267   0.053723   0.000000   0.000000   0.000000   0.000000
   0.00000   0.00000   0.15016   0.03403   0.00000  -1.20867   0.00000   0.00000  -0.92164   0.77512   0.20854   0.00000   0.00000
 NAME(I1)    NAME(I2)    M1[M*]                    M2[M*]                    EB[NB]                    ECC                       P[Days]                   SEMI[AU]                  RI[PC]                    VI[km/s]                  K*(I1)      K*(I2)      ZN[NB]                    RP[NB]                    STEP(I1)[NB]              NAME(ICM)                 ECM[NB]                   K*(ICM)      
           3           4   8.7970317491499028E-002   4.9196061553816367E-002  -9.2897646351125171E-004  0.98018963898304645        71340.815372945974        17.361255191394889        7.6131566215150466       0.17543054986730974                0           0   65941.428242054317        1.0539810829294615E-004  0.25000000000000000              706  0.11268227021343494                0
          57          58   8.8793517676333700E-002   7.4789808565780366E-002  -1.3944536633748324E-003  0.99288618157622466        67519.482439442989        17.747571380570307        14.008638094784986       0.57553910797186225                0           0   69673.449613065080        1.0843421479498632E-004  0.50000000000000000              760   1.1544407053343986                0
          59          60  0.52934127945164156       0.11516011942956719       -3.1001072744619322E-002  0.99635260950274573        9025.0375450904266        7.3279160146024838        17.627552011611900       0.79749961068465247                0           0   521251.59969045070        4.4850020571511419E-005  0.25000000000000000              762   1.4517426793478800                0
          63          64  0.11284127030153632        5.3401276685359052E-002  -1.4468849236327175E-003  0.97984293960292113        54774.265105649982        15.520472950299069        12.000340125960884       0.39545091489486078                0           0   85885.502043175962        9.4206442072616631E-005  0.25000000000000000              766  0.23325023492482891                0
          83          84  0.10272953417562042        4.1373672231505683E-002  -1.2819188696754095E-003  0.97370419826673227        41789.837138321200        12.356008093958177        13.997104114705165       0.34989165012846279                0           0   112570.79662870750        7.4766174595093939E-005  0.50000000000000000              786  0.23224794538505739                0
          87          88  0.10306885414503236        3.0345968261083246E-002  -4.1821248241819420E-003  0.98428134930470224        4652.7998571211401        2.7870887101701558        15.224594479572776       0.29847622298443105                0           0   1011071.9141389197        1.6955045282497800E-005  0.25000000000000000              790   8.8427521917207319E-002           0
         105         106  0.12790761581087476        8.1406408734692293E-002  -3.3640542461646258E-002  0.96974758674909145        989.02684361157492        1.1534833915785283        18.415489133957951       0.33722721269450201                0           0   4756509.1767037120        6.9657331703446991E-006  0.25000000000000000              808  0.11608351417604842                0
         131         132   8.4797441590329786E-002   6.4637458177469395E-002  -7.7121942017657882E-004  0.98912831439601701        128788.41655396212        26.485513546867381        7.8213575989513444       0.46146156943833588                0           0   36527.471829531067        1.6151620773559698E-004  0.25000000000000000              834  0.12352539527035945                0
         137         138  0.13717930409073115       0.13193897190263901       -4.0334545728335997E-003  0.97817964388784162        48147.574536657077        16.722602131164937        11.796090078455221       0.16083044391709253                0           0   97706.173216745112        1.0141787278782275E-004  0.25000000000000000              840  0.66840950206266692                0
         167         168  0.11739175763496201        6.6852661947444644E-002  -1.3371095085191684E-003  0.97921691183512483        87047.450602289726        21.873015901955345        12.753606797872935       0.67179273401534978                0           0   54043.113555826756        1.3272323952673876E-004  0.25000000000000000              870  0.41894652961496093                0
         177         178  0.17518944591650459       0.15841447355487015       -4.8844045916293037E-002  0.97081544669269548        1948.4551180766894        2.1174370246531056        3.7321782948585165       0.80592801627603672                0           0   2414382.1502485364        1.2793853451865820E-005  0.25000000000000000              880  0.51027832168569287                0
         181         182  0.16494482085752635        4.8117280213717237E-002  -2.2342341753636167E-003  0.98308070947828008        38113.841390388654        13.238244572811659        5.1960401432913832       0.30661202488303085                0           0   123428.00111539195        8.0485139620415977E-005  0.25000000000000000              884   5.3090053125133582E-002           0
         193         194  0.13607741833753259        1.4509867592654014E-002  -3.3139095177587647E-004  0.98026160729439438        98477.807758994706        22.203845682541278        15.660602897700175       0.69592509105783373                0           0   47770.308506030713        1.3480179630591914E-004  0.25000000000000000              896   1.1985229518328180                0
         195         196  0.23980714281985319       0.16746154432118399       -1.7866781603804005E-002  0.96643523058497638        13874.745800257982        8.3762612435180923        11.073842715419435       0.97955650320128174                0           0   339055.96004197007        5.0498069052990366E-005  0.25000000000000000              898  0.74732748676863581                0
         207         208   9.9440827635248155E-002   5.0100703362626467E-002  -8.7683211256005204E-003  0.98112175417415370        2910.2243960466299        2.1174416066239212        3.8979724038980792       0.74717862855471540                0           0   1616478.5313583727        1.2860786271453537E-005  0.25000000000000000              910  0.45590508071525698                0
         225         226  0.11258739991983015        4.7810171057872303E-002  -9.4939383745014589E-004  0.98185672257896206        88575.957032427817        21.129198100363176        15.899322819188869       0.60297762985144221                0           0   53110.521356517827        1.2838083044770557E-004  0.25000000000000000              928   1.1143864628320197                0
         235         236   9.9158490776633662E-002   3.5661683213779022E-002  -5.1301121046354124E-003  0.96614283730650707        4095.4263718306088        2.5687641194955386        7.0251190386468441       0.29148546996292063                0           0   1148675.3345151674        1.5484037106406675E-005  0.25000000000000000              938  0.12740350559783797                0
         239         240   8.3253089810449737E-002   5.9845060969569666E-002  -7.4110620056441019E-004  0.97866503909393976        121080.59857328323        25.053451414275163        15.846700696922108       0.46668535525487148                0           0   38852.758518512826        1.5197941044801133E-004  0.25000000000000000              942  0.14851537280458707                0
         247         248  0.12867704596478571        5.6124925773135610E-002  -4.8755267774440045E-002  0.97148621675522984        348.47281385192167       0.55201979559906922        18.809777895599982       0.62358770779348027                0           0   13499805.639483234        3.3365167437779866E-006  0.25000000000000000              950  0.54680343768334527                0
         249         250   8.3325272192247987E-002   6.4931060179189190E-002  -5.9417119074347373E-003  0.97581540753508467        5929.7866670524481        3.3934150410168407        16.262535607510504       0.53019630286864128                0           0   793336.34104971308        2.0555510157367267E-005  0.50000000000000000              952   1.3354284775630043                0
         271         272  0.13618545113931463       0.10282415591629936       -1.7643068358636144E-003  0.98806680624688603        120181.93023047518        29.578155387187675        6.6753146490276860       0.50595249563539058                0           0   39143.282593508091        1.8027976026539725E-004  0.25000000000000000              974   8.5759114345190623E-002           0
         287         288   8.8414603939471620E-002   4.2704642040310346E-002  -5.8515194294090581E-004  0.98093659039144399        118941.02246670357        24.046383900145148        3.0520451969485891       0.61654557508866470                0           0   39551.663169548527        1.4603779329379048E-004  0.25000000000000000              990  0.21458671777906832                0
         291         292  0.10251315781699964        2.9651563345757474E-002  -1.1831110334550475E-003  0.98075559013170377        29765.556837160901        9.5746088155111213        9.1068162555717667       0.59161478926330668                0           0   158045.59892431262        5.8142920318824777E-005   6.2500000000000000E-002         994  0.24132809328567276                0
         303         304  0.77980953382043972       0.33783563817501155       -5.2382472905160467E-002  0.97671789874474535        28033.625192942258        18.742492285908785        5.9361936345016533       0.63511753633889445                0           0   167809.73653129677        1.1358394461059082E-004  0.25000000000000000             1006  0.23065910675981682                0
         311         312  0.16827131513595273       0.11782564957455051       -9.1314488263872420E-003  0.97485864189666582        15717.300866973132        8.0915100549741776        14.432922795747109       0.18086742345214746                0           0   299308.08714936365        4.8990345746074786E-005  0.25000000000000000             1014 -0.14208975526697187                0
         321         322  0.12252965187021556        4.0765808550071510E-002  -1.0952504619379879E-003  0.97557453106160041        63331.226025514967        16.995860241612995        16.552470983864239       0.46476288776463931                0           0   74281.133539866772        1.0293936416602254E-004  0.50000000000000000             1024  0.78530467478765220                0
         323         324  0.13577855073708561        2.1714876777924844E-002  -1.0672784058174505E-003  0.97737634574565457        30402.145619620234        10.295090097572151        11.948058662508197       0.59484352656196371                0           0   154736.29119810546        6.2411468000077191E-005  0.25000000000000000             1026  0.38852043885446363                0
         337         338  0.14234346256931027        4.8688670540606271E-002  -2.7220309402593351E-003  0.98436219341894415        24424.438780536861        9.4883723855236379        16.226805465808660       0.48587607801567900                0           0   192606.89262565569        5.7724153992768256E-005  0.50000000000000000             1040   1.5594520207697178                0
         357         358   7.9717634398698847E-002   3.5168480550120958E-002  -1.1543449013877967E-003  0.99034897964864510        29342.295402160125        9.0508997532508531        13.619173942671837       0.51012150305005743                0           0   160325.40035359471        5.5228836842580753E-005  0.25000000000000000             1060  0.89730895835949964                0
         363         364   8.0030474895858961E-002   2.5241398542184282E-002  -3.2505135387658957E-004  0.96900162088983910        125469.53716214608        23.159872534501439        9.8680968476778474       0.68339299502886741                0           0   37493.684634903126        1.3980643129274424E-004  0.25000000000000000             1066  0.47828499362146087                0
         371         372   9.0756420354949963E-002   8.9399293653254358E-002  -1.4941626717007766E-003  0.97790038526241019        78336.750524128642        20.236383406048532        7.9336123306510631       0.39080148095015560                0           0   60052.468683849453        1.2271064128272370E-004  0.25000000000000000             1074  0.20494923733249762                0
         383         384   9.3433970454860987E-002   6.5975786712685114E-002  -2.9999592269293533E-003  0.97176827062077331        19385.313257799193        7.6576121486429507        12.316673633620328       0.53402528916753633                0           0   242674.19334851863        4.6290742961604388E-005  0.25000000000000000             1086  0.51717814218405822                0
         395         396  0.10118924464727580        7.2387835402996439E-002  -4.0679476328368365E-003  0.98184110250843104        15239.121285685993        6.7103307468978812        7.2657894384577455       0.47329714144725060                0           0   308699.90266850201        4.0771591993552411E-005  0.25000000000000000             1098   5.8135582602290153E-002           0
         401         402  0.11008182267075275        8.1520559788653676E-002  -2.1754919003101718E-003  0.98946501741247106        50292.904508829961        15.372504553420699        9.3859026971335489       0.47939678272362207                0           0   93538.349069078395        9.3761781152373525E-005  0.25000000000000000             1104  0.16296704447544269                0
         219         220   5.9461379470541447        2.5291364086335988      -0.75299076982192070       0.98221912150944157        80559.862777643633        74.428097414589246        9.4076869942463208       0.26073975244784414                0           0   58395.273967004177        4.5230718866207646E-004  0.25000000000000000              922  0.17517252130549557                0
         159         160  0.52009082554844766       0.13749382338007102       -6.8562166579241961E-003  0.98252657550525302        109146.58921206869        38.868446659729038        4.8267328544058223       0.56703698308702333                0           0   43100.891119047374        2.3624417772278330E-004  0.25000000000000000              862  0.23225345735308933                0
           1           2   2.0244841138268650       0.61000484406818434       -7.0741485713423660E-002  0.98738152934187551        118081.33591071346        65.056817812538299        14.090028153724653       0.45818683333202731                0           0   39839.617509086311        3.9638661146352313E-004  0.25000000000000000              704  0.10274172339035745                0
         283         284  0.18094602805437388        8.1870494517192083E-002  -1.6064068193646895E-003  0.97697797871714775        143540.44546752289        34.366892541613126        5.2174443000676636       0.30674168742766766                0           0   32773.447527785116        2.0829891525217590E-004  0.25000000000000000              986  -4.3938752704391640E-002           0
         185         186  0.24628085064239766        6.9358336926096664E-002  -1.8551080494142963E-003  0.99057546901522908        130681.44545928008        34.314639623851313        10.013027029052550       0.57161019493197018                0           0   35998.341165507023        2.0941269287605858E-004  0.25000000000000000              888  0.25165384331012441                0
         191         192  0.17819880543248182        5.0730547014061628E-002  -8.9966543292994278E-004  0.98450778698896024        174927.64032278312        37.446621017460309        15.707341720360455       0.61913522863820603                0           0   26892.921261409472        2.2782970840593575E-004  0.25000000000000000              894  0.50378936182928136                0
          71          72  0.16939743337267674        2.6319217633798585E-002  -4.7647967898261517E-004  0.96976219828091648        170003.73667627125        34.870225322542275        10.020126136616172       0.26368424140588304                0           0   27671.834452691655        1.5082883319385277E-004  0.25000000000000000              774 -0.14203757649139342                0
          53          54  0.10539273585624893        8.3691576402142989E-002  -9.4861616487088496E-004  0.98840746126056767        171334.30925667207        34.651436372167325        12.238512318087382       0.31367729339628148                0           0   27456.936547351612        2.1096666920612941E-004  0.25000000000000000              756 -0.16856126065266319                0
         245         246  0.10614450888457336        7.9534736728126665E-002  -8.8338078697462622E-004  0.97533507163214717        180155.36208468804        35.614411017835778        12.267708781665563       0.24269319665788233                0           0   26112.546433302068        2.1568078356416255E-004  0.25000000000000000              948  0.14733017228988401                0
         331         332  0.12214104311112879        9.8521910482032543E-002  -1.1537755047203683E-003  0.97154055198387024        188414.45473505274        38.868024797675822        13.701790128991288       0.30019998017964961                0           0   24967.910579153504        2.3493249830021899E-004  0.25000000000000000             1034   2.8772113206983307E-002           0
         203         204  0.10958957416913398        5.6611292613942377E-002  -6.2817234305771752E-004  0.98494187057407623        200051.97130642890        36.805509599966030        13.043271299214629       0.17523684996443431                0           0   23515.465640870621        1.6988547057778460E-004  0.25000000000000000              906 -0.19211727932914369                0
          21          22  0.17137201111473407        1.8580527211685235E-002  -2.8964617018065918E-004  0.97725619083110171        219756.57682243298        40.968444197440832        7.7666355131848315       0.25602238711768383                0           0   21406.937283364805        1.8343950172520064E-004  0.25000000000000000              724   9.8843891856273333E-002           0
         369         370  0.35577330781196675       0.28758888866695975       -6.5923629871082615E-003  0.96841922705639494        200307.85819162280        57.839387851881206        17.323202250651942       0.49710224284881643                0           0   23485.425385280789        3.4904883910831302E-004  0.25000000000000000             1072   1.6904341937604423                0
          77          78   9.3430964505624117E-002   2.0354482771848002E-002  -1.6334883162896549E-004  0.97425183352183942        309441.22681298596        43.386459025179242        13.668612158666406       0.51436741374774231                0           0   15202.613129787858        1.8457846561722538E-004  0.25000000000000000              780  0.92573785134505804                0
         315         316  0.30834333591613694       0.21242803698149326       -3.5544000840579989E-003  0.96932722246065328        288048.63087816222        68.675120176768687        9.9938834672265546       0.38060565809154961                0           0   16331.670257563481        4.1463143421502049E-004  0.25000000000000000             1018  0.23273880488957974                0
          89          90  0.20842321107894346       0.10223825271363279       -1.3435582502014560E-003  0.98702482580270168        297769.38109927031        59.104743533761280        7.1886204322328311       0.77769360217172678                0           0   15798.519109916271        3.6005640583131949E-004  0.25000000000000000              792  0.43046731829459323                0
         155         156  0.50373356431637750       0.18870347651975347       -4.6345267489272665E-003  0.98128177235206437        293320.33962033020        76.435433608783669        11.611704959418532       0.66566901298204051                0           0   16038.148816184937        4.6428632181207922E-004  0.25000000000000000              858  0.41825603243644732                0
         187         188  0.16652052450678573        4.4390738220572948E-002  -5.1200105471243477E-004  0.98740860044556455        313872.49940009229        53.803263366689940        6.8742076419472014       0.68081397537959598                0           0   14987.981637882163        1.5401396217716847E-004  0.25000000000000000              890  0.30669136996953428                0
         255         256   8.3811449474318997E-002   3.0344259974373743E-002  -1.9498774621546684E-004  0.99476358635673934        366335.73421504453        48.606227887337262        11.170655749734225       0.47563298429718853                0           0   12841.540746017587        1.7373772739312873E-004  0.25000000000000000              958  0.28465724259754766                0
          93          94   8.5361728603296438E-002   7.1347741082274679E-002  -4.1080252103106030E-004  0.97812880800934654        378910.90214675880        55.249666982163497        12.981668394417975       0.37009724482855394                0           0   12415.359998859836        1.7179347800011020E-004  0.25000000000000000              796  0.39359677527269166                0
          95          96  0.62290701776509083        9.1312241257938784E-002  -2.4694065512091750E-003  0.98231975838936036        343710.57623578783        85.837876733725437        10.414774063109018       0.54479098034858997                0           0   13686.850457629127        2.2994417040442789E-004   2.4119283205317813E-005         798  0.36122721697638704                0
          67          68  0.52597586808430075       0.46375414949012228       -9.5351984985231255E-003  0.98266064699714351        341740.68956755206        95.332992401100725        16.781034290963319       0.38716371477643841                0           0   13765.745201713413        5.7947742737167690E-004  0.25000000000000000              770  0.11796507817003038                0
         213         214   8.6717284611907239E-002   1.7710005955573944E-002  -1.1427078035879827E-004  0.98213695314694749        400632.33674856107        50.085097135765906        8.0637461439099738       0.37004113659913190                0           0   11742.225542311169        1.5552041722878169E-004  0.25000000000000000              916  0.17914911340675699                0
         313         314  0.11479116130453372        5.7685466757393881E-002  -3.9453446450446250E-004  0.99253727403468150        435049.79924732697        62.547398305763593        4.7618660322479531       0.38235856122399930                0           0   10813.279918261374        1.7042172232509015E-004  0.25000000000000000             1016   9.2543434664101698E-002           0
         365         366  0.29906545429998188       0.27572229150032296       -3.4223050706489746E-003  0.97703614846779008        409915.73603235272        89.792227251814452        13.472129429727689       0.28780704467214197                0           0   11476.298283102440        5.4424978456707430E-004  0.25000000000000000             1068 -0.23248288626756103                0
         201         202  0.41909726131645580       0.36316033186407948       -5.4401348907038797E-003  0.97784193266974673        439642.50440806977        104.26124217537117        13.417650918007650       0.39194276520827259                0           0   10700.319487940789        6.3220712582260643E-004  0.25000000000000000              904   4.8059274166213403E-002           0
         171         172  0.11855449161888632       0.10910379859810015       -6.3808363105355751E-004  0.99690688946593098        502629.43037454027        75.543937317710842        2.8340313812252806       0.23080970418343574                0           0   9359.4106778413025        1.6222029374787257E-004  0.25000000000000000              874  -8.1671833609881117E-002           0
         347         348  0.19457293008789711        9.8264029982305379E-002  -8.4213227326918961E-004  0.97623178622328566        525292.62380639045        84.608893442837001        5.7298490056297036       0.44593006163596022                0           0   8955.6088253366652        5.1262384884362530E-004   6.2500000000000000E-002        1050  0.17545345813633065                0
         343         344   9.9716206803828866E-002   3.9838043689421537E-002  -1.9541286924161294E-004  0.98547806040898511        644708.77578794607        75.758248904357316        17.352228010984636       0.67571818399684680                0           0   7296.8066114739531        4.6110969753691106E-004  0.25000000000000000             1046   1.8178848350790009                0
          55          56   8.3915877860446200E-002   1.7498204653530233E-002  -7.7740196882517218E-005  0.96898154446861051        677342.13462491788        70.390059717499767        13.572732711542937       0.14676421589288863                0           0   6945.2570823012566        1.8325936041652929E-004  0.25000000000000000              758 -0.19797922632273535                0
          99         100  0.11123848720615616        3.9011678252708890E-002  -1.9764343022701515E-004  0.98119635498491209        697449.45099556562        81.825121918085514        10.527345284340335       0.54328293570633424                0           0   6745.0268272914218        1.9609050585244134E-004  0.25000000000000000              802  0.14348987883781383                0
         391         392  0.13558686976987694        5.7578981684498085E-002  -2.5446740011902898E-004  0.98428057182237338        1015963.8259505472        114.33226250480101        12.580158998129853       0.37637163574635968                0           0   4630.3964151906221        1.9855493643177781E-004  0.25000000000000000             1094  0.14399907172947640                0
         385         386  0.12648191059682606        5.9749107023494945E-002  -2.5030111744847215E-004  0.99192399726360403        1010156.8010307509        112.51654391747591        14.051284986060420       0.28182497119488342                0           0   4657.0148840700185        1.9971473045980897E-004  0.25000000000000000             1088  -1.0704645691037636E-002           0
          41          42  0.11122608390456809        8.6847116325004775E-002  -3.0034655602715249E-004  0.97689552612968544        1076875.4069236529        119.85571002551679        3.6160118086982425       0.81641947003864357                0           0   4368.4861102769009        1.9934720720389158E-004  0.25000000000000000              744  0.51202974957652903                0
         345         346  0.55774375829353751       0.47607345656862060       -4.7923803546830179E-003  0.97923176074338625        1065819.0059203701        206.47940675782556        2.3003348860235038       0.23438413863094365                0           0   4413.8031237137029        1.2529054742208931E-003  0.12500000000000000             1048  -3.0986501055139927E-002           0
          73          74  0.94128231410560004       0.69908498357263338       -1.0547991353088345E-002  0.98595090542721642        1010924.7705775029        232.48741209934116        13.717354184661477       0.46423450441900344                0           0   4653.4770880699325        1.4155097427745917E-003  0.25000000000000000              776  0.32383043904061481                0
         285         286   8.9462339041284894E-002   4.2834040765278178E-002  -1.2838168338598593E-004  0.97556116315563901        1178106.6063545495        111.23605151706303        8.6850221627444633       0.64792761972976876                0           0   3993.1150816660524        1.4410236536712358E-004  0.25000000000000000              988  0.21727618945604643                0
         293         294  0.55382231722128972       0.12326253909399966       -1.3046202120956597E-003  0.97555013427591697        1208714.8768618368        195.00098063437505        13.133311817567154       0.45709549023789492                0           0   3891.9974823661364        1.1809822740092247E-003  0.25000000000000000              996  0.99350457545939630                0
         123         124  0.67985937278035102       0.12376754478802159       -1.4259437356367586E-003  0.97763450747397851        1328700.8239903566        219.90890269502705        10.088793440422448       0.52302465114100871                0           0   3540.5376234484115        1.3330674591925293E-003  0.25000000000000000              826  0.34913842704401887                0
           7           8  0.10772050310063933        1.1526931384030817E-002  -3.7943697728780554E-005  0.99082248886431246        1424470.1409572540        121.95279694780302        9.0596279812390836       0.42952843626884080                0           0   3302.5018372680170        1.6260639909577266E-004  0.25000000000000000              710  -2.5342845290528854E-002           0
         355         356  0.32294731613854971       0.22153041596011064       -1.4146791448691402E-003  0.98835597978780254        1280677.5733209376        188.46314208734015        6.9805983472718971       0.41193883652958052                0           0   3673.3018174480535        1.1488556879049804E-003  0.25000000000000000             1058   6.7077773182520936E-002           0
         117         118  0.40216802461087314       0.11268199431891886       -9.3948131643061938E-004  0.97690707695788359        1226845.1060164988        179.76007936485891        14.805392533826421       0.57465531955866633                0           0   3834.4818221751120        1.0894929361876689E-003  0.25000000000000000              820  0.95958864976214209                0
          85          86   8.0567479673496034E-002   7.0359839832317903E-002  -1.6540594186675728E-004  0.98642166572395873        1357017.8794508749        127.71821781941760        6.6685179070501910       0.29345338479619054                0           0   3466.6567986181526        1.9401392259058692E-004  0.25000000000000000              788  -7.2772447383083583E-002           0
          47          48   9.8900608463481726E-002   3.1153535981132970E-002  -9.0443949087021743E-005  0.96929450295796848        1448762.9164048610        126.95392421516813        16.078022225184309       0.82630046199612595                0           0   3247.1256714098058        1.9207619232510233E-004  0.25000000000000000              750  0.40686896721792870                0
         387         388  0.11696728908539532        8.3148869844046139E-002  -2.2937109981945614E-004  0.98802054974776421        1621814.8280932105        158.01612746940830        7.8939067734520982       0.44050790803839052                0           0   2900.6488140052898        9.5910363609560012E-004   1.5963130022550199E-004        1090  0.20609545798623999                0
         103         104   9.4240900685283069E-002   8.1646476448274677E-002  -1.9581474411928143E-004  0.97430932578693863        1543295.6101144454        146.43699954217337        6.3976975183178153       0.16773938081292092                0           0   3048.2269416265021        8.8618227905427590E-004  0.25000000000000000              806  -4.3545544537951564E-002           0
         215         216   9.9764396033006283E-002   5.7531129034738331E-002  -1.3467170227244636E-004  0.99202500142069505        1843377.2888768672        158.82594977762659        17.504601943693032       0.27217760174854144                0           0   2552.0089056272404        1.9606910170443681E-004  0.25000000000000000              918 -0.28017890768896025                0
          65          66   8.1196656538748205E-002   3.2700733033609646E-002  -6.2627861262289943E-005  0.98184767372588766        2149336.5504112290        157.99647215383459        10.290796963362958       0.55234158347536877                0           0   2188.7290088398181        1.9363885980735446E-004  0.25000000000000000              768  0.14619073927157250                0
          15          16  0.12041882448822794        4.7134796559794988E-002  -1.1370748620294229E-004  0.97825164521118502        2263928.7909641471        186.02285177799217        11.985562209139569       0.56674673799022524                0           0   2077.9431210119114        1.1281688166013199E-003  0.25000000000000000              718  0.22039188202783430                0
         243         244  0.10897784068549871        6.2870305948584129E-002  -1.2688985103554134E-004  0.99345305026723485        2514966.0648626112        201.22235189126619        11.621480558539529       0.34199686016629122                0           0   1870.5283237695505        1.2297376519750148E-003  0.25000000000000000              946   8.9865152297141676E-002           0
          37          38  0.10983277472157330        9.0349772612143470E-002  -1.6313461273031012E-004  0.98167519740275366        2786284.6185355540        226.68993556755197        15.923366576050249       0.58161044385445670                0           0   1688.3828831949368        1.3772225981147541E-003  0.25000000000000000              740  -8.3086128358063116E-002           0
         403         404  0.17519688796893346        3.8994197612049461E-002  -1.0593120829396995E-004  0.98390051174679816        2940506.9300221563        240.33763638335290        13.276967073244348       0.46935454895000206                0           0   1599.8313792817064        6.3495023796206814E-004   5.0862432067437882E-004        1106  0.13078559385964106                0
         127         128  0.41687934908818136       0.27898104023835063       -1.0601324713850049E-003  0.99434194081511351        3619474.9262651657        408.83142482301037        11.664152683162813       0.22870958837025801                0           0   1299.7231237899509        2.4997052625840904E-003  0.25000000000000000              830   2.8456376738112570E-002           0
         217         218   8.1228311512873880E-002   6.5270211912634449E-002  -8.4864059256294254E-005  0.97696892315676265        3390006.8490829859        232.81876606981328        15.267681955576068       0.78473317056185010                0           0   1387.7008121435813        1.4110585494170628E-003  0.25000000000000000              920  0.28225439906568051                0
         175         176   8.2952047495663137E-002   3.6571247402372269E-002  -5.1727604747410529E-005  0.99014070549542643        3413577.1522957892        218.55656242460145        15.286297244954417       0.57120844782529012                0           0   1378.1189197616034        1.1708292824644216E-003   9.1354972540266344E-004         878   3.9590748023826061E-002           0
         143         144  0.25022565110097550       0.15769561095085233       -3.9893226177458845E-004  0.97378367469115990        4047244.7606835263        368.61381757316616        8.1920772116897034       0.62526562977176492                0           0   1162.3500766111972        2.2305190603367172E-003  0.25000000000000000              846  0.20787001837773328                0
          61          62  0.16574606629006447        5.1105325148539382E-002  -1.0680914848388477E-004  0.98146224652464376        3985102.7316611102        295.54272204541036        9.1889289051536025       0.42672807028597137                0           0   1180.4752786595950        1.7952874583487142E-003  0.25000000000000000              764  0.31599934891365178                0
          29          30   9.2064989403419284E-002   3.8673592252436655E-002  -4.8326417632826574E-005  0.98790084533106615        4595724.3541263249        274.56410217347485        6.0575776306991109       0.78539190257735259                0           0   1023.6286807368981        1.6733196375634911E-003  0.25000000000000000              732  0.46444374939993305                0
         237         238  0.17519413512811899        4.8620481183886892E-002  -9.6133046925272949E-005  0.99516489023133436        4632593.2409340926        330.20636827131904        17.773246836715447       0.55424932019568962                0           0   1015.4820449326151        1.9984115928462558E-004  0.25000000000000000              940  0.71368422071174331                0
         147         148  0.31456825641218544       0.25964081492902225       -6.6243600918377415E-004  0.98456015427272825        4747337.3481747657        459.47645601886813        15.659755173053918       0.45684303749610511                0           0   990.93763780099937        1.9668248657376449E-004  0.25000000000000000              850  0.11998196068455555                0
         399         400  0.17014458503807270        6.6018282057290864E-002  -2.6982636151214592E-005  0.99085072285571951        45926186.260854550        1551.3768613801981        10.517549797441076       0.24107999108114425                0           0   102.43209028776928        7.6138398487011049E-003   5.0267841312334975E-005        1102 -0.15273547853790423                0
         281         282   8.0478030877779258E-002   1.6466831233086777E-002  -1.7957715820726354E-005  0.98262601567620389        5350092.0256449413        275.01451592381898        14.609401802581431       0.51861766785870689                0           0   879.29613828982099        9.3260221098716897E-004   8.7036279144796268E-004         984  0.45001585707666858                0
          45          46   8.6894120985331738E-002   8.6164685909330241E-002  -8.2040856412477007E-005  0.98387083180607882        5506893.1944410549        340.10174038637848        9.4786949839842212       0.60281216505446278                0           0   854.25939664011355        2.0685513436049150E-003  0.25000000000000000              748  0.51243395398906155                0
         161         162   9.3309048906446132E-002   9.2827486138433946E-002  -9.1369988529778039E-005  0.98808446934815408        5621453.0626619672        353.27761344468007        7.6206307631389034       0.51162215786029686                0           0   836.85040241483318        2.1148316685445454E-003   9.7352859897550383E-004         864  0.15850226611894505                0
         309         310  0.10545420084030525        5.3264404142991120E-002  -5.7855495593977865E-005  0.98363597107776712        6309425.5400360068        361.80592593708820        13.647326923629988       0.52013362936867824                0           0   745.60120058377254        2.2003001492994592E-003  0.25000000000000000             1012  -2.5459488560707011E-002           0
         189         190  0.11107991559331475        5.1209466390144058E-002  -5.9401457297079668E-005  0.98671314114777653        6112335.9088638304        356.86834591407722        18.320874146440808       0.13818188852722538                0           0   769.64278923590894        2.1736268209196817E-003  0.25000000000000000              892 -0.14495620031640427                0
         289         290  0.10428359770713377        2.3242149003040714E-002  -2.7029434603960470E-005  0.98098547922590273        6248176.3568498874        334.17554223736829        14.715041904172686       0.16548188441829226                0           0   752.91012752663642        2.0168603303542467E-003   5.6422778771171480E-004         992  -5.9350681966999559E-002           0
         115         116   9.5073144526220191E-002   4.6025486525321645E-002  -4.6726263478262970E-005  0.98361077625756288        6339435.9430684811        348.99124241529205        10.775555835981191       0.44159153708288473                0           0   742.07158174513086        2.1223306805025111E-003  0.25000000000000000              818  0.19396183176272078                0
         223         224  0.13901763968801717        6.0776114313866474E-002  -7.7059097105927014E-005  0.98944322256246942        6749112.4194106022        408.59990447528895        8.0518141106366254       0.40067207895258122                0           0   697.02724822230618        2.2564471537814116E-003   4.8654404261172350E-004         926  0.15534667227815385                0
         299         300   9.2079428251349071E-002   8.2023039557947389E-002  -6.9096360881712470E-005  0.98687542332898304        7196672.0488978364        407.34522917563680        17.345804020487019       0.12676548176525007                0           0   653.67925975801893        1.8648649752974259E-003   4.7286337109100489E-004        1002 -0.35682825051306216                0
         199         200  0.11230093762090229        4.7925291740752780E-002  -4.9845320530023470E-005  0.98557578802919299        7365259.5215128316        402.38621163417127        12.902146205144367       0.23920696725846566                0           0   638.71683596540686        2.4494184751019071E-003  0.25000000000000000              902  0.84830968183142208                0
         373         374  0.15845034820673778       0.15233439132851201       -1.7085716117365486E-004  0.97953240770944039        7914552.1667907536        526.47446194480813        6.9494357090154617       0.45774179694386752                0           0   594.38805361394191        3.1808287596257791E-003   4.5858245208905019E-004        1076  0.14000756556033067                0
          69          70  0.10464422723177559       0.10349050793134676       -8.6377732787562200E-005  0.98042651398566583        8085705.8082159301        467.23280664956275        12.311775847954054       0.18320946981255351                0           0   581.80638391081243        2.8368343572848856E-003  0.25000000000000000              772 -0.15161108848201105                0
         267         268  0.11152016154947933        1.9237634443879208E-002  -2.0549632161145238E-005  0.97571036900408858        7751521.2333818404        389.06336752270607        4.7864462134900521       0.52404421409722091                0           0   606.88929514708434        1.0165621764551787E-003   4.0036975644892870E-004         970  0.14391323142581219                0
         183         184  0.10185732075756881        5.4219839429199369E-002  -4.3501509009444934E-005  0.97494873277956418        9514123.4252666421        473.11366193823818        16.730179390416087       0.32342551993500779                0           0   494.45598373797850        2.3150260183481884E-003   6.9304177568479844E-005         886   1.2650599717089028                0
         265         266   8.4095384718170976E-002   3.6296916915751078E-002  -2.5177873361862796E-005  0.98208242715988514        10108905.842216458        451.79580102752016        6.3905565853253972       0.44853013708751444                0           0   465.36344596254588        2.4413284381065480E-003   6.4046643055948977E-004         968  0.24409574343466101                0
         367         368  0.20322917187314732       0.17631903439505672       -1.9839639274141338E-004  0.98271617193453020        10352922.647403268        673.08639266376451        16.756606733493353       0.56105955689354914                0           0   454.39490063462466        3.8822335993656636E-003   2.3211134144862725E-004        1070   1.6119291626073129                0
         305         306   8.5255713978393793E-002   1.6586699482616780E-002  -1.1931200371230782E-005  0.97557216214542408        10624387.113807641        441.69112072417624        14.171098767013081       0.31383936433128773                0           0   442.78462439785847        2.6751951435917505E-003  0.25000000000000000             1008  0.11479030999077054                0
         325         326  0.14296285691723640        1.8018411898666035E-002  -1.7591034512000332E-005  0.98525910189351285        11605238.715074902        545.71725305743564        6.1548220955214266       0.33656853296265093                0           0   405.36135215676182        1.9976652747874619E-004   6.2500000000000000E-002        1028   2.7222411403863684E-002           0
         119         120  0.12744757891135747        8.2887871857059842E-002  -6.3848789170769046E-005  0.98269985033698937        12193204.574003790        616.57973866081329        6.3614823420863287       0.28091715095528852                0           0   385.81451078697370        3.7479255214838184E-003  0.25000000000000000              822   2.5711181852803258E-002           0
         133         134  0.13034205300579016        4.8697333779162973E-002  -3.8327503535837261E-005  0.98106004480759235        13234689.323190393        617.16110050978341        9.5696319936185397       0.39559767608102608                0           0   355.45339544931051        3.5274446815658014E-003   3.2199127260086499E-004         836  0.23893779455469152                0
          17          18   8.8310858010865509E-002   3.6165089814597706E-002  -2.2321003472730643E-005  0.98140412768925933        12747100.610456508        533.22349031307033        10.010374349462813       0.37836818742541484                0           0   369.04982563531280        3.2391129273980847E-003  0.25000000000000000              720  -4.7383004539162249E-002           0
         275         276  0.13196141201412448        6.9014568623332620E-002  -4.7733752819387969E-005  0.97882356693497707        15446865.969184576        711.01946119648903        12.229546820142106       0.41089956506557551                0           0   304.54820201259895        1.9752051545883277E-003   2.2599856250819843E-004         978  0.41905899026136484                0
         221         222  0.10685030920939192        6.9974509155263417E-002  -3.1626526012400505E-005  0.98396520949917832        22714011.934706260        881.01538045613825        11.489811305667343       0.17443087265720461                0           0   207.11071523462240        2.2599329534534873E-003   3.2466875606792324E-005         924 -0.22992970797820231                0
         157         158  0.17882018552997023        8.7937108552675433E-002  -4.2075663350914494E-005  0.98508847939601762        36757647.069693036        1392.7625710822715        7.3660115437199565       0.37381012782759249                0           0   127.98194750402038        5.8878080440832878E-003   1.6838643005415323E-004         860   2.5298834932080166E-002           0
         145         146  0.11284151051838727        7.1741434973604884E-002  -2.4259752496027471E-005  0.99377069404299567        37282267.607539348        1243.5748220590217        13.101968694383990       0.40580957315732569                0           0   126.18103885648415        5.6020769113115879E-003   1.9883590491498533E-004         848  0.16516338506832112                0
         405         406   8.7236661288412828E-002   5.5735761705262711E-002  -1.4072215997910886E-005  0.99445415113873248        44632253.609679915        1287.6262451638086        15.009320297697723       0.59396768760524676                0           0   105.40169669192963        5.1998866410401341E-003   2.1889592867301404E-004        1108   1.3784984177740491                0
          51          52  0.11606384615255892        9.5064690585184505E-002  -1.2275687165839384E-004  0.98218023231003104        4873055.2701730467        334.95751117261557        2.2755973546253170       0.44200581112468640                0           0   965.37285067109622        1.8283174549063863E-003   2.6881058831506140E-005         754   4.8240911965153316E-002           0
