 122 625   1   452 101   0      0.6   0.46   4.88  5.713     0.0  -0.2385   0.0000
  -1.209976   0.000000   0.288333   0.062472  -0.571267   0.053723   0.000000   0.000000   0.000000   0.000000
   0.00000   0.00000   0.15135   0.03402   0.00000  -1.20998   0.00000   0.00000  -0.92164   0.77512   0.21060   0.00000   0.00000
 NAME(I1)    NAME(I2)    M1[M*]                    M2[M*]                    EB[NB]                    ECC                       P[Days]                   SEMI[AU]                  RI[PC]                    VI[km/s]                  K*(I1)      K*(I2)      ZN[NB]                    RP[NB]                    STEP(I1)[NB]              NAME(ICM)                 ECM[NB]                   K*(ICM)      
           3           4   8.7970317491499028E-002   4.9196061553816367E-002  -9.2897646351125171E-004  0.98018963898304645        71340.815372945974        17.361255191394889        7.5164241752830074       0.18124900892472878                0           0   65941.428242054317        1.0539810829294615E-004  0.50000000000000000              706  0.11069711353574213                0
          57          58   8.8793517676333700E-002   7.4789808565780366E-002  -1.3944536633748324E-003  0.99288618157622466        67519.482439442989        17.747571380570307        13.578356788346232       0.63705856098180991                0           0   69673.449613065080        1.0843421479498632E-004  0.50000000000000000              760   1.1525634915808622                0
          59          60  0.52934127945164156       0.11516011942956719       -3.1001072744619322E-002  0.99635260950274573        9025.0375450904266        7.3279160146024838        17.044605823312676       0.82284733640362995                0           0   521251.59969045070        4.4850020571511419E-005  0.50000000000000000              762   1.4518114719936173                0
          63          64  0.11284127030153632        5.3401276685359052E-002  -1.4468849236327175E-003  0.97984293960292113        54774.265105649982        15.520472950299069        12.060816829534138       0.38922221752552894                0           0   85885.502043175962        9.4206442072616631E-005  0.50000000000000000              766  0.23326459850401532                0
          83          84  0.10272953417562042        4.1373672231505683E-002  -1.2819188696754095E-003  0.97370419826673227        41789.837138321200        12.356008093958177        13.943879177123149       0.36101730822721123                0           0   112570.79662870750        7.4766174595093939E-005  0.50000000000000000              786  0.23218873345928737                0
          87          88  0.10306885414503236        3.0345968261083246E-002  -4.1821248241819420E-003  0.98428134930470224        4652.7998571211401        2.7870887101701558        15.225690529775258       0.30834775123440061                0           0   1011071.9141389197        1.6955045282497800E-005  0.50000000000000000              790   8.7939460998813904E-002           0
         105         106  0.12790761581087476        8.1406408734692293E-002  -3.3640542461646258E-002  0.96974758674909145        989.02684361157492        1.1534833915785283        18.578369123632456       0.32280480007412998                0           0   4756509.1767037120        6.9657331703446991E-006  0.50000000000000000              808  0.11607911984035238                0
         131         132   8.4797441590329786E-002   6.4637458177469395E-002  -7.7121942017657882E-004  0.98912831439601701        128788.41655396212        26.485513546867381        8.0132906533425459       0.44887791857649278                0           0   36527.471829531067        1.6151620773559698E-004  0.25000000000000000              834  0.12206849272038678                0
         137         138  0.13717930409073115       0.13193897190263901       -4.0334545728335997E-003  0.97817964388784162        48147.574536657077        16.722602131164937        11.713965156713998       0.19472525676375552                0           0   97706.173216745112        1.0141787278782275E-004  0.50000000000000000              840  0.66865514645211221                0
         167         168  0.11739175763496201        6.6852661947444644E-002  -1.3371095085191684E-003  0.97921691183512483        87047.450602289726        21.873015901955345        12.759478142227969       0.67714711680891926                0           0   54043.113555826756        1.3272323952673876E-004  0.50000000000000000              870  0.41893671131444654                0
         177         178  0.17518944591650459       0.15841447355487015       -4.8844045916293037E-002  0.97081544669269548        1948.4551180766894        2.1174370246531056        3.7458647110767536       0.80622306010816602                0           0   2414382.1502485364        1.2793853451865820E-005  0.50000000000000000              880  0.50977634980580466                0
         181         182  0.16494482085752635        4.8117280213717237E-002  -2.2342341753636167E-003  0.98308070947828008        38113.841390388654        13.238244572811659        5.3065351751886176       0.30863883490478450                0           0   123428.00111539195        8.0485139620415977E-005  0.50000000000000000              884   5.0061404909561305E-002           0
         193         194  0.13607741833753259        1.4509867592654014E-002  -3.3139095177587647E-004  0.98026160729439438        98477.807758994706        22.203845682541278        15.673090743713562       0.71958525283864894                0           0   47770.308506030713        1.3480179630591914E-004  0.50000000000000000              896   1.1908800917911875                0
         195         196  0.23980714281985319       0.16746154432118399       -1.7866781603804005E-002  0.96643523058497638        13874.745800257982        8.3762612435180923        10.989548087639267       0.98814495860364815                0           0   339055.96004197007        5.0498069052990366E-005  0.50000000000000000              898  0.74962428802559566                0
         207         208   9.9440827635248155E-002   5.0100703362626467E-002  -8.7683211256005204E-003  0.98112175417415370        2910.2243960466299        2.1174416066239212        4.0007149118306664       0.73639958603135081                0           0   1616478.5313583727        1.2860786271453537E-005  0.50000000000000000              910  0.45630375095979447                0
         225         226  0.11258739991983015        4.7810171057872303E-002  -9.4939383745014589E-004  0.98185672257896206        88575.957032427817        21.129198100363176        15.854895141990799       0.63850134695391347                0           0   53110.521356517827        1.2838083044770557E-004  0.50000000000000000              928   1.1136673211697254                0
         235         236   9.9158490776633662E-002   3.5661683213779022E-002  -5.1301121046354124E-003  0.96614283730650707        4095.4263718306088        2.5687641194955386        6.8474364700931707       0.30121469788281324                0           0   1148675.3345151674        1.5484037106406675E-005  0.50000000000000000              938  0.12486303096853905                0
         239         240   8.3253089810449737E-002   5.9845060969569666E-002  -7.4110620056441019E-004  0.97866503909393976        121080.59857328323        25.053451414275163        15.643122297867013       0.47779757250374649                0           0   38852.758518512826        1.5197941044801133E-004  0.50000000000000000              942  0.14823265219446041                0
         247         248  0.12867704596478571        5.6124925773135610E-002  -4.8755267774440045E-002  0.97148621675522984        348.47281385192167       0.55201979559906922        19.118657799583932       0.60829659623084553                0           0   13499805.639483234        3.3365167437779866E-006  0.50000000000000000              950  0.54685870935127867                0
         249         250   8.3325272192247987E-002   6.4931060179189190E-002  -5.9417119074347373E-003  0.97581540753508467        5929.7866670524481        3.3934150410168407        16.559904926004855       0.48670438601822519                0           0   793336.34104971308        2.0555510157367267E-005  0.50000000000000000              952   1.3357568700077374                0
         271         272  0.13618545113931463       0.10282415591629936       -1.7643068358636144E-003  0.98806680624688603        120181.93023047518        29.578155387187675        6.5648864428106091       0.49719862626241335                0           0   39143.282593508091        1.8027976026539725E-004  0.50000000000000000              974   8.5833918075228610E-002           0
         287         288   8.8414603939471620E-002   4.2704642040310346E-002  -5.8515194294090581E-004  0.98093659039144399        118941.02246670357        24.046383900145148        2.9405421597306587       0.61370783304518084                0           0   39551.663169548527        1.4603779329379048E-004  0.50000000000000000              990  0.21335124393650359                0
         291         292  0.10251315781699964        2.9651563345757474E-002  -1.1831110334550475E-003  0.98075559013170377        29765.556837160901        9.5746088155111213        9.4132671024365333       0.59228230898105516                0           0   158045.59892431262        5.8142920318824777E-005   6.2500000000000000E-002         994  0.24136168458016777                0
         303         304  0.77980953382043972       0.33783563817501155       -5.2382472905160467E-002  0.97671789874474535        28033.625192942258        18.742492285908785        5.9146739226337717       0.63460656270995930                0           0   167809.73653129677        1.1358394461059082E-004  0.50000000000000000             1006  0.23002779946621318                0
         311         312  0.16827131513595273       0.11782564957455051       -9.1314488263872420E-003  0.97485864189666582        15717.300866973132        8.0915100549741776        14.448791442729188       0.17441969650177261                0           0   299308.08714936365        4.8990345746074786E-005  0.50000000000000000             1014 -0.14250945874289836                0
         321         322  0.12252965187021556        4.0765808550071510E-002  -1.0952504619379879E-003  0.97557453106160041        63331.226025514967        16.995860241612995        16.752361138794740       0.43933455108241437                0           0   74281.133539866772        1.0293936416602254E-004  0.50000000000000000             1024  0.78478320057859374                0
         323         324  0.13577855073708561        2.1714876777924844E-002  -1.0672784058174505E-003  0.97737634574565457        30402.145619620234        10.295090097572151        12.138058426885078       0.61071993572612204                0           0   154736.29119810546        6.2411468000077191E-005  0.50000000000000000             1026  0.38850572596644428                0
         337         338  0.14234346256931027        4.8688670540606271E-002  -2.7220309402593351E-003  0.98436219341894415        24424.438780536861        9.4883723855236379        16.345929738710673       0.44461213504295166                0           0   192606.89262565569        5.7724153992768256E-005  0.50000000000000000             1040   1.5593550914839274                0
         357         358   7.9717634398698847E-002   3.5168480550120958E-002  -1.1543449013877967E-003  0.99034897964864510        29342.295402160125        9.0508997532508531        13.584965559158505       0.51179079208890910                0           0   160325.40035359471        5.5228836842580753E-005  0.50000000000000000             1060  0.89482406189146313                0
         363         364   8.0030474895858961E-002   2.5241398542184282E-002  -3.2505135387658957E-004  0.96900162088983910        125469.53716214608        23.159872534501439        10.030309986725648       0.68540058452253272                0           0   37493.684634903126        1.3980643129274424E-004  0.50000000000000000             1066  0.47913513758812515                0
         371         372   9.0756420354949963E-002   8.9399293653254358E-002  -1.4941626717007766E-003  0.97790038526241019        78336.750524128642        20.236383406048532        7.8760835830043128       0.40763721371231298                0           0   60052.468683849453        1.2271064128272370E-004  0.50000000000000000             1074  0.20585371544236439                0
         383         384   9.3433970454860987E-002   6.5975786712685114E-002  -2.9999592269293533E-003  0.97176827062077331        19385.313257799193        7.6576121486429507        12.724335768342909       0.50765300440828698                0           0   242674.19334851863        4.6290742961604388E-005  0.50000000000000000             1086  0.51512436546999274                0
         395         396  0.10118924464727580        7.2387835402996439E-002  -4.0679476328368365E-003  0.98184110250843104        15239.121285685993        6.7103307468978812        7.5964771787034469       0.47375422522710997                0           0   308699.90266850201        4.0771591993552411E-005  0.50000000000000000             1098   5.7788954839557469E-002           0
         401         402  0.11008182267075275        8.1520559788653676E-002  -2.1754919003101718E-003  0.98946501741247106        50292.904508829961        15.372504553420699        9.5403557392435268       0.46244071544664156                0           0   93538.349069078395        9.3761781152373525E-005  0.50000000000000000             1104  0.16373813293566991                0
         219         220   5.9461379470541447        2.5291364086335988      -0.75299076982192070       0.98221912150944157        80559.862777643633        74.428097414589246        9.4272728074680181       0.23965361498819648                0           0   58395.273967004177        4.5230718866207646E-004  0.50000000000000000              922  0.17342318986786720                0
         159         160  0.52009082554844766       0.13749382338007102       -6.8562166579241961E-003  0.98252657550525302        109146.58921206869        38.868446659729038        4.8696019580061236       0.56947474432624157                0           0   43100.891119047374        2.3624417772278330E-004  0.50000000000000000              862  0.22061120696673431                0
           1           2   2.0244841138268650       0.61000484406818434       -7.0741485713423660E-002  0.98738152934187551        118081.33591071346        65.056817812538299        13.944399209021972       0.46717769835112133                0           0   39839.617509086311        3.9638661146352313E-004  0.50000000000000000              704  0.10259888379539384                0
         283         284  0.18094602805437388        8.1870494517192083E-002  -1.6064068193646895E-003  0.97697797871714775        143540.44546752289        34.366892541613126        5.2308608898124769       0.29974391640737091                0           0   32773.447527785116        2.0829891525217590E-004  0.50000000000000000              986  -4.4547245077699124E-002           0
         185         186  0.24628085064239766        6.9358336926096664E-002  -1.8551080494142963E-003  0.99057546901522908        130681.44545928008        34.314639623851313        10.460030547730716       0.55924714045118196                0           0   35998.341165507023        2.0941269287605858E-004  0.50000000000000000              888  0.25136260543546318                0
         191         192  0.17819880543248182        5.0730547014061628E-002  -8.9966543292994278E-004  0.98450778698896024        174927.64032278312        37.446621017460309        15.968335140930192       0.61899748118143783                0           0   26892.921261409472        2.2782970840593575E-004  0.50000000000000000              894  0.50376664978401109                0
          71          72  0.16939743337267674        2.6319217633798585E-002  -4.7647967898261517E-004  0.96976219828091648        170003.73667627125        34.870225322542275        10.042532912271426       0.26835835481080761                0           0   27671.834452691655        1.5082883319385277E-004  0.50000000000000000              774 -0.14224325468666255                0
          53          54  0.10539273585624893        8.3691576402142989E-002  -9.4861616487088496E-004  0.98840746126056767        171334.30925667207        34.651436372167325        12.344732487224013       0.29485121207973219                0           0   27456.936547351612        2.1096666920612941E-004  0.25000000000000000              756 -0.17364776239058943                0
         245         246  0.10614450888457336        7.9534736728126665E-002  -8.8338078697462622E-004  0.97533507163214717        180155.36208468804        35.614411017835778        12.433931559006085       0.21292984223187006                0           0   26112.546433302068        2.1568078356416255E-004  0.50000000000000000              948  0.14740006560985527                0
         331         332  0.12214104311112879        9.8521910482032543E-002  -1.1537755047203683E-003  0.97154055198387024        188414.45473505274        38.868024797675822        13.470859281145017       0.29702860809422116                0           0   24967.910579153504        2.3493249830021899E-004  0.50000000000000000             1034   2.9358261530184213E-002           0
         203         204  0.10958957416913398        5.6611292613942377E-002  -6.2817234305771752E-004  0.98494187057407623        200051.97130642890        36.805509599966030        13.038833581489623       0.16346593650500216                0           0   23515.465640870621        1.6988547057778460E-004  0.50000000000000000              906 -0.19253382099918662                0
          21          22  0.17137201111473407        1.8580527211685235E-002  -2.8964617018065918E-004  0.97725619083110171        219756.57682243298        40.968444197440832        7.7408112100057691       0.24465563427710579                0           0   21406.937283364805        1.8343950172520064E-004  0.50000000000000000              724   9.6697098829811839E-002           0
         369         370  0.35577330781196675       0.28758888866695975       -6.5923629871082615E-003  0.96841922705639494        200307.85819162280        57.839387851881206        17.399360132052195       0.44767516433813120                0           0   23485.425385280789        3.4904883910831302E-004  0.50000000000000000             1072   1.6820917710944514                0
          77          78   9.3430964505624117E-002   2.0354482771848002E-002  -1.6334883162896549E-004  0.97425183352183942        309441.22681298596        43.386459025179242        13.707785086485206       0.51890755135390987                0           0   15202.613129787858        1.8457846561722538E-004  0.50000000000000000              780  0.92383265346682986                0
         315         316  0.30834333591613694       0.21242803698149326       -3.5544000840579989E-003  0.96932722246065328        288048.63087816222        68.675120176768687        10.191760409959320       0.36579961265173710                0           0   16331.670257563481        4.1463143421502049E-004   3.1250000000000000E-002        1018  0.22198576669113287                0
          89          90  0.20842321107894346       0.10223825271363279       -1.3435582502014560E-003  0.98702482580270168        297769.38109927031        59.104743533761280        7.7029203888130366       0.77326569918072419                0           0   15798.519109916271        3.6005640583131949E-004  0.50000000000000000              792  0.42875114737890840                0
         155         156  0.50373356431637750       0.18870347651975347       -4.6345267489272665E-003  0.98128177235206437        293320.33962033020        76.435433608783669        11.211123794357807       0.68432135135642347                0           0   16038.148816184937        4.6428632181207922E-004  0.50000000000000000              858  0.41911588345758710                0
         187         188  0.16652052450678573        4.4390738220572948E-002  -5.1200105471243477E-004  0.98740860044556455        313872.49940009229        53.803263366689940        7.3395430593411488       0.67932620555417744                0           0   14987.981637882163        1.5401396217716847E-004  0.50000000000000000              890  0.31035727466741919                0
         255         256   8.3811449474318997E-002   3.0344259974373743E-002  -1.9498774621546684E-004  0.99476358635673934        366335.73421504453        48.606227887337262        11.423248562682145       0.46652199153549945                0           0   12841.540746017587        1.7373772739312873E-004  0.50000000000000000              958  0.28296957097373598                0
          93          94   8.5361728603296438E-002   7.1347741082274679E-002  -4.1080252103106030E-004  0.97812880800934654        378910.90214675880        55.249666982163497        13.057539345387362       0.39353694127115491                0           0   12415.359998859836        1.7179347800011020E-004  0.50000000000000000              796  0.39413041037014873                0
          95         546  0.62290701776509083       0.52092362269304604       -3.7742791352042911E-003  0.93634627087031097        1958543.6500840485        320.39268773217628        10.567532492852804       0.50466429111982913                0           0   2401.9455769815922        1.8352540418080814E-003   2.5103638330795956E-003         798  0.36987829811448558                0
          67          68  0.52597586808430075       0.46375414949012228       -9.5351984985231255E-003  0.98266064699714351        341740.68956755206        95.332992401100725        16.830492582461442       0.40717538912947404                0           0   13765.745201713413        5.7947742737167690E-004  0.50000000000000000              770  0.11795236354300073                0
         213         214   8.6717284611907239E-002   1.7710005955573944E-002  -1.1427078035879827E-004  0.98213695314694749        400632.33674856107        50.085097135765906        8.0704817446462851       0.35599378880330318                0           0   11742.225542311169        1.5552041722878169E-004  0.50000000000000000              916  0.17862911466712217                0
         313         314  0.11479116130453372        5.7685466757393881E-002  -3.9453446450446250E-004  0.99253727403468150        435049.79924732697        62.547398305763593        4.7890655714631736       0.39439759523715057                0           0   10813.279918261374        1.7042172232509015E-004  0.50000000000000000             1016   9.1309805571763103E-002           0
         365         366  0.29906545429998188       0.27572229150032296       -3.4223050706489746E-003  0.97703614846779008        409915.73603235272        89.792227251814452        13.581909754744718       0.29456346835192482                0           0   11476.298283102440        5.4424978456707430E-004  0.50000000000000000             1068 -0.23188997373017056                0
         201         202  0.41909726131645580       0.36316033186407948       -5.4401348907038797E-003  0.97784193266974673        439642.50440806977        104.26124217537117        13.115501817804173       0.39136437141283253                0           0   10700.319487940789        6.3220712582260643E-004  0.50000000000000000              904   4.8541243900957112E-002           0
         171         172  0.11855449161888632       0.10910379859810015       -6.3808363105355751E-004  0.99690688946593098        502629.43037454027        75.543937317710842        3.0501300284158028       0.22970126806147403                0           0   9359.4106778413025        1.6222029374787257E-004  0.25000000000000000              874  -8.2776705521248869E-002           0
         347         348  0.19457293008789711        9.8264029982305379E-002  -8.4213227326918961E-004  0.97623178622328566        525292.62380639045        84.608893442837001        5.9011333455946238       0.42567686087463186                0           0   8955.6088253366652        5.1262384884362530E-004   6.2500000000000000E-002        1050  0.17581297351160424                0
         343         344   9.9716206803828866E-002   3.9838043689421537E-002  -1.9541286924161294E-004  0.98547806040898511        644708.77578794607        75.758248904357316        17.502099850597581       0.62984244094325925                0           0   7296.8066114739531        4.6110969753691106E-004  0.50000000000000000             1046   1.8233301326361504                0
          55          56   8.3915877860446200E-002   1.7498204653530233E-002  -7.7740196882517218E-005  0.96898154446861051        677342.13462491788        70.390059717499767        13.553029957270068       0.15254425923557652                0           0   6945.2570823012566        1.8325936041652929E-004  0.50000000000000000              758 -0.19782639767543048                0
          99         100  0.11123848720615616        3.9011678252708890E-002  -1.9764343022701515E-004  0.98119635498491209        697449.45099556562        81.825121918085514        10.412983021433872       0.54315384206772344                0           0   6745.0268272914218        1.9609050585244134E-004  0.50000000000000000              802  0.14160242739586754                0
         391         392  0.13558686976987694        5.7578981684498085E-002  -2.5446740011902898E-004  0.98428057182237338        1015963.8259505472        114.33226250480101        12.839336990113489       0.35820194169302866                0           0   4630.3964151906221        1.9855493643177781E-004  0.50000000000000000             1094  0.14421418769543784                0
         385         386  0.12648191059682606        5.9749107023494945E-002  -2.5030111744847215E-004  0.99192399726360403        1010156.8010307509        112.51654391747591        14.203885362510084       0.28173599011399170                0           0   4657.0148840700185        1.9971473045980897E-004  0.50000000000000000             1088  -1.0942984140385661E-002           0
          41          42  0.11122608390456809        8.6847116325004775E-002  -3.0034655602715249E-004  0.97689552612968544        1076875.4069236529        119.85571002551679        3.3971743547284001       0.81622981568234065                0           0   4368.4861102769009        1.9934720720389158E-004  0.50000000000000000              744  0.51160652192200151                0
         345         346  0.55774375829353751       0.47607345656862060       -4.7923803546830179E-003  0.97923176074338625        1065819.0059203701        206.47940675782556        2.2215598826828202       0.24091553224595924                0           0   4413.8031237137029        1.2529054742208931E-003  0.50000000000000000             1048  -3.1496673834574086E-002           0
          73          74  0.94128231410560004       0.69908498357263338       -1.0547991353088345E-002  0.98595090542721642        1010924.7705775029        232.48741209934116        13.345991640446101       0.48194539274640980                0           0   4653.4770880699325        1.4155097427745917E-003  0.50000000000000000              776  0.32402495239904522                0
         285         286   8.9462339041284894E-002   4.2834040765278178E-002  -1.2838168338598593E-004  0.97556116315563901        1178106.6063545495        111.23605151706303        8.5616591327937890       0.65349988832875106                0           0   3993.1150816660524        1.4410236536712358E-004  0.25000000000000000              988  0.21684238699915159                0
         293         294  0.55382231722128972       0.12326253909399966       -1.3046202120956597E-003  0.97555013427591697        1208714.8768618368        195.00098063437505        13.188478490018555       0.46911858120005079                0           0   3891.9974823661364        1.1809822740092247E-003  0.50000000000000000              996  0.99403624714866390                0
         123         124  0.67985937278035102       0.12376754478802159       -1.4259437356367586E-003  0.97763450747397851        1328700.8239903566        219.90890269502705        10.145819869345358       0.53592259574747014                0           0   3540.5376234484115        1.3330674591925293E-003   6.2500000000000000E-002         826  0.34943036126302901                0
           7           8  0.10772050310063933        1.1526931384030817E-002  -3.7943697728780554E-005  0.99082248886431246        1424470.1409572540        121.95279694780302        9.2667772930456653       0.43560728287421041                0           0   3302.5018372680170        1.6260639909577266E-004  0.25000000000000000              710  -2.5157549425900538E-002           0
         355         356  0.32294731613854971       0.22153041596011064       -1.4146791448691402E-003  0.98835597978780254        1280677.5733209376        188.46314208734015        6.6782681738903511       0.41573808547109720                0           0   3673.3018174480535        1.1488556879049804E-003  0.50000000000000000             1058   6.7291518886205826E-002           0
         117         118  0.40216802461087314       0.11268199431891886       -9.3948131643061938E-004  0.97690707695788359        1226845.1060164988        179.76007936485891        15.198721284999271       0.52300377515088958                0           0   3834.4818221751120        1.0894929361876689E-003  0.50000000000000000              820  0.95863270097156894                0
          85          86   8.0567479673496034E-002   7.0359839832317903E-002  -1.6540594186675728E-004  0.98642166572395873        1357017.8794508749        127.71821781941760        6.8460828771559719       0.30205041799626609                0           0   3466.6567986181526        1.9401392259058692E-004  0.25000000000000000              788  -7.2580356409761487E-002           0
          47          48   9.8900608463481726E-002   3.1153535981132970E-002  -9.0443949087021743E-005  0.96929450295796848        1448762.9164048610        126.95392421516813        15.705234936995158       0.81162988242239231                0           0   3247.1256714098058        1.9207619232510233E-004  0.50000000000000000              750  0.40663061215544111                0
         387         388  0.11696728908539532        8.3148869844046139E-002  -2.2937097276601494E-004  0.98791587437184525        1621816.1756297860        158.01621499788899        7.7146435081184839       0.41960818240014736                0           0   2900.6464039107123        6.5382373448467392E-004   6.6728709880316709E-005        1090  0.12922201479382942                0
         103         104   9.4240900685283069E-002   8.1646476448274677E-002  -1.9581474411928143E-004  0.97430932578693863        1543295.6101144454        146.43699954217337        6.5193072641759491       0.15834459558372141                0           0   3048.2269416265021        8.8618227905427590E-004  0.25000000000000000              806  -4.3936223119179690E-002           0
         215         216   9.9764396033006283E-002   5.7531129034738331E-002  -1.3467170227244636E-004  0.99202500142069505        1843377.2888768672        158.82594977762659        17.657439215295181       0.28707924578116645                0           0   2552.0089056272404        1.9606910170443681E-004  0.50000000000000000              918 -0.28038282758127997                0
          65          66   8.1196656538748205E-002   3.2700733033609646E-002  -6.2627861262289943E-005  0.98184767372588766        2149336.5504112290        157.99647215383459        10.496112261620539       0.55659067664350936                0           0   2188.7290088398181        1.9363885980735446E-004  0.50000000000000000              768  0.14582823283224211                0
          15          16  0.12041882448822794        4.7134796559794988E-002  -1.1370748620294229E-004  0.97825164521118502        2263928.7909641471        186.02285177799217        12.360316151462518       0.57828942123166538                0           0   2077.9431210119114        1.1281688166013199E-003  0.25000000000000000              718  0.22027848973638964                0
         243         244  0.10897784068549871        6.2870305948584129E-002  -1.2688985103554134E-004  0.99345305026723485        2514966.0648626112        201.22235189126619        11.821281927398042       0.34975489817093636                0           0   1870.5283237695505        1.2297376519750148E-003  0.50000000000000000              946   8.9526602718085907E-002           0
          37          38  0.10983277472157330        9.0349772612143470E-002  -1.6313461273031012E-004  0.98167519740275366        2786284.6185355540        226.68993556755197        16.075616308603472       0.58497034303264006                0           0   1688.3828831949368        1.3772225981147541E-003  0.50000000000000000              740  -8.2814116450353470E-002           0
         403         404  0.17519688796893346        3.8994197612049461E-002  -1.0593107190270746E-004  0.98389552205590347        2940512.6090864930        240.33794582942068        13.468212787317404       0.46132799431803595                0           0   1599.8282894988902        7.5782023552993516E-004   5.3972900103153420E-004        1106  0.12952124588971647                0
         127         128  0.41687934908818136       0.27898104023835063       -1.0601324713850049E-003  0.99434194081511351        3619474.9262651657        408.83142482301037        11.699021937286373       0.24762039739439790                0           0   1299.7231237899509        2.4997052625840904E-003  0.50000000000000000              830   2.8437891202809290E-002           0
         217         218   8.1228311512873880E-002   6.5270211912634449E-002  -8.4864059256294254E-005  0.97696892315676265        3390006.8490829859        232.81876606981328        14.998048311571026       0.77234525598866655                0           0   1387.7008121435813        1.4110585494170628E-003  0.50000000000000000              920  0.28196177654506094                0
         175         176   8.2952047495663137E-002   3.6571247402372269E-002  -5.1727641670883435E-005  0.99014116551167897        3413573.4973514420        218.55640641773451        15.670004226685256       0.58655241633883626                0           0   1378.1203953261281        1.2974363427922363E-003   1.9119291947645460E-003         878   4.0216953467303973E-002           0
         143         144  0.25022565110097550       0.15769561095085233       -3.9893226177458845E-004  0.97378367469115990        4047244.7606835263        368.61381757316616        8.2823057999410441       0.62768526447878270                0           0   1162.3500766111972        2.2305190603367172E-003  0.50000000000000000              846  0.20645162074595957                0
          61          62  0.16574606629006447        5.1105325148539382E-002  -1.0680914848388477E-004  0.98146224652464376        3985102.7316611102        295.54272204541036        9.2279108193470840       0.42596849299642836                0           0   1180.4752786595950        1.7952874583487142E-003  0.50000000000000000              764  0.31652045508540116                0
          29          30   9.2064989403419284E-002   3.8673592252436655E-002  -4.8326417632826574E-005  0.98790084533106615        4595724.3541263249        274.56410217347485        5.7283903155583467       0.79572155831567803                0           0   1023.6286807368981        1.6733196375634911E-003  0.25000000000000000              732  0.46470968595298501                0
         237         238  0.17519413512811899        4.8620481183886892E-002  -9.6133046925272949E-005  0.99516489023133436        4632593.2409340926        330.20636827131904        17.377397498111375       0.56584712861759934                0           0   1015.4820449326151        1.9984115928462558E-004  0.50000000000000000              940  0.71361880348480700                0
         147         148  0.31456825641218544       0.25964081492902225       -6.6243600918377415E-004  0.98456015427272825        4747337.3481747657        459.47645601886813        15.535208246071230       0.46023894780515812                0           0   990.93763780099937        1.9668248657376449E-004  0.50000000000000000              850  0.11988984443366557                0
         399         400  0.17014458503807270        6.6018282057290864E-002  -2.6982097803600630E-005  0.99085875671482304        45927560.748651788        1551.4078144972525        10.344745614244900       0.22908719277192735                0           0   102.42902477207782        9.9200601381810977E-004   3.6959035592332612E-005        1102 -0.15312585449248373                0
         281         282   8.0478030877779258E-002   1.6466831233086777E-002  -1.7957684019306255E-005  0.98262986385956386        5350106.2374385567        275.01500294943679        14.201329470938818       0.54100415895282705                0           0   879.29380256512889        4.4402959357852295E-004   1.1816526414427217E-003         984  0.45184881495203028                0
          45          46   8.6894120985331738E-002   8.6164685909330241E-002  -8.2040856412477007E-005  0.98387083180607882        5506893.1944410549        340.10174038637848        9.4240623197813598       0.61082388215288885                0           0   854.25939664011355        2.0685513436049150E-003  0.50000000000000000              748  0.51227580806325212                0
         161         162   9.3309048906446132E-002   9.2827486138433946E-002  -9.1369902265217291E-005  0.98810183473132440        5621461.0236909557        353.27794698272049        7.8749998656715574       0.50121518083341843                0           0   836.84921727981487        1.8322440265198777E-003   2.2606573144915110E-004         864  0.15912881258950529                0
         309         310  0.10545420084030525        5.3264404142991120E-002  -5.7855495593977865E-005  0.98363597107776712        6309425.5400360068        361.80592593708820        13.861657701315538       0.53258700077001109                0           0   745.60120058377254        2.2003001492994592E-003  0.50000000000000000             1012  -2.5130139119973499E-002           0
         189         190  0.11107991559331475        5.1209466390144058E-002  -5.9401457297079668E-005  0.98671314114777653        6112335.9088638304        356.86834591407722        18.278167989967503       0.15485577279993937                0           0   769.64278923590894        2.1736268209196817E-003  0.50000000000000000              892 -0.14526063151960239                0
         289         290  0.10428359770713377        2.3242149003040714E-002  -2.7029393580982270E-005  0.98098684576459250        6248190.5813032910        334.17604942136938        14.738436770571182       0.16268634599566117                0           0   752.90841347280150        1.5045433621755713E-003   9.6971800101071988E-004         992  -6.0226022233467208E-002           0
         115         116   9.5073144526220191E-002   4.6025486525321645E-002  -4.6726263478262970E-005  0.98361077625756288        6339435.9430684811        348.99124241529205        10.960158239992575       0.45284797301090490                0           0   742.07158174513086        2.1223306805025111E-003  0.50000000000000000              818  0.19409359550280214                0
         223         224  0.13901763968801717        6.0776114313866474E-002  -7.7059083488736075E-005  0.98944708465042563        6749114.2083747135        408.59997667940388        8.1480917093842731       0.38290168397471347                0           0   697.02706346372986        2.3754746179130812E-003   9.9527298346610126E-004         926  0.15218699528014626                0
         299         300   9.2079428251349071E-002   8.2023039557947389E-002  -6.9096454002732629E-005  0.98687479860077243        7196657.5005126810        407.34468019806849        17.381966709079439       0.11067045471455123                0           0   653.68058120170838        2.4812727772404322E-003   1.0867427139722153E-003        1002 -0.35620749943781371                0
         199         200  0.11230093762090229        4.7925291740752780E-002  -4.9845320530023470E-005  0.98557578802919299        7365259.5215128316        402.38621163417127        12.796433422295891       0.27930237187033169                0           0   638.71683596540686        2.4494184751019071E-003  0.50000000000000000              902  0.84857249941969681                0
         373         374  0.15845034820673778       0.15233439132851201       -1.7085645665391590E-004  0.97951790522980142        7914601.1198483417        526.47663284111354        7.2011081306316775       0.44176411335807392                0           0   594.38437722998060        2.4506917464883699E-003   2.0087794093054344E-004        1076  0.13699760872498312                0
          69          70  0.10464422723177559       0.10349050793134676       -8.6377732787562200E-005  0.98042651398566583        8085705.8082159301        467.23280664956275        12.295081346634928       0.17772792595682665                0           0   581.80638391081243        2.8368343572848856E-003  0.50000000000000000              772 -0.15178702190134868                0
         267         268  0.11152016154947933        1.9237634443879208E-002  -2.0549683992278008E-005  0.97571267332597023        7751491.9066627752        389.06238621345261        4.5302397802606968       0.52526354268618058                0           0   606.89159123048046        2.2315141833478976E-003   1.1761037999173842E-003         970  0.14482309394731754                0
         183         184  0.10185732075756881        5.4219839429199369E-002  -4.3501521632984443E-005  0.97498933135163746        9514119.2839665320        473.11352464720147        16.721195032907563       0.34029415433559218                0           0   494.45619896448125        2.7226243626926922E-003   7.5044727046751371E-005         886   1.2729540111641908                0
         265         266   8.4095384718170976E-002   3.6296916915751078E-002  -2.5177708434409100E-005  0.98207892251455398        10109005.170487426        451.79876053160871        6.3747017415097780       0.46344623979823418                0           0   465.35887343085955        1.2475336686216573E-003   9.1016555947289097E-004         968  0.24208302503910334                0
         367         368  0.20322917187314732       0.17631903439505672       -1.9839637204525107E-004  0.98270576137787136        10352924.267385814        673.08646287828060        16.786694592981902       0.53517605921687550                0           0   454.39482953279980        4.0914197404128428E-003   6.9687216042297806E-003        1070   1.6188484455943568                0
         305         306   8.5255713978393793E-002   1.6586699482616780E-002  -1.1931200371230782E-005  0.97557216214542408        10624387.113807641        441.69112072417624        14.268180771591881       0.29662465121269110                0           0   442.78462439785847        2.6751951435917505E-003  0.50000000000000000             1008  0.11386060561163631                0
         325         326  0.14296285691723640        1.8018411898666035E-002  -1.7591034512000332E-005  0.98525910189351285        11605238.715074902        545.71725305743564        6.0827769462656160       0.34788847536649276                0           0   405.36135215676182        1.9976652747874619E-004  0.12500000000000000             1028   2.7585956589282437E-002           0
         119         120  0.12744757891135747        8.2887871857059842E-002  -6.3848789170769046E-005  0.98269985033698937        12193204.574003790        616.57973866081329        6.2746346227930871       0.27392011743021760                0           0   385.81451078697370        3.7479255214838184E-003  0.50000000000000000              822   2.6857847841316784E-002           0
         133         134  0.13034205300579016        4.8697333779162973E-002  -3.8327414940299650E-005  0.98105696910940821        13234735.212083312        617.16252710533070        9.4838270172508903       0.42484949387150983                0           0   355.45216298318718        3.4408923676272369E-003   6.3476241987597500E-004         836  0.24076856261772639                0
          17          18   8.8310858010865509E-002   3.6165089814597706E-002  -2.2321003472730643E-005  0.98140412768925933        12747100.610456508        533.22349031307033        9.8415280729787522       0.36730647051247634                0           0   369.04982563531280        3.2391129273980847E-003  0.50000000000000000              720  -4.7199870603395602E-002           0
         275         276  0.13196141201412448        6.9014568623332620E-002  -4.7733984313776732E-005  0.97883266095260202        15446753.600863185        711.01601298201604        12.468023635323597       0.40437169812058443                0           0   304.55041746648175        4.1189459619432028E-003   6.4941296382362089E-004         978  0.41777534079117107                0
         221         222  0.10685030920939192        6.9974509155263417E-002  -3.1625352630153196E-005  0.98411545615383289        22715276.069175974        881.04806840175979        11.466573852108404       0.17116988361910351                0           0   207.09918925565660        4.8720307100628604E-003   4.6165282217955469E-005         924 -0.22671161093086059                0
         157         158  0.17882018552997023        8.7937108552675433E-002  -4.2075511213590604E-005  0.98508555848391488        36757846.433228441        1392.7676070560310        7.2794000559841061       0.37243593118787766                0           0   127.98125336831882        3.3777702143199619E-003   2.5627533957304648E-004         860   2.3679930142282282E-002           0
         145         146  0.11284151051838727        7.1741434973604884E-002  -2.4259724271174193E-005  0.99377546706153885        37282332.671356268        1243.5762688898471        13.282216517073149       0.40233043739500390                0           0   126.18081864976899        2.5807191941397806E-003   2.7159780615471058E-004         848  0.16455959639814102                0
         405         406   8.7236661288412828E-002   5.5735761705262711E-002  -1.4072219982536795E-005  0.99445045527554632        44632234.652881853        1287.6258805654079        14.804381835884961       0.60773687821810729                0           0   105.40174145954420        7.8733128566099032E-003  0.50000000000000000             1108   1.3788199734691122                0
          51          52  0.11606384615255892        9.5064690585184505E-002  -1.2276543213329298E-004  0.98205345115529663        4872545.5793825211        334.93415447263214        1.9977790571136906       0.44138540831890705                0           0   965.47383313362923        1.9892380511386115E-004   6.2500000000000000E-002         754   4.7733922922688757E-002           0
