 122 181   1   452 105   0      0.2   0.46   4.88  5.778     0.0  -0.2385   0.0000
  -1.208671   0.000000   0.287028   0.062472  -0.571267   0.053723   0.000000   0.000000   0.000000   0.000000
   0.00000   0.00000   0.15019   0.03385   0.00000  -1.20867   0.00000   0.00000  -0.92164   0.77512   0.20854   0.00000   0.00000
 NAME(I1)    NAME(I2)    M1[M*]                    M2[M*]                    EB[NB]                    ECC                       P[Days]                   SEMI[AU]                  RI[PC]                    VI[km/s]                  K*(I1)      K*(I2)      ZN[NB]                    RP[NB]                    STEP(I1)[NB]              NAME(ICM)                 ECM[NB]                   K*(ICM)      
           3           4   8.7970317491499028E-002   4.9196061553816367E-002  -9.2897646351125171E-004  0.98018963898304645        71340.815372945974        17.361255191394889        7.6465973973072403       0.17490770600080729                0           0   65941.428242054317        1.0539810829294615E-004  0.12500000000000000              706  0.11317436471464321                0
          57          58   8.8793517676333700E-002   7.4789808565780366E-002  -1.3944536633748324E-003  0.99288618157622466        67519.482439442989        17.747571380570307        14.086914689872666       0.56164441721050173                0           0   69673.449613065080        1.0843421479498632E-004  0.50000000000000000              760   1.1548471673045078                0
          59          60  0.52934127945164156       0.11516011942956719       -3.1001072744619322E-002  0.99635260950274573        9025.0375450904266        7.3279160146024838        17.754232610512855       0.79240899983316782                0           0   521251.59969045070        4.4850020571511419E-005  0.25000000000000000              762   1.4517282671407723                0
          63          64  0.11284127030153632        5.3401276685359052E-002  -1.4468849236327175E-003  0.97984293960292113        54774.265105649982        15.520472950299069        11.981250464129296       0.39712840416021250                0           0   85885.502043175962        9.4206442072616631E-005  0.12500000000000000              766  0.23324178958001826                0
          83          84  0.10272953417562042        4.1373672231505683E-002  -1.2819188696754095E-003  0.97370419826673227        41789.837138321200        12.356008093958177        14.001677603967510       0.34801288209610454                0           0   112570.79662870750        7.4766174595093939E-005  0.50000000000000000              786  0.23225864943260260                0
          87          88  0.10306885414503236        3.0345968261083246E-002  -4.1821248241819420E-003  0.98428134930470224        4652.7998571211401        2.7870887101701558        15.209939293799415       0.29638378425364431                0           0   1011071.9141389197        1.6955045282497800E-005  0.12500000000000000              790   8.8519124169891814E-002           0
         105         106  0.12790761581087476        8.1406408734692293E-002  -3.3640542461646258E-002  0.96974758674909145        989.02684361157492        1.1534833915785283        18.368788910435224       0.34043945051900193                0           0   4756509.1767037120        6.9657331703446991E-006  0.25000000000000000              808  0.11608054643856518                0
         131         132   8.4797441590329786E-002   6.4637458177469395E-002  -7.7121942017657882E-004  0.98912831439601701        128788.41655396212        26.485513546867381        7.7901190808824330       0.46417231530709308                0           0   36527.471829531067        1.6151620773559698E-004  0.12500000000000000              834  0.12381698328494976                0
         137         138  0.13717930409073115       0.13193897190263901       -4.0334545728335997E-003  0.97817964388784162        48147.574536657077        16.722602131164937        11.819991099842385       0.15502830592872452                0           0   97706.173216745112        1.0141787278782275E-004  0.25000000000000000              840  0.66835237013618776                0
         167         168  0.11739175763496201        6.6852661947444644E-002  -1.3371095085191684E-003  0.97921691183512483        87047.450602289726        21.873015901955345        12.743937096089086       0.67071065795007057                0           0   54043.113555826756        1.3272323952673876E-004  0.25000000000000000              870  0.41894300169973064                0
         177         178  0.17518944591650459       0.15841447355487015       -4.8844045916293037E-002  0.97081544669269548        1948.4551180766894        2.1174370246531056        3.7540017364314191       0.80597582719238625                0           0   2414382.1502485364        1.2793853451865820E-005  0.25000000000000000              880  0.51047785811083457                0
         181         182  0.16494482085752635        4.8117280213717237E-002  -2.2342341753636167E-003  0.98308070947828008        38113.841390388654        13.238244572811659        5.1850127031907958       0.30641392299097930                0           0   123428.00111539195        8.0485139620415977E-005  0.12500000000000000              884   5.3866623849231660E-002           0
         193         194  0.13607741833753259        1.4509867592654014E-002  -3.3139095177587647E-004  0.98026160729439438        98477.807758994706        22.203845682541278        15.656685579400285       0.69123869415657269                0           0   47770.308506030713        1.3480179630591914E-004  0.25000000000000000              896   1.2003774063769552                0
         195         196  0.23980714281985319       0.16746154432118399       -1.7866781603804005E-002  0.96643523058497638        13874.745800257982        8.3762612435180923        11.109319835302207       0.97769484811713692                0           0   339055.96004197007        5.0498069052990366E-005  0.25000000000000000              898  0.74684404289390904                0
         207         208   9.9440827635248155E-002   5.0100703362626467E-002  -8.7683211256005204E-003  0.98112175417415370        2910.2243960466299        2.1174416066239212        3.8923829227592992       0.74958344462948512                0           0   1616478.5313583727        1.2860786271453537E-005  0.25000000000000000              910  0.45583777097174571                0
         225         226  0.11258739991983015        4.7810171057872303E-002  -9.4939383745014589E-004  0.98185672257896206        88575.957032427817        21.129198100363176        15.906930453557662       0.59553063949403595                0           0   53110.521356517827        1.2838083044770557E-004  0.25000000000000000              928   1.1145743694327330                0
         235         236   9.9158490776633662E-002   3.5661683213779022E-002  -5.1301121046354124E-003  0.96614283730650707        4095.4263718306088        2.5687641194955386        7.0776299288982338       0.28974506053815796                0           0   1148675.3345151674        1.5484037106406675E-005  0.12500000000000000              938  0.12796138646706803                0
         239         240   8.3253089810449737E-002   5.9845060969569666E-002  -7.4110620056441019E-004  0.97866503909393976        121080.59857328323        25.053451414275163        15.879180901908795       0.46401575233362341                0           0   38852.758518512826        1.5197941044801133E-004  0.25000000000000000              942  0.14856459002880520                0
         247         248  0.12867704596478571        5.6124925773135610E-002  -4.8755267774440045E-002  0.97148621675522984        348.47281385192167       0.55201979559906922        18.725034049733072       0.62720211018532968                0           0   13499805.639483234        3.3365167437779866E-006  0.12500000000000000              950  0.54678789434325070                0
         249         250   8.3325272192247987E-002   6.4931060179189190E-002  -5.9417119074347373E-003  0.97581540753508467        5929.7866670524481        3.3934150410168407        16.192963727821549       0.54059159735426232                0           0   793336.34104971308        2.0555510157367267E-005  0.50000000000000000              952   1.3353421269660626                0
         271         272  0.13618545113931463       0.10282415591629936       -1.7643068358636144E-003  0.98806680624688603        120181.93023047518        29.578155387187675        6.7007568022583275       0.50783810085098058                0           0   39143.282593508091        1.8027976026539725E-004  0.25000000000000000              974   8.5737644107213073E-002           0
         287         288   8.8414603939471620E-002   4.2704642040310346E-002  -5.8515194294090581E-004  0.98093659039144399        118941.02246670357        24.046383900145148        3.0947208456863695       0.61721331068401142                0           0   39551.663169548527        1.4603779329379048E-004  0.25000000000000000              990  0.21483283942144582                0
         291         292  0.10251315781699964        2.9651563345757474E-002  -1.1831110334550475E-003  0.98075559013170377        29765.556837160901        9.5746088155111213        9.0296285340775562       0.59149349106323057                0           0   158045.59892431262        5.8142920318824777E-005   6.2500000000000000E-002         994  0.24131057873984701                0
         303         304  0.77980953382043972       0.33783563817501155       -5.2382472905160467E-002  0.97671789874474535        28033.625192942258        18.742492285908785        5.9554652326136148       0.63495913952982297                0           0   167809.73653129677        1.1358394461059082E-004  0.25000000000000000             1006  0.23076717213099981                0
         311         312  0.16827131513595273       0.11782564957455051       -9.1314488263872420E-003  0.97485864189666582        15717.300866973132        8.0915100549741776        14.421700164452938       0.18231780687124993                0           0   299308.08714936365        4.8990345746074786E-005  0.25000000000000000             1014 -0.14200603827207056                0
         321         322  0.12252965187021556        4.0765808550071510E-002  -1.0952504619379879E-003  0.97557453106160041        63331.226025514967        16.995860241612995        16.501142358253844       0.47105137293831578                0           0   74281.133539866772        1.0293936416602254E-004  0.50000000000000000             1024  0.78541856866929671                0
         323         324  0.13577855073708561        2.1714876777924844E-002  -1.0672784058174505E-003  0.97737634574565457        30402.145619620234        10.295090097572151        11.899543737309378       0.59150660132647725                0           0   154736.29119810546        6.2411468000077191E-005  0.25000000000000000             1026  0.38851805539149192                0
         337         338  0.14234346256931027        4.8688670540606271E-002  -2.7220309402593351E-003  0.98436219341894415        24424.438780536861        9.4883723855236379        16.204421595503252       0.49623831698245768                0           0   192606.89262565569        5.7724153992768256E-005  0.50000000000000000             1040   1.5594707815572604                0
         357         358   7.9717634398698847E-002   3.5168480550120958E-002  -1.1543449013877967E-003  0.99034897964864510        29342.295402160125        9.0508997532508531        13.617512112257904       0.51067048536114001                0           0   160325.40035359471        5.5228836842580753E-005  0.25000000000000000             1060  0.89791003835351968                0
         363         364   8.0030474895858961E-002   2.5241398542184282E-002  -3.2505135387658957E-004  0.96900162088983910        125469.53716214608        23.159872534501439        9.8353526292628803       0.68314711897796410                0           0   37493.684634903126        1.3980643129274424E-004  0.25000000000000000             1066  0.47809241420905291                0
         371         372   9.0756420354949963E-002   8.9399293653254358E-002  -1.4941626717007766E-003  0.97790038526241019        78336.750524128642        20.236383406048532        7.9432768022649221       0.38714407100091541                0           0   60052.468683849453        1.2271064128272370E-004  0.25000000000000000             1074  0.20475465792208544                0
         383         384   9.3433970454860987E-002   6.5975786712685114E-002  -2.9999592269293533E-003  0.97176827062077331        19385.313257799193        7.6576121486429507        12.236928367803159       0.54014478966526080                0           0   242674.19334851863        4.6290742961604388E-005  0.25000000000000000             1086  0.51772037344304767                0
         395         396  0.10118924464727580        7.2387835402996439E-002  -4.0679476328368365E-003  0.98184110250843104        15239.121285685993        6.7103307468978812        7.1956177305077311       0.47320087267503652                0           0   308699.90266850201        4.0771591993552411E-005  0.25000000000000000             1098   5.8184790304735973E-002           0
         401         402  0.11008182267075275        8.1520559788653676E-002  -2.1754919003101718E-003  0.98946501741247106        50292.904508829961        15.372504553420699        9.3636430606175942       0.48295565124086376                0           0   93538.349069078395        9.3761781152373525E-005  0.25000000000000000             1104  0.16277758473062076                0
         219         220   5.9461379470541447        2.5291364086335988      -0.75299076982192070       0.98221912150944157        80559.862777643633        74.428097414589246        9.4139670980196790       0.26571706443388077                0           0   58395.273967004177        4.5230718866207646E-004  0.12500000000000000              922  0.17557250935295793                0
         159         160  0.52009082554844766       0.13749382338007102       -6.8562166579241961E-003  0.98252657550525302        109146.58921206869        38.868446659729038        4.8383240145928186       0.56632107519522124                0           0   43100.891119047374        2.3624417772278330E-004  0.12500000000000000              862  0.23475901368114194                0
           1           2   2.0244841138268650       0.61000484406818434       -7.0741485713423660E-002  0.98738152934187551        118081.33591071346        65.056817812538299        14.113111341937383       0.45607457658634570                0           0   39839.617509086311        3.9638661146352313E-004  0.12500000000000000              704  0.10277217353817988                0
         283         284  0.18094602805437388        8.1870494517192083E-002  -1.6064068193646895E-003  0.97697797871714775        143540.44546752289        34.366892541613126        5.2210829118831992       0.30820765752445040                0           0   32773.447527785116        2.0829891525217590E-004  0.12500000000000000              986  -4.3835967924516502E-002           0
         185         186  0.24628085064239766        6.9358336926096664E-002  -1.8551080494142963E-003  0.99057546901522908        130681.44545928008        34.314639623851313        9.9265396190760491       0.57440528354977993                0           0   35998.341165507023        2.0941269287605858E-004  0.12500000000000000              888  0.25171922536331992                0
         191         192  0.17819880543248182        5.0730547014061628E-002  -8.9966543292994278E-004  0.98450778698896024        174927.64032278312        37.446621017460309        15.640251785422851       0.61941985223928442                0           0   26892.921261409472        2.2782970840593575E-004  0.12500000000000000              894  0.50379142494930262                0
          71          72  0.16939743337267674        2.6319217633798585E-002  -4.7647967898261517E-004  0.96976219828091648        170003.73667627125        34.870225322542275        10.016309591280383       0.26271901944759335                0           0   27671.834452691655        1.5082883319385277E-004  0.12500000000000000              774 -0.14200774074239131                0
          53          54  0.10539273585624893        8.3691576402142989E-002  -9.4861616487088496E-004  0.98840746126056767        171334.30925667207        34.651436372167325        12.210084459078185       0.31837111009148061                0           0   27456.936547351612        2.1096666920612941E-004  0.12500000000000000              756 -0.16727676407342762                0
         245         246  0.10614450888457336        7.9534736728126665E-002  -8.8338078697462622E-004  0.97533507163214717        180155.36208468804        35.614411017835778        12.245420357878592       0.24937631690877360                0           0   26112.546433302068        2.1568078356416255E-004  0.12500000000000000              948  0.14732179801005196                0
         331         332  0.12214104311112879        9.8521910482032543E-002  -1.1537755047203683E-003  0.97154055198387024        188414.45473505274        38.868024797675822        13.738321371319342       0.30089205993281243                0           0   24967.910579153504        2.3493249830021899E-004  0.12500000000000000             1034   2.8617670290118608E-002           0
         203         204  0.10958957416913398        5.6611292613942377E-002  -6.2817234305771752E-004  0.98494187057407623        200051.97130642890        36.805509599966030        13.038900025128774       0.17782960525934358                0           0   23515.465640870621        1.6988547057778460E-004  0.12500000000000000              906 -0.19202663538430031                0
          21          22  0.17137201111473407        1.8580527211685235E-002  -2.8964617018065918E-004  0.97725619083110171        219756.57682243298        40.968444197440832        7.7868605523784611       0.25890364168087854                0           0   21406.937283364805        1.8343950172520064E-004  0.12500000000000000              724   9.9337319984146591E-002           0
         369         370  0.35577330781196675       0.28758888866695975       -6.5923629871082615E-003  0.96841922705639494        200307.85819162280        57.839387851881206        17.307693348593691       0.50953059917926757                0           0   23485.425385280789        3.4904883910831302E-004  0.12500000000000000             1072   1.6924880582678101                0
          77          78   9.3430964505624117E-002   2.0354482771848002E-002  -1.6334883162896549E-004  0.97425183352183942        309441.22681298596        43.386459025179242        13.670088959002019       0.51427405813890203                0           0   15202.613129787858        1.8457846561722538E-004  0.12500000000000000              780  0.92612940387278531                0
         315         316  0.30834333591613694       0.21242803698149326       -3.5544000840579989E-003  0.96932722246065328        288048.63087816222        68.675120176768687        9.9651368233787601       0.38395428873710552                0           0   16331.670257563481        4.1463143421502049E-004  0.12500000000000000             1018  0.23563746903220123                0
          89          90  0.20842321107894346       0.10223825271363279       -1.3435582502014560E-003  0.98702482580270168        297769.38109927031        59.104743533761280        7.0889404545907411       0.77877059187741937                0           0   15798.519109916271        3.6005640583131949E-004  0.12500000000000000              792  0.43091455330113820                0
         155         156  0.50373356431637750       0.18870347651975347       -4.6345267489272665E-003  0.98128177235206437        293320.33962033020        76.435433608783669        11.706672858303165       0.66137065141688234                0           0   16038.148816184937        4.6428632181207922E-004  0.12500000000000000              858  0.41806030823838536                0
         187         188  0.16652052450678573        4.4390738220572948E-002  -5.1200105471243477E-004  0.98740860044556455        313872.49940009229        53.803263366689940        6.7856911317949749       0.68101015058505598                0           0   14987.981637882163        1.5401396217716847E-004  0.12500000000000000              890  0.30570232572302392                0
         255         256   8.3811449474318997E-002   3.0344259974373743E-002  -1.9498774621546684E-004  0.99476358635673934        366335.73421504453        48.606227887337262        11.125960339277160       0.47797088995832626                0           0   12841.540746017587        1.7373772739312873E-004  0.12500000000000000              958  0.28499850348866795                0
          93          94   8.5361728603296438E-002   7.1347741082274679E-002  -4.1080252103106030E-004  0.97812880800934654        378910.90214675880        55.249666982163497        12.979336452480153       0.36529042810772144                0           0   12415.359998859836        1.7179347800011020E-004  0.12500000000000000              796  0.39351608707667562                0
          95          96  0.62290701776509083        9.1312241257938784E-002  -2.4694035555477495E-003  0.98229397200070601        343711.20167476760        85.837980864626033        10.414622182967781       0.50570071525969196                0           0   13686.825552156901        8.4657160946900013E-005   1.6794316354897362E-005         798  0.34377486179204586                0
          67          68  0.52597586808430075       0.46375414949012228       -9.5351984985231255E-003  0.98266064699714351        341740.68956755206        95.332992401100725        16.773542090967240       0.38299397924755385                0           0   13765.745201713413        5.7947742737167690E-004  0.12500000000000000              770  0.11795797253800644                0
         213         214   8.6717284611907239E-002   1.7710005955573944E-002  -1.1427078035879827E-004  0.98213695314694749        400632.33674856107        50.085097135765906        8.0770780899339076       0.37344674115510351                0           0   11742.225542311169        1.5552041722878169E-004  0.12500000000000000              916  0.17927349645200299                0
         313         314  0.11479116130453372        5.7685466757393881E-002  -3.9453446450446250E-004  0.99253727403468150        435049.79924732697        62.547398305763593        4.7711342560920480       0.37968651305920803                0           0   10813.279918261374        1.7042172232509015E-004  0.12500000000000000             1016   9.2949144032941272E-002           0
         365         366  0.29906545429998188       0.27572229150032296       -3.4223050706489746E-003  0.97703614846779008        409915.73603235272        89.792227251814452        13.453220229956067       0.28634146487570805                0           0   11476.298283102440        5.4424978456707430E-004  0.12500000000000000             1068 -0.23264006958781744                0
         201         202  0.41909726131645580       0.36316033186407948       -5.4401348907038797E-003  0.97784193266974673        439642.50440806977        104.26124217537117        13.472109133177625       0.39202646030155758                0           0   10700.319487940789        6.3220712582260643E-004  0.12500000000000000              904   4.7951699230878650E-002           0
         171         172  0.11855449161888632       0.10910379859810015       -6.3808363105355751E-004  0.99690688946593098        502629.43037454027        75.543937317710842        2.7977823616465414       0.23104218592391812                0           0   9359.4106778413025        1.6222029374787257E-004  0.12500000000000000              874  -8.1410597722525041E-002           0
         347         348  0.19457293008789711        9.8264029982305379E-002  -8.4213227326918961E-004  0.97623178622328566        525292.62380639045        84.608893442837001        5.6927927402505869       0.45035478041366750                0           0   8955.6088253366652        5.1262384884362530E-004   6.2500000000000000E-002        1050  0.17537105924823576                0
         343         344   9.9716206803828866E-002   3.9838043689421537E-002  -1.9541286924161294E-004  0.98547806040898511        644708.77578794607        75.758248904357316        17.321916178289619       0.68668556050604468                0           0   7296.8066114739531        4.6110969753691106E-004  0.12500000000000000             1046   1.8166026059117721                0
          55          56   8.3915877860446200E-002   1.7498204653530233E-002  -7.7740196882517218E-005  0.96898154446861051        677342.13462491788        70.390059717499767        13.577522802816036       0.14576433062841598                0           0   6945.2570823012566        1.8325936041652929E-004  0.12500000000000000              758 -0.19802959433384099                0
          99         100  0.11123848720615616        3.9011678252708890E-002  -1.9764343022701515E-004  0.98119635498491209        697449.45099556562        81.825121918085514        10.566410877955766       0.54327980485344718                0           0   6745.0268272914218        1.9609050585244134E-004  0.12500000000000000              802  0.14384434858307416                0
         391         392  0.13558686976987694        5.7578981684498085E-002  -2.5446740011902898E-004  0.98428057182237338        1015963.8259505472        114.33226250480101        12.523702564666081       0.38060575966662480                0           0   4630.3964151906221        1.9855493643177781E-004  0.12500000000000000             1094  0.14396188419924016                0
         385         386  0.12648191059682606        5.9749107023494945E-002  -2.5030111744847215E-004  0.99192399726360403        1010156.8010307509        112.51654391747591        14.004062551546470       0.28186348043672821                0           0   4657.0148840700185        1.9971473045980897E-004  0.12500000000000000             1088  -1.0636447930860212E-002           0
          41          42  0.11122608390456809        8.6847116325004775E-002  -3.0034655602715249E-004  0.97689552612968544        1076875.4069236529        119.85571002551679        3.6905545818725147       0.81662401480600988                0           0   4368.4861102769009        1.9934720720389158E-004  0.12500000000000000              744  0.51210267696597178                0
         345         346  0.55774375829353751       0.47607345656862060       -4.7923803546830179E-003  0.97923176074338625        1065819.0059203701        206.47940675782556        2.3287385549564612       0.23301107516238456                0           0   4413.8031237137029        1.2529054742208931E-003  0.12500000000000000             1048  -3.0867370765334835E-002           0
          73          74  0.94128231410560004       0.69908498357263338       -1.0547991353088345E-002  0.98595090542721642        1010924.7705775029        232.48741209934116        13.782858126524596       0.46040724888032952                0           0   4653.4770880699325        1.4155097427745917E-003  0.12500000000000000              776  0.32377940746521261                0
         285         286   8.9462339041284894E-002   4.2834040765278178E-002  -1.2838168338598593E-004  0.97556116315563901        1178106.6063545495        111.23605151706303        8.7194699493971886       0.64649611158614040                0           0   3993.1150816660524        1.4410236536712358E-004  0.12500000000000000              988  0.21735138181381891                0
         293         294  0.55382231722128972       0.12326253909399966       -1.3046202120956597E-003  0.97555013427591697        1208714.8768618368        195.00098063437505        13.128406816341899       0.45556676858631240                0           0   3891.9974823661364        1.1809822740092247E-003  0.12500000000000000              996  0.99343239615730372                0
         123         124  0.67985937278035102       0.12376754478802159       -1.4259437356367586E-003  0.97763450747397851        1328700.8239903566        219.90890269502705        10.093366625173093       0.52032166466104635                0           0   3540.5376234484115        1.3330674591925293E-003  0.12500000000000000              826  0.34947917167660469                0
           7           8  0.10772050310063933        1.1526931384030817E-002  -3.7943697728780554E-005  0.99082248886431246        1424470.1409572540        121.95279694780302        9.0062897386248721       0.42814998367754348                0           0   3302.5018372680170        1.6260639909577266E-004  0.12500000000000000              710  -2.5398647227375351E-002           0
         355         356  0.32294731613854971       0.22153041596011064       -1.4146791448691402E-003  0.98835597978780254        1280677.5733209376        188.46314208734015        7.0504974335419464       0.41120044887988683                0           0   3673.3018174480535        1.1488556879049804E-003  0.12500000000000000             1058   6.7014136126396284E-002           0
         117         118  0.40216802461087314       0.11268199431891886       -9.3948131643061938E-004  0.97690707695788359        1226845.1060164988        179.76007936485891        14.697428613976738       0.58609817378646345                0           0   3834.4818221751120        1.0894929361876689E-003  0.12500000000000000              820  0.95978947750942323                0
          85          86   8.0567479673496034E-002   7.0359839832317903E-002  -1.6540594186675728E-004  0.98642166572395873        1357017.8794508749        127.71821781941760        6.6284896119321193       0.29151716158313240                0           0   3466.6567986181526        1.9401392259058692E-004  0.12500000000000000              788  -7.2823162264189639E-002           0
          47          48   9.8900608463481726E-002   3.1153535981132970E-002  -9.0443949087021743E-005  0.96929450295796848        1448762.9164048610        126.95392421516813        16.155838832785097       0.82946760801552366                0           0   3247.1256714098058        1.9207619232510233E-004  0.12500000000000000              750  0.40691638578741590                0
         387         388  0.11696728908539532        8.3148869844046139E-002  -2.2937114214436740E-004  0.98803530858352917        1621814.3791930247        158.01609831134374        7.9539890192353591       0.43937150953438786                0           0   2900.6496168726253        9.5060421236457218E-004   3.1873205904180612E-004        1090  0.21315500387153713                0
         103         104   9.4240900685283069E-002   8.1646476448274677E-002  -1.9581474411928143E-004  0.97430932578693863        1543295.6101144454        146.43699954217337        6.3858382819114592       0.17042248739421009                0           0   3048.2269416265021        8.8618227905427590E-004  0.12500000000000000              806  -4.3164546582626029E-002           0
         215         216   9.9764396033006283E-002   5.7531129034738331E-002  -1.3467170227244636E-004  0.99202500142069505        1843377.2888768672        158.82594977762659        17.461350742130204       0.26891911966861443                0           0   2552.0089056272404        1.9606910170443681E-004  0.12500000000000000              918 -0.28013828233337351                0
          65          66   8.1196656538748205E-002   3.2700733033609646E-002  -6.2627861262289943E-005  0.98184767372588766        2149336.5504112290        157.99647215383459        10.240851075142018       0.55143900237281318                0           0   2188.7290088398181        1.9363885980735446E-004  0.12500000000000000              768  0.14626527368364944                0
          15          16  0.12041882448822794        4.7134796559794988E-002  -1.1370748620294229E-004  0.97825164521118502        2263928.7909641471        186.02285177799217        11.905614756587807       0.56435712729394527                0           0   2077.9431210119114        1.1281688166013199E-003  0.12500000000000000              718  0.22039619043427638                0
         243         244  0.10897784068549871        6.2870305948584129E-002  -1.2688985103554134E-004  0.99345305026723485        2514966.0648626112        201.22235189126619        11.592753488118555       0.34039760460926294                0           0   1870.5283237695505        1.2297376519750148E-003  0.12500000000000000              946   8.9942721680170465E-002           0
          37          38  0.10983277472157330        9.0349772612143470E-002  -1.6313461273031012E-004  0.98167519740275366        2786284.6185355540        226.68993556755197        15.886481987155255       0.58085786187964805                0           0   1688.3828831949368        1.3772225981147541E-003  0.12500000000000000              740  -8.3164578091522501E-002           0
         403         404  0.17519688796893346        3.8994197612049461E-002  -1.0593116481314265E-004  0.98390172005988741        2940508.7404764360        240.33773503306833        13.221337978374871       0.47107782537941900                0           0   1599.8303942747491        1.3860694961632266E-003   3.7047676514946544E-004        1106  0.13103402238985523                0
         127         128  0.41687934908818136       0.27898104023835063       -1.0601324713850049E-003  0.99434194081511351        3619474.9262651657        408.83142482301037        11.651947404145849       0.22474639737669100                0           0   1299.7231237899509        2.4997052625840904E-003  0.12500000000000000              830   2.8456980784436994E-002           0
         217         218   8.1228311512873880E-002   6.5270211912634449E-002  -8.4864059256294254E-005  0.97696892315676265        3390006.8490829859        232.81876606981328        15.325264093450844       0.78729268046893941                0           0   1387.7008121435813        1.4110585494170628E-003  0.12500000000000000              920  0.28231314427008003                0
         175         176   8.2952047495663137E-002   3.6571247402372269E-002  -5.1727603678399757E-005  0.99014062960961380        3413577.2581140711        218.55656694132566        15.191620781246696       0.56799969797819660                0           0   1378.1188770409717        1.1569805987918047E-003   9.0039167691137554E-004         878   3.9472719753774754E-002           0
         143         144  0.25022565110097550       0.15769561095085233       -3.9893226177458845E-004  0.97378367469115990        4047244.7606835263        368.61381757316616        8.1851437484910132       0.62474298869383582                0           0   1162.3500766111972        2.2305190603367172E-003  0.12500000000000000              846  0.20816581938018805                0
          61          62  0.16574606629006447        5.1105325148539382E-002  -1.0680914848388477E-004  0.98146224652464376        3985102.7316611102        295.54272204541036        9.1904038136345712       0.42734175535628516                0           0   1180.4752786595950        1.7952874583487142E-003  0.12500000000000000              764  0.31587334548322826                0
          29          30   9.2064989403419284E-002   3.8673592252436655E-002  -4.8326417632826574E-005  0.98790084533106615        4595724.3541263249        274.56410217347485        6.1394903409427783       0.78287551544674583                0           0   1023.6286807368981        1.6733196375634911E-003  0.12500000000000000              732  0.46437714263343999                0
         237         238  0.17519413512811899        4.8620481183886892E-002  -9.6133046925272949E-005  0.99516489023133436        4632593.2409340926        330.20636827131904        17.845774704749271       0.55222053966969953                0           0   1015.4820449326151        1.9984115928462558E-004  0.12500000000000000              940  0.71369903457430950                0
         147         148  0.31456825641218544       0.25964081492902225       -6.6243600918377415E-004  0.98456015427272825        4747337.3481747657        459.47645601886813        15.684242061350261       0.45640911790703376                0           0   990.93763780099937        1.9668248657376449E-004  0.12500000000000000              850  0.11999823224624520                0
         399         400  0.17014458503807270        6.6018282057290864E-002  -2.6982746854701436E-005  0.99084754142504305        45925903.625596784        1551.3704964675044        10.552668708592334       0.24397648282412937                0           0   102.43272067101614        9.4006299155981379E-003   5.5668871305288190E-005        1102 -0.15259944580232698                0
         281         282   8.0478030877779258E-002   1.6466831233086777E-002  -1.7957728230364165E-005  0.98262497371161961        5350086.4798967279        275.01432587580774        14.682445078257183       0.51380099095120024                0           0   879.29704974330991        1.6674941029695646E-003   1.1745771634039234E-003         984  0.44960321719214541                0
          45          46   8.6894120985331738E-002   8.6164685909330241E-002  -8.2040856412477007E-005  0.98387083180607882        5506893.1944410549        340.10174038637848        9.4964653519877018       0.60132768407643578                0           0   854.25939664011355        2.0685513436049150E-003  0.12500000000000000              748  0.51246942015145502                0
         161         162   9.3309048906446132E-002   9.2827486138433946E-002  -9.1370680390932588E-005  0.98808170812949248        5621389.2141009104        353.27493841745616        7.5756987310214194       0.51379914337297294                0           0   836.85990748412803        1.5128184596539389E-004   1.0580749481934401E-004         864  0.15833268587420884                0
         309         310  0.10545420084030525        5.3264404142991120E-002  -5.7855495593977865E-005  0.98363597107776712        6309425.5400360068        361.80592593708820        13.595779208701149       0.51746794335247892                0           0   745.60120058377254        2.2003001492994592E-003  0.12500000000000000             1012  -2.5549236649241969E-002           0
         189         190  0.11107991559331475        5.1209466390144058E-002  -5.9401457297079668E-005  0.98671314114777653        6112335.9088638304        356.86834591407722        18.320168753063875       0.13446436059923131                0           0   769.64278923590894        2.1736268209196817E-003  0.12500000000000000              892 -0.14489693977689150                0
         289         290  0.10428359770713377        2.3242149003040714E-002  -2.7029408603439961E-005  0.98098525342251297        6248185.3723566057        334.17586369234976        14.696791692742281       0.16604361972010895                0           0   752.90904115260787        1.3540156606663728E-003   4.5942144321510145E-004         992  -5.9170089668566218E-002           0
         115         116   9.5073144526220191E-002   4.6025486525321645E-002  -4.6726263478262970E-005  0.98361077625756288        6339435.9430684811        348.99124241529205        10.727081094521463       0.43923911642296615                0           0   742.07158174513086        2.1223306805025111E-003  0.12500000000000000              818  0.19392345430584329                0
         223         224  0.13901763968801717        6.0776114313866474E-002  -7.7059077133774284E-005  0.98944290537788282        6749115.0432607280        408.60001037611215        8.0445288840156337       0.40456761821981613                0           0   697.02697723936672        2.1031950776834538E-003   4.6762802555967177E-004         926  0.15605531616155469                0
         299         300   9.2079428251349071E-002   8.2023039557947389E-002  -6.9096419800664273E-005  0.98687548460325125        7196662.8439285094        407.34488182979749        17.344260120706423       0.13057666810048266                0           0   653.68009585353514        2.3046088241586104E-003   5.2285571064771442E-004        1002 -0.35699388329968840                0
         199         200  0.11230093762090229        4.7925291740752780E-002  -4.9845320530023470E-005  0.98557578802919299        7365259.5215128316        402.38621163417127        12.929434705094087       0.23147025660647536                0           0   638.71683596540686        2.4494184751019071E-003  0.12500000000000000              902  0.84825201339316481                0
         373         374  0.15845034820673778       0.15233439132851201       -1.7085701422815718E-004  0.97953517264963541        7914562.3771534553        526.47491473893058        6.9089599737151577       0.46130826578711459                0           0   594.38728681000214        3.0640076756373396E-003   2.2493015261127572E-004        1076  0.14081565675901575                0
          69          70  0.10464422723177559       0.10349050793134676       -8.6377732787562200E-005  0.98042651398566583        8085705.8082159301        467.23280664956275        12.316523713050870       0.18465227244579507                0           0   581.80638391081243        2.8368343572848856E-003  0.12500000000000000              772 -0.15158259162688031                0
         267         268  0.11152016154947933        1.9237634443879208E-002  -2.0549704383256471E-005  0.97571000022499155        7751480.3692365643        389.06200015618424        4.8584936829490628       0.52388618159935973                0           0   606.89249453754167        2.3200882373697398E-003   5.9832509815355487E-004         970  0.14371301996369856                0
         183         184  0.10185732075756881        5.4219839429199369E-002  -4.3501433985355664E-005  0.97494186887391232        9514148.0378605593        473.11447788654971        16.710659744475471       0.32255284314165250                0           0   494.45470460670060        2.8284527431086054E-003   7.6597605898058599E-005         886   1.2635857456747086                0
         265         266   8.4095384718170976E-002   3.6296916915751078E-002  -2.5177873789126232E-005  0.98208314001736863        10108905.584897321        451.79579336063659        6.4086240199714659       0.44543308672949389                0           0   465.36345780823171        1.8674571969943996E-003   2.8178739219484071E-004         968  0.24457743631228515                0
         367         368  0.20322917187314732       0.17631903439505672       -1.9839639726868010E-004  0.98271833907539496        10352922.293033615        673.08637730440500        16.753398582955846       0.56769821760856520                0           0   454.39491618808466        3.9328439691322051E-003   2.3323993172704021E-004        1070   1.6100537209799839                0
         305         306   8.5255713978393793E-002   1.6586699482616780E-002  -1.1931200371230782E-005  0.97557216214542408        10624387.113807641        441.69112072417624        14.161160393180426       0.31776765130906559                0           0   442.78462439785847        2.6751951435917505E-003  0.12500000000000000             1008  0.11498701200238119                0
         325         326  0.14296285691723640        1.8018411898666035E-002  -1.7591034512000332E-005  0.98525910189351285        11605238.715074902        545.71725305743564        6.1637018951126050       0.33401200492252153                0           0   405.36135215676182        1.9976652747874619E-004   6.2500000000000000E-002        1028   2.7131696223164008E-002           0
         119         120  0.12744757891135747        8.2887871857059842E-002  -6.3848789170769046E-005  0.98269985033698937        12193204.574003790        616.57973866081329        6.3688942368580124       0.28259351089325063                0           0   385.81451078697370        3.7479255214838184E-003  0.12500000000000000              822   2.5414581706659958E-002           0
         133         134  0.13034205300579016        4.8697333779162973E-002  -3.8327419225764930E-005  0.98106044105789381        13234732.992380112        617.16245809915620        9.6044495097495339       0.38894292605758396                0           0   355.45222259891972        3.0049687561559861E-003   2.9637038530285251E-004         836  0.23851775847634843                0
          17          18   8.8310858010865509E-002   3.6165089814597706E-002  -2.2321003472730643E-005  0.98140412768925933        12747100.610456508        533.22349031307033        10.051885191143521       0.38089334231029459                0           0   369.04982563531280        3.2391129273980847E-003  0.12500000000000000              720  -4.7425112622270699E-002           0
         275         276  0.13196141201412448        6.9014568623332620E-002  -4.7734145907361132E-005  0.97882261494610368        15446675.163485024        711.01360599171767        12.187844132671129       0.41291553148108961                0           0   304.55196395697317        4.2306411225528397E-003   3.2867823458592100E-004         978  0.41939203676439019                0
         221         222  0.10685030920939192        6.9974509155263417E-002  -3.1624943770518686E-005  0.98392689720457560        22715716.578551572        881.05945893556895        11.494294891127154       0.17650692657284858                0           0   207.09517313165588        5.1956052089218233E-003   4.7184651482658091E-005         924 -0.23076199344135978                0
         157         158  0.17882018552997023        8.7937108552675433E-002  -4.2075747471048347E-005  0.98508951132919942        36757536.837902814        1392.7597865952230        7.3991257451828831       0.37412502560464306                0           0   127.98233130773532        7.8970627541655632E-003   9.7617203282522946E-005         860   2.5602914373137952E-002           0
         145         146  0.11284151051838727        7.1741434973604884E-002  -2.4259737092649143E-005  0.99376899593513390        37282303.115320928        1243.5756116493371        13.078390088908861       0.40677339199908130                0           0   126.18091868126982        6.8674997912821049E-003   1.1026083212961941E-004         848  0.16529043339937144                0
         405         406   8.7236661288412828E-002   5.5735761705262711E-002  -1.4072219925743851E-005  0.99445696462918032        44632234.923073344        1287.6258857620342        15.063375637546729       0.59202430819118734                0           0   105.40174082147053        7.8733449665020893E-003   7.5407924480730693E-003        1108   1.3784290100073830                0
          51          52  0.11606384615255892        9.5064690585184505E-002  -1.2275456134883906E-004  0.98222100411425894        4873192.8412620490        334.96381526046378        2.3272890112233320       0.44227687254681985                0           0   965.34559802612876        1.9189986303648932E-003   4.3345102612421364E-004         754   4.8495831116242921E-002           0
