 1011102   1   373 117   0      1.1   7.73   4.63  6.129     0.0  -0.2148   0.0000
  -1.117597   0.000000   0.245546   0.096985  -0.663599   0.060150   0.000000   0.000000   0.000000   0.000000
   0.00000   0.00000   0.13304   0.02876   0.00000  -1.11760   0.00000   0.00000  -0.87205   0.66276   0.19107   0.00000   0.00000
 NAME(I1)    NAME(I2)    M1[M*]                    M2[M*]                    EB[NB]                    ECC                       P[Days]                   SEMI[AU]                  RI[PC]                    VI[km/s]                  K*(I1)      K*(I2)      ZN[NB]                    RP[NB]                    STEP(I1)[NB]              NAME(ICM)                 ECM[NB]                   K*(ICM)      
           3           4   8.7970317491499028E-002   4.9196061553816367E-002  -9.2897646351125171E-004  0.98018963898304645        71340.815372945974        17.361255191394889        5.7107946508368501       0.18484037763004860                0           0   65941.428242054317        1.0539810829294615E-004  0.50000000000000000              706   6.7492671679578037E-002           0
          59          60  0.52934127945164156       0.11516011942956719       -3.1001072744619322E-002  0.99635260950274573        9025.0375450904266        7.3279160146024838        13.684439401684903       0.87173198432835897                0           0   521251.59969045070        4.4850020571511419E-005  0.50000000000000000              762   1.3856489333008186                0
          63          64  0.11284127030153632        5.3401276685359052E-002  -1.4468849236327175E-003  0.97984293960292113        54774.265105649982        15.520472950299069        11.549027756549634       0.36810797045545957                0           0   85885.502043175962        9.4206442072616631E-005  0.25000000000000000              766  0.19071914180922572                0
          83          84  0.10272953417562042        4.1373672231505683E-002  -1.2819188696754095E-003  0.97370419826673227        41789.837138321200        12.356008093958177        15.148693276364313       0.38689689039829467                0           0   112570.79662870750        7.4766174595093939E-005  0.50000000000000000              786  0.30839178656606181                0
         131         132   8.4797441590329786E-002   6.4637458177469395E-002  -7.7121942017657882E-004  0.98912831439601701        128788.41655396212        26.485513546867381        8.1912972431155513       0.44244952695864065                0           0   36527.471829531067        1.6151620773559698E-004   3.1250000000000000E-002         834  0.10077248274284292                0
         137         138  0.13717930409073115       0.13193897190263901       -4.0334545728335997E-003  0.97817964388784162        48147.574536657077        16.722602131164937        8.0758743753783513       0.25292158326506059                0           0   97706.173216745112        1.0141787278782275E-004  0.50000000000000000              840  0.59679720767873112                0
         167         168  0.11739175763496201        6.6852661947444644E-002  -1.3371095085191684E-003  0.97921691183512483        87047.450602289726        21.873015901955345        12.397291969517397       0.69305219631280401                0           0   54043.113555826756        1.3272323952673876E-004  0.50000000000000000              870  0.41201047346161912                0
         177         178  0.17518944591650459       0.15841447355487015       -4.8844045916293037E-002  0.97081544669269548        1948.4551180766894        2.1174370246531056        2.3176611505068254       0.79729175457230295                0           0   2414382.1502485364        1.2793853451865820E-005  0.25000000000000000              880  0.48033080448895488                0
         181         182  0.16494482085752635        4.8117280213717237E-002  -2.2342341753636167E-003  0.98308070947828008        38113.841390388654        13.238244572811659        4.6303842839183398       0.32883043629282405                0           0   123428.00111539195        8.0485139620415977E-005  0.50000000000000000              884   3.2615364551841747E-002           0
         193         194  0.13607741833753259        1.4509867592654014E-002  -3.3139095177587647E-004  0.98026160729439438        98477.807758994706        22.203845682541278        13.864241156724539       0.74458216497312701                0           0   47770.308506030713        1.3480179630591914E-004  0.50000000000000000              896   1.0905879541173249                0
         195         196  0.23980714281985319       0.16746154432118399       -1.7866781603804005E-002  0.96643523058497638        13874.745800257982        8.3762612435180923        12.648483391146950        1.0088149159470261                0           0   339055.96004197007        5.0498069052990366E-005  0.50000000000000000              898  0.78718582531877057                0
         207         208   9.9440827635248155E-002   5.0100703362626467E-002  -8.7683211256005204E-003  0.98112175417415370        2910.2243960466299        2.1174416066239212        1.5181148149571608       0.73703364531520177                0           0   1616478.5313583727        1.2860786271453537E-005  0.25000000000000000              910  0.45279583239444515                0
         225         226  0.11258739991983015        4.7810171057872303E-002  -9.4939383745014589E-004  0.98185672257896206        88575.957032427817        21.129198100363176        14.016803363643309       0.67939725989194599                0           0   53110.521356517827        1.2838083044770557E-004  0.50000000000000000              928   1.0235208978094796                0
         235         236   9.9158490776633662E-002   3.5661683213779022E-002  -5.1301121046354124E-003  0.96614283730650707        4095.4263718306088        2.5687641194955386        4.8249051412718122       0.30681044161789850                0           0   1148675.3345151674        1.5484037106406675E-005  0.50000000000000000              938   8.2789707935609080E-002           0
         249         250   8.3325272192247987E-002   6.4931060179189190E-002  -5.9417119074347373E-003  0.97581540753508467        5929.7866670524481        3.3934150410168407        14.662237240040533       0.45085849814200751                0           0   793336.34104971308        2.0555510157367267E-005  0.50000000000000000              952   1.2418766339211245                0
         271         272  0.13618545113931463       0.10282415591629936       -1.7643068358636144E-003  0.98806680624688603        120181.93023047518        29.578155387187675        5.4433630601770062       0.49337955146364665                0           0   39143.282593508091        1.8027976026539725E-004  0.50000000000000000              974   9.2118389379789070E-002           0
         287         288   8.8414603939471620E-002   4.2704642040310346E-002  -5.8515194294090581E-004  0.98093659039144399        118941.02246670357        24.046383900145148        3.6791092436819550       0.60070391619234442                0           0   39551.663169548527        1.4603779329379048E-004  0.50000000000000000              990  0.19775139301382755                0
         291         292  0.10251315781699964        2.9651563345757474E-002  -1.1831110334550475E-003  0.98075559013170377        29765.556837160901        9.5746088155111213        9.7477415953735456       0.58831531930158032                0           0   158045.59892431262        5.8142920318824777E-005   3.1250000000000000E-002         994  0.23396252922081662                0
         303         304  0.77980953382043972       0.33783563817501155       -5.2382472905160467E-002  0.97671789874474535        28033.625192942258        18.742492285908785        6.9120512086351749       0.63543380740395605                0           0   167809.73653129677        1.1358394461059082E-004  0.50000000000000000             1006  0.23342918332219867                0
         311         312  0.16827131513595273       0.11782564957455051       -9.1314488263872420E-003  0.97485864189666582        15717.300866973132        8.0915100549741776        14.241783425682813       0.16613697865593424                0           0   299308.08714936365        4.8990345746074786E-005  0.50000000000000000             1014 -0.12837402576570278                0
         321         322  0.12252965187021556        4.0765808550071510E-002  -1.0952504619379879E-003  0.97557453106160041        63331.226025514967        16.995860241612995        15.663346652854200       0.42710358736899706                0           0   74281.133539866772        1.0293936416602254E-004  0.50000000000000000             1024  0.71927965175388919                0
         323         324  0.13577855073708561        2.1714876777924844E-002  -1.0672784058174505E-003  0.97737634574565457        30402.145619620234        10.295090097572151        12.405213618446830       0.64205611761917736                0           0   154736.29119810546        6.2411468000077191E-005  0.50000000000000000             1026  0.36456960359447244                0
         337         338  0.14234346256931027        4.8688670540606271E-002  -2.7220309402593351E-003  0.98436219341894415        24424.438780536861        9.4883723855236379        13.062089776780665       0.41860509737246515                0           0   192606.89262565569        5.7724153992768256E-005  0.50000000000000000             1040   1.4564740594178596                0
         363         364   8.0030474895858961E-002   2.5241398542184282E-002  -3.2505135387658957E-004  0.96900162088983910        125469.53716214608        23.159872534501439        13.055122310551283       0.70220913163571863                0           0   37493.684634903126        1.3980643129274424E-004  0.50000000000000000             1066  0.54601298528412856                0
         371         372   9.0756420354949963E-002   8.9399293653254358E-002  -1.4941626717007766E-003  0.97790038526241019        78336.750524128642        20.236383406048532        10.843778663982890       0.44364850924038074                0           0   60052.468683849453        1.2271064128272370E-004  0.50000000000000000             1074  0.26710234008454914                0
         383         384   9.3433970454860987E-002   6.5975786712685114E-002  -2.9999592269293533E-003  0.97176827062077331        19385.313257799193        7.6576121486429507        11.831774265659337       0.49115189657256192                0           0   242674.19334851863        4.6290742961604388E-005  0.50000000000000000             1086  0.46738671631616774                0
         395         396  0.10118924464727580        7.2387835402996439E-002  -4.0679476328368365E-003  0.98184110250843104        15239.121285685993        6.7103307468978812        9.2370350460888329       0.49099704509585779                0           0   308699.90266850201        4.0771591993552411E-005  0.50000000000000000             1098   6.2795531893411305E-002           0
         401         402  0.11008182267075275        8.1520559788653676E-002  -2.1754919003101718E-003  0.98946501741247106        50292.904508829961        15.372504553420699        9.3988637201238365       0.44261853210209878                0           0   93538.349069078395        9.3761781152373525E-005  0.50000000000000000             1104  0.13630098473438987                0
         219         220   5.9461379470541447        2.5291364086335988      -0.75299076982192070       0.98221912150944157        80559.862777643633        74.428097414589246        8.3127036017754961       0.20576930035849905                0           0   58395.273967004177        4.5230718866207646E-004  0.50000000000000000              922  0.12556729101142644                0
         159         160  0.52009082554844766       0.13749382338007102       -6.8562166579241961E-003  0.98252657550525302        109146.58921206869        38.868446659729038        4.0982388857217424       0.57914583128647212                0           0   43100.891119047374        2.3624417772278330E-004  0.50000000000000000              862  0.19690141831043020                0
           1           2   2.0244841138268650       0.61000484406818434       -7.0741485713423660E-002  0.98738152934187551        118081.33591071346        65.056817812538299        14.179286949175564       0.47842691893838102                0           0   39839.617509086311        3.9638661146352313E-004  0.50000000000000000              704  0.12640814988790705                0
         283         284  0.18094602805437388        8.1870494517192083E-002  -1.6064068193646895E-003  0.97697797871714775        143540.44546752289        34.366892541613126        6.4124773377718878       0.29155615464545415                0           0   32773.447527785116        2.0829891525217590E-004  0.50000000000000000              986  -5.0310339397653274E-002           0
         185         186  0.24628085064239766        6.9358336926096664E-002  -1.8551080494142963E-003  0.99057546901522908        130681.44545928008        34.314639623851313        8.7163239825751155       0.53926703669232801                0           0   35998.341165507023        2.0941269287605858E-004  0.50000000000000000              888  0.21738136787737819                0
         191         192  0.17819880543248182        5.0730547014061628E-002  -8.9966543292994278E-004  0.98450778698896024        174927.64032278312        37.446621017460309        15.541414840274987       0.62369401685071268                0           0   26892.921261409472        2.2782970840593575E-004  0.25000000000000000              894  0.46993116558311343                0
          71          72  0.16939743337267674        2.6319217633798585E-002  -4.7647967898261517E-004  0.96976219828091648        170003.73667627125        34.870225322542275        10.003143791300102       0.26843544384045831                0           0   27671.834452691655        1.5082883319385277E-004  0.25000000000000000              774 -0.11841445510272332                0
          53          54  0.10539273585624893        8.3691576402142989E-002  -9.4861616487088496E-004  0.98840746126056767        171334.30925667207        34.651436372167325        11.917080275023343       0.26745197272882570                0           0   27456.936547351612        2.1096666920612941E-004  0.50000000000000000              756 -0.16775461463152608                0
         245         246  0.10614450888457336        7.9534736728126665E-002  -8.8338078697462622E-004  0.97533507163214717        180155.36208468804        35.614411017835778        10.460963325670813       0.18583036675306955                0           0   26112.546433302068        2.1568078356416255E-004  0.50000000000000000              948  0.11069510105789647                0
         331         332  0.12214104311112879        9.8521910482032543E-002  -1.1537755047203683E-003  0.97154055198387024        188414.45473505274        38.868024797675822        14.867398431164631       0.29385193884801647                0           0   24967.910579153504        2.3493249830021899E-004  0.50000000000000000             1034   6.9051390274579488E-002           0
         203         204  0.10958957416913398        5.6611292613942377E-002  -6.2817234305771752E-004  0.98494187057407623        200051.97130642890        36.805509599966030        12.892653333894311       0.14751405066121395                0           0   23515.465640870621        1.6988547057778460E-004  0.50000000000000000              906 -0.16824356059554635                0
          21          22  0.17137201111473407        1.8580527211685235E-002  -2.8964617018065918E-004  0.97725619083110171        219756.57682243298        40.968444197440832        4.9901454211082932       0.24586560133680319                0           0   21406.937283364805        1.8343950172520064E-004  0.50000000000000000              724   6.6515851011513999E-002           0
         369         370  0.35577330781196675       0.28758888866695975       -6.5923629871082615E-003  0.96841922705639494        200307.85819162280        57.839387851881206        14.054349012066609       0.42133115308393831                0           0   23485.425385280789        3.4904883910831302E-004  0.50000000000000000             1072   1.5702732441932303                0
          77          78   9.3430964505624117E-002   2.0354482771848002E-002  -1.6334883162896549E-004  0.97425183352183942        309441.22681298596        43.386459025179242        11.732797125626384       0.54299763843297721                0           0   15202.613129787858        1.8457846561722538E-004  0.50000000000000000              780  0.84804601347060804                0
         315         316  0.30834333591613694       0.21242803698149326       -3.5544000840579989E-003  0.96932722246065328        288048.63087816222        68.675120176768687        9.0945638534370659       0.37920937161722712                0           0   16331.670257563481        4.1463143421502049E-004   1.5625000000000000E-002        1018  0.18761226406853337                0
          89          90  0.20842321107894346       0.10223825271363279       -1.3435582502014560E-003  0.98702482580270168        297769.38109927031        59.104743533761280        6.7654023598483235       0.75913866624933235                0           0   15798.519109916271        3.6005640583131949E-004  0.50000000000000000              792  0.40036764189087154                0
         155         156  0.50373356431637750       0.18870347651975347       -4.6345267489272665E-003  0.98128177235206437        293320.33962033020        76.435433608783669        12.583034757446619       0.70819338334073934                0           0   16038.148816184937        4.6428632181207922E-004  0.50000000000000000              858  0.45806219318318808                0
         187         188  0.16652052450678573        4.4390738220572948E-002  -5.1200105471243477E-004  0.98740860044556455        313872.49940009229        53.803263366689940        6.4181319589019008       0.66855769313794533                0           0   14987.981637882163        1.5401396217716847E-004  0.50000000000000000              890  0.29030823829224717                0
         255         256   8.3811449474318997E-002   3.0344259974373743E-002  -1.9498774621546684E-004  0.99476358635673934        366335.73421504453        48.606227887337262        10.851157997473624       0.46036699004754938                0           0   12841.540746017587        1.7373772739312873E-004  0.50000000000000000              958  0.24203932404295658                0
          93          94   8.5361728603296438E-002   7.1347741082274679E-002  -4.1080252103106030E-004  0.97812880800934654        378910.90214675880        55.249666982163497        11.500734652107930       0.43356981729714550                0           0   12415.359998859836        1.7179347800011020E-004  0.50000000000000000              796  0.35061707730950209                0
          95         546  0.62290701776509083       0.52092362269304604       -3.7742816199935378E-003  0.93637450151505963        1958541.7159805985        320.39247680241920        9.4183112164561003       0.51985520710207878                0           0   2401.9479489562041        1.3858674768059027E-003   3.6453533391130450E-003         798  0.33016930774814113                0
          67          68  0.52597586808430075       0.46375414949012228       -9.5351984985231255E-003  0.98266064699714351        341740.68956755206        95.332992401100725        14.597500719156709       0.42433719380392793                0           0   13765.745201713413        5.7947742737167690E-004  0.50000000000000000              770   7.1384056726552653E-002           0
         213         214   8.6717284611907239E-002   1.7710005955573944E-002  -1.1427078035879827E-004  0.98213695314694749        400632.33674856107        50.085097135765906        5.2575463171834169       0.35554958215861870                0           0   11742.225542311169        1.5552041722878169E-004  0.50000000000000000              916  0.15119274980778097                0
         313         314  0.11479116130453372        5.7685466757393881E-002  -3.9453446450446250E-004  0.99253727403468150        435049.79924732697        62.547398305763593        4.0273948171118903       0.41988663627338524                0           0   10813.279918261374        1.7042172232509015E-004  0.50000000000000000             1016   7.7904420877142389E-002           0
         365         366  0.29906545429998188       0.27572229150032296       -3.4223050706489746E-003  0.97703614846779008        409915.73603235272        89.792227251814452        12.355837368340909       0.28914193152725332                0           0   11476.298283102440        5.4424978456707430E-004  0.50000000000000000             1068 -0.23645708272885521                0
         201         202  0.41909726131645580       0.36316033186407948       -5.4401348907038797E-003  0.97784193266974673        439642.50440806977        104.26124217537117        13.849754867717179       0.39133781697499020                0           0   10700.319487940789        6.3220712582260643E-004  0.50000000000000000              904   7.1788078238216424E-002           0
         171         172  0.11855449161888632       0.10910379859810015       -6.3808363105355751E-004  0.99690688946593098        502629.43037454027        75.543937317710842        4.6749696856112930       0.23604158053488239                0           0   9359.4106778413025        1.6222029374787257E-004  0.25000000000000000              874  -7.2869074816181989E-002           0
         347         348  0.19457293008789711        9.8264029982305379E-002  -8.4213227326918961E-004  0.97623178622328566        525292.62380639045        84.608893442837001        3.8745334742499553       0.40687499841502289                0           0   8955.6088253366652        5.1262384884362530E-004  0.25000000000000000             1050  0.15663819366918319                0
         343         344   9.9716206803828866E-002   3.9838043689421537E-002  -1.9541286924161294E-004  0.98547806040898511        644708.77578794607        75.758248904357316        14.212470448953386       0.59677066886287600                0           0   7296.8066114739531        4.6110969753691106E-004  0.50000000000000000             1046   1.7310133143867543                0
          99         100  0.11123848720615616        3.9011678252708890E-002  -1.9764343022701515E-004  0.98119635498491209        697449.45099556562        81.825121918085514        11.022003963338769       0.54676834989514866                0           0   6745.0268272914218        1.9609050585244134E-004  0.25000000000000000              802  0.13702126563584427                0
         391         392  0.13558686976987694        5.7578981684498085E-002  -2.5446740011902898E-004  0.98428057182237338        1015963.8259505472        114.33226250480101        10.859374741423945       0.32690956021277134                0           0   4630.3964151906221        1.9855493643177781E-004  0.50000000000000000             1094  0.10308695732444415                0
         385         386  0.12648191059682606        5.9749107023494945E-002  -2.5030111744847215E-004  0.99192399726360403        1010156.8010307509        112.51654391747591        15.209798227171158       0.27410965968909851                0           0   4657.0148840700185        1.9971473045980897E-004  0.50000000000000000             1088   7.1905096266150891E-003           0
          41          42  0.11122608390456809        8.6847116325004775E-002  -3.0034655602715249E-004  0.97689552612968544        1076875.4069236529        119.85571002551679        1.6134725850198899       0.83323606531225691                0           0   4368.4861102769009        1.9934720720389158E-004  0.44130549828641608              744  0.51959309559170186                0
         345         346  0.55774375829353751       0.47607345656862060       -4.7923803546830179E-003  0.97923176074338625        1065819.0059203701        206.47940675782556        1.6810338363219168       0.24557098872302882                0           0   4413.8031237137029        1.2529054742208931E-003  0.50000000000000000             1048  -4.2119763296440141E-002           0
          73          74  0.94128231410560004       0.69908498357263338       -1.0547991353088345E-002  0.98595090542721642        1010924.7705775029        232.48741209934116        15.304735446375389       0.50681939362423123                0           0   4653.4770880699325        1.4155097427745917E-003  0.50000000000000000              776  0.38487144460381306                0
         285         286   8.9462339041284894E-002   4.2834040765278178E-002  -1.2838168338598593E-004  0.97556116315563901        1178106.6063545495        111.23605151706303        10.380374644372429       0.66148968694561794                0           0   3993.1150816660524        1.4410236536712358E-004  0.25000000000000000              988  0.22823015435023128                0
         293         294  0.55382231722128972       0.12326253909399966       -1.3046202120956597E-003  0.97555013427591697        1208714.8768618368        195.00098063437505        10.732313939288622       0.50983876948573603                0           0   3891.9974823661364        1.1809822740092247E-003  0.50000000000000000              996  0.92202462875020685                0
         123         124  0.67985937278035102       0.12376754478802159       -1.4259437356367586E-003  0.97763450747397851        1328700.8239903566        219.90890269502705        8.9528446664722328       0.56459554938066392                0           0   3540.5376234484115        1.3330674591925293E-003  0.25000000000000000              826  0.32106939164331927                0
           7           8  0.10772050310063933        1.1526931384030817E-002  -3.7943697728780554E-005  0.99082248886431246        1424470.1409572540        121.95279694780302        11.460227792025039       0.45595884251900110                0           0   3302.5018372680170        1.6260639909577266E-004  0.25000000000000000              710  -9.8116509005611863E-003           0
         355         356  0.32294731613854971       0.22153041596011064       -1.4146791448691402E-003  0.98835597978780254        1280677.5733209376        188.46314208734015        4.6239926298586873       0.43377484184113024                0           0   3673.3018174480535        1.1488556879049804E-003  0.50000000000000000             1058   6.7396225377056321E-002           0
          85          86   8.0567479673496034E-002   7.0359839832317903E-002  -1.6540594186675728E-004  0.98642166572395873        1357017.8794508749        127.71821781941760        7.3088426950143610       0.30270009258149844                0           0   3466.6567986181526        1.9401392259058692E-004  0.25000000000000000              788  -5.6466238243509874E-002           0
         387         388  0.11696728908539532        8.3148869844046139E-002  -2.2937380938900309E-004  0.96270920204989840        1621786.0906769622        158.01426084092071        5.3740167753255488       0.53292950795076877                0           0   2900.7002123696216        8.9885965482322972E-004   3.8689129107801302E-005        1090  0.17972806650639370                0
         103         104   9.4240900685283069E-002   8.1646476448274677E-002  -1.9581474411928143E-004  0.97430932578693863        1543295.6101144454        146.43699954217337        4.5027777374510372       0.16231911084437989                0           0   3048.2269416265021        8.8618227905427590E-004  0.25000000000000000              806  -5.7116058938054465E-002           0
          65          66   8.1196656538748205E-002   3.2700733033609646E-002  -6.2627861262289943E-005  0.98184767372588766        2149336.5504112290        157.99647215383459        11.366554668223262       0.55101854232723269                0           0   2188.7290088398181        1.9363885980735446E-004  0.50000000000000000              768  0.17613685809092544                0
          15          16  0.12041882448822794        4.7134796559794988E-002  -1.1370748620294229E-004  0.97825164521118502        2263928.7909641471        186.02285177799217        10.822421229300254       0.57994686324302969                0           0   2077.9431210119114        1.1281688166013199E-003  0.50000000000000000              718  0.18038153408733087                0
         243         244  0.10897784068549871        6.2870305948584129E-002  -1.2688985103554134E-004  0.99345305026723485        2514966.0648626112        201.22235189126619        11.132967233547873       0.36742864888095761                0           0   1870.5283237695505        1.2297376519750148E-003  0.50000000000000000              946   7.3505470210277785E-002           0
         403         404  0.17519688796893346        3.8994197612049461E-002  -1.0593114987828639E-004  0.98389279347192882        2940509.3623342700        240.33776891743125        15.079373114125989       0.43264508556737369                0           0   1599.8300559432084        1.2093912091314186E-004   9.2404721888604291E-005        1106  0.15166917071271696                0
         127         128  0.41687934908818136       0.27898104023835063       -1.0601324713850049E-003  0.99434194081511351        3619474.9262651657        408.83142482301037        12.121689848689684       0.27250073759856042                0           0   1299.7231237899509        2.4997052625840904E-003  0.25000000000000000              830  -2.1257824914596990E-003           0
         217         218   8.1228311512873880E-002   6.5270211912634449E-002  -8.4864059256294254E-005  0.97696892315676265        3390006.8490829859        232.81876606981328        14.654584278937616       0.75956360906797726                0           0   1387.7008121435813        1.4110585494170628E-003  0.50000000000000000              920  0.32260130543355897                0
         143         144  0.25022565110097550       0.15769561095085233       -3.9893226177458845E-004  0.97378367469115990        4047244.7606835263        368.61381757316616        9.9369632234102667       0.64053920284214139                0           0   1162.3500766111972        2.2305190603367172E-003  0.50000000000000000              846  0.21997485407308723                0
          61          62  0.16574606629006447        5.1105325148539382E-002  -1.0680914848388477E-004  0.98146224652464376        3985102.7316611102        295.54272204541036        5.9886226859024854       0.43626110904845217                0           0   1180.4752786595950        1.7952874583487142E-003  0.50000000000000000              764  0.27972501774081882                0
          29          30   9.2064989403419284E-002   3.8673592252436655E-002  -4.8326417632826574E-005  0.98790084533106615        4595724.3541263249        274.56410217347485        6.8841750046719685       0.82001963406971601                0           0   1023.6286807368981        1.6733196375634911E-003  0.25000000000000000              732  0.50985935830913165                0
         405         406   8.7236661288412828E-002   5.5735761705262711E-002  -1.4072219982536795E-005  0.99445045527554632        44632234.652881853        1287.6258805654079        11.155991090225720       0.64664324470955181                0           0   105.40174145954420        7.8733128566099032E-003  0.50000000000000000             1108   1.2954582889800417                0
          45          46   8.6894120985331738E-002   8.6164685909330241E-002  -8.2040856412477007E-005  0.98387083180607882        5506893.1944410549        340.10174038637848        8.3662501675587961       0.63181319396693070                0           0   854.25939664011355        2.0685513436049150E-003  0.25000000000000000              748  0.47235827720894835                0
         161         162   9.3309048906446132E-002   9.2827486138433946E-002  -9.1369751406082116E-005  0.98816789709249386        5621474.9459532825        353.27853027428836        8.2097028589586678       0.49657442249449701                0           0   836.84714472155531        1.2847201476927637E-003   9.5576703749488813E-005         864  0.14242202674619858                0
         289         290  0.10428359770713377        2.3242149003040714E-002  -2.7029440456915618E-005  0.98098824697124187        6248174.3273797957        334.17546987499497        15.397823690751865       0.16345298048499485                0           0   752.91037207944589        1.9551803560908295E-003   1.1089857406493897E-003         992  -4.5756528986946883E-002           0
         115         116   9.5073144526220191E-002   4.6025486525321645E-002  -4.6726263478262970E-005  0.98361077625756288        6339435.9430684811        348.99124241529205        11.297053861303278       0.46855962386862010                0           0   742.07158174513086        2.1223306805025111E-003  0.25000000000000000              818  0.17000316459692433                0
         223         224  0.13901763968801717        6.0776114313866474E-002  -7.7059248968054704E-005  0.98945446740468912        6749092.4685141006        408.59909923968524        5.7270750873554572       0.34795698758996746                0           0   697.02930869466627        1.8394687347157287E-003   8.7352754590257306E-004         926  0.10707024160734820                0
         199         200  0.11230093762090229        4.7925291740752780E-002  -4.9845320530023470E-005  0.98557578802919299        7365259.5215128316        402.38621163417127        9.2158609267166387       0.33286301424564085                0           0   638.71683596540686        2.4494184751019071E-003  0.50000000000000000              902  0.76414939672116888                0
         373         374  0.15845034820673778       0.15233439132851201       -1.7085718898375956E-004  0.97949757324576003        7914550.2344355788        526.47437625154589        5.1568086315704846       0.41395412155290007                0           0   594.38819873511716        3.1890064898318494E-003   1.1472769476182817E-004        1076  0.10245472430348029                0
          69          70  0.10464422723177559       0.10349050793134676       -8.6377732787562200E-005  0.98042651398566583        8085705.8082159301        467.23280664956275        10.720165767032185       0.17139450372867587                0           0   581.80638391081243        2.8368343572848856E-003  0.50000000000000000              772 -0.16193640276028948                0
          51          52  0.11606384615255892        9.5064690585184505E-002  -1.2276543213329298E-004  0.98205345115529663        4872545.5793825211        334.93415447263214        4.4260837712289813       0.45293868916857860                0           0   965.47383313362923        1.9892380511386115E-004  0.12500000000000000              754   6.4033426490775008E-002           0
         265         266   8.4095384718170976E-002   3.6296916915751078E-002  -2.5177692277954291E-005  0.98207561675137911        10109014.900869561        451.79905044961146        4.6715303506860746       0.49621466466672703                0           0   465.35842550198487        9.1026380507308743E-004   7.9330917537551529E-004         968  0.21709141849237396                0
         367         368  0.20322917187314732       0.17631903439505672       -1.9839509347842268E-004  0.98269359619698149        10353024.347432952        673.09080061672455        13.391711066823854       0.52930753318370316                0           0   454.39043701381860        3.5549145127993413E-003   4.4348559911955369E-004        1070   1.5294663180723536                0
         305         306   8.5255713978393793E-002   1.6586699482616780E-002  -1.1931200371230782E-005  0.97557216214542408        10624387.113807641        441.69112072417624        13.995444422737334       0.27070034827536338                0           0   442.78462439785847        2.6751951435917505E-003  0.50000000000000000             1008   7.9003409244844863E-002           0
         325         326  0.14296285691723640        1.8018411898666035E-002  -1.7591034512000332E-005  0.98525910189351285        11605238.715074902        545.71725305743564        6.9420612464983833       0.37143772468912711                0           0   405.36135215676182        1.9976652747874619E-004  0.25000000000000000             1028   2.6808303278531613E-002           0
         119         120  0.12744757891135747        8.2887871857059842E-002  -6.3848789170769046E-005  0.98269985033698937        12193204.574003790        616.57973866081329        9.6397671354519971       0.25898312123701001                0           0   385.81451078697370        3.7479255214838184E-003  0.25000000000000000              822   6.7506876817284567E-002           0
         133         134  0.13034205300579016        4.8697333779162973E-002  -3.8327443696131554E-005  0.98105440049769921        13234720.317700345        617.16206406840013        7.4460357815872644       0.46097946663185102                0           0   355.45256300982271        3.6369787232730820E-003   6.5376657911045476E-004         836  0.20906817735085270                0
          17          18   8.8310858010865509E-002   3.6165089814597706E-002  -2.2321003472730643E-005  0.98140412768925933        12747100.610456508        533.22349031307033        8.0618861869926697       0.36927928181473291                0           0   369.04982563531280        3.2391129273980847E-003  0.50000000000000000              720  -4.3607812185124759E-002           0
         275         276  0.13196141201412448        6.9014568623332620E-002  -4.7733778410403624E-005  0.97884908178723684        15446853.547134120        711.01908000499816        11.530567160278212       0.41854398263192799                0           0   304.54844692416742        2.9732683824800670E-003   5.5022038914386516E-004         978  0.37145450115147910                0
         221         222  0.10685030920939192        6.9974509155263417E-002  -3.1625576660303096E-005  0.98431407888008515        22715034.702935673        881.04182720865981        11.092597221120137       0.18155898862532355                0           0   207.10138985773952        4.4823286131015667E-003   4.4363280251894522E-005         924 -0.20484806355024454                0
         157         158  0.17882018552997023        8.7937108552675433E-002  -4.2075750313421772E-005  0.98507950107205411        36757533.113240391        1392.7596925091193        7.5407860772109094       0.37210751696752759                0           0   127.98234427626012        7.6363822195911514E-003   3.8389402965156600E-004         860   9.7591301790851976E-003           0
         145         146  0.11284151051838727        7.1741434973604884E-002  -2.4259711265712475E-005  0.99378244636684399        37282362.651557408        1243.5769355623968        12.616641016507929       0.41547670539175885                0           0   126.18071718285398        6.4912049706355810E-003   4.2881821086600909E-004         848  0.14928130742261536                0
