 1021837   1   373 169   0      1.8   7.73   4.63  7.214     0.0  -0.2148   0.0000
  -1.117539   0.000000   0.245505   0.096985  -0.663599   0.060150   0.000000   0.000000   0.000000   0.000000
   0.00000   0.00000   0.13954   0.02977   0.00000  -1.11754   0.00000   0.00000  -0.87203   0.66276   0.19180   0.00000   0.00000
 NAME(I1)    NAME(I2)    M1[M*]                    M2[M*]                    EB[NB]                    ECC                       P[Days]                   SEMI[AU]                  RI[PC]                    VI[km/s]                  K*(I1)      K*(I2)      ZN[NB]                    RP[NB]                    STEP(I1)[NB]              NAME(ICM)                 ECM[NB]                   K*(ICM)      
           3           4   8.7970317491499028E-002   4.9196061553816367E-002  -9.2897646351125171E-004  0.98018963898304645        71340.815372945974        17.361255191394889        4.0943915446212991       0.21702629554644037                0           0   65941.428242054317        1.0539810829294615E-004  0.50000000000000000              706   6.7473143119773191E-002           0
          59          60  0.52934127945164156       0.11516011942956719       -3.1001072744619322E-002  0.99635260950274573        9025.0375450904266        7.3279160146024838        13.513026527107588       0.93334318267855620                0           0   521251.59969045070        4.4850020571511419E-005  0.50000000000000000              762   1.3848977029474416                0
          63          64  0.11284127030153632        5.3401276685359052E-002  -1.4468849236327175E-003  0.97984293960292113        54774.265105649982        15.520472950299069        12.856582501838039       0.36646168464820555                0           0   85885.502043175962        9.4206442072616631E-005  0.25000000000000000              766  0.19057364639855962                0
          83          84  0.10272953417562042        4.1373672231505683E-002  -1.2819188696754095E-003  0.97370419826673227        41789.837138321200        12.356008093958177        15.914435683624383       0.43249766706546033                0           0   112570.79662870750        7.4766174595093939E-005  0.50000000000000000              786  0.30817537056350086                0
         131         132   8.4797441590329786E-002   6.4637458177469395E-002  -7.7121942017657882E-004  0.98912831439601701        128788.41655396212        26.485513546867381        7.1316652727011558       0.50318712473948513                0           0   36527.471829531067        1.6151620773559698E-004   7.8125000000000000E-003         834  0.15290953835053231                0
         137         138  0.13717930409073115       0.13193897190263901       -4.0334545728335997E-003  0.97817964388784162        48147.574536657077        16.722602131164937        8.1236930331826773       0.34132756990897722                0           0   97706.173216745112        1.0141787278782275E-004  0.50000000000000000              840  0.59695235611929653                0
         167         168  0.11739175763496201        6.6852661947444644E-002  -1.3371095085191684E-003  0.97921691183512483        87047.450602289726        21.873015901955345        13.922742210642618       0.70442620645955367                0           0   54043.113555826756        1.3272323952673876E-004  0.25000000000000000              870  0.41154068811384920                0
         177         178  0.17518944591650459       0.15841447355487015       -4.8844045916293037E-002  0.97081544669269548        1948.4551180766894        2.1174370246531056        1.3007402541796571       0.79589486842384427                0           0   2414382.1502485364        1.2793853451865820E-005  0.25000000000000000              880  0.48245667411348586                0
         181         182  0.16494482085752635        4.8117280213717237E-002  -2.2342341753636167E-003  0.98308070947828008        38113.841390388654        13.238244572811659        3.5065299821272902       0.34150987275478895                0           0   123428.00111539195        8.0485139620415977E-005  0.50000000000000000              884   3.0038681463410724E-002           0
         193         194  0.13607741833753259        1.4509867592654014E-002  -3.3139095177587647E-004  0.98026160729439438        98477.807758994706        22.203845682541278        15.062512132483619       0.80168580540509149                0           0   47770.308506030713        1.3480179630591914E-004  0.50000000000000000              896   1.0773665206481771                0
         195         196  0.23980714281985319       0.16746154432118399       -1.7866781603804005E-002  0.96643523058497638        13874.745800257982        8.3762612435180923        11.391902026718739        1.0320078239061838                0           0   339055.96004197007        5.0498069052990366E-005  0.50000000000000000              898  0.79537963098269016                0
         207         208   9.9440827635248155E-002   5.0100703362626467E-002  -8.7683211256005204E-003  0.98112175417415370        2910.2243960466299        2.1174416066239212        2.4542693550352568       0.72005861058776299                0           0   1616478.5313583727        1.2860786271453537E-005  0.25000000000000000              910  0.45446617856188820                0
         225         226  0.11258739991983015        4.7810171057872303E-002  -9.4939383745014589E-004  0.98185672257896206        88575.957032427817        21.129198100363176        14.982272643785402       0.75555265522640447                0           0   53110.521356517827        1.2838083044770557E-004  0.50000000000000000              928   1.0216749519905211                0
         235         236   9.9158490776633662E-002   3.5661683213779022E-002  -5.1301121046354124E-003  0.96614283730650707        4095.4263718306088        2.5687641194955386        2.9902853130429636       0.34024710209836623                0           0   1148675.3345151674        1.5484037106406675E-005  0.12500000000000000              938   9.0985019789858693E-002           0
         249         250   8.3325272192247987E-002   6.4931060179189190E-002  -5.9417119074347373E-003  0.97581540753508467        5929.7866670524481        3.3934150410168407        15.497906113262259       0.41495925646973597                0           0   793336.34104971308        2.0555510157367267E-005  0.25000000000000000              952   1.2426526396456166                0
         271         272  0.13618545113931463       0.10282415591629936       -1.7643068358636144E-003  0.98806680624688603        120181.93023047518        29.578155387187675        6.6784113155927471       0.47675657955115441                0           0   39143.282593508091        1.8027976026539725E-004  0.50000000000000000              974   9.3513826864416005E-002           0
         287         288   8.8414603939471620E-002   4.2704642040310346E-002  -5.8515194294090581E-004  0.98093659039144399        118941.02246670357        24.046383900145148        1.7573564099757513       0.59765089070760424                0           0   39551.663169548527        1.4603779329379048E-004  0.25000000000000000              990  0.19475283486073203                0
         291         292  0.10251315781699964        2.9651563345757474E-002  -1.1831110334550475E-003  0.98075559013170377        29765.556837160901        9.5746088155111213        11.906158072374943       0.58856878962304315                0           0   158045.59892431262        5.8142920318824777E-005   3.1250000000000000E-002         994  0.23383761292711422                0
         303         304  0.77980953382043972       0.33783563817501155       -5.2382472905160467E-002  0.97671789874474535        28033.625192942258        18.742492285908785        5.0129556776969455       0.63130127743720632                0           0   167809.73653129677        1.1358394461059082E-004  0.25000000000000000             1006  0.23027201398626165                0
         311         312  0.16827131513595273       0.11782564957455051       -9.1314488263872420E-003  0.97485864189666582        15717.300866973132        8.0915100549741776        15.886408053498499       0.15099386935143147                0           0   299308.08714936365        4.8990345746074786E-005  0.50000000000000000             1014 -0.12989282329337334                0
         321         322  0.12252965187021556        4.0765808550071510E-002  -1.0952504619379879E-003  0.97557453106160041        63331.226025514967        16.995860241612995        16.670837355854403       0.41330406498904498                0           0   74281.133539866772        1.0293936416602254E-004  0.50000000000000000             1024  0.71930881613425512                0
         323         324  0.13577855073708561        2.1714876777924844E-002  -1.0672784058174505E-003  0.97737634574565457        30402.145619620234        10.295090097572151        13.362218231549880       0.67708243022899084                0           0   154736.29119810546        6.2411468000077191E-005  0.25000000000000000             1026  0.36413871119497460                0
         337         338  0.14234346256931027        4.8688670540606271E-002  -2.7220309402593351E-003  0.98436219341894415        24424.438780536861        9.4883723855236379        13.218808417777270       0.40748643867149797                0           0   192606.89262565569        5.7724153992768256E-005  0.50000000000000000             1040   1.4560429420769327                0
         363         364   8.0030474895858961E-002   2.5241398542184282E-002  -3.2505135387658957E-004  0.96900162088983910        125469.53716214608        23.159872534501439        12.385601988361472       0.71630545091575348                0           0   37493.684634903126        1.3980643129274424E-004  0.50000000000000000             1066  0.54691861945333831                0
         371         372   9.0756420354949963E-002   8.9399293653254358E-002  -1.4941626717007766E-003  0.97790038526241019        78336.750524128642        20.236383406048532        9.8110158419717024       0.48459697915145011                0           0   60052.468683849453        1.2271064128272370E-004  0.50000000000000000             1074  0.26898043013291995                0
         383         384   9.3433970454860987E-002   6.5975786712685114E-002  -2.9999592269293533E-003  0.97176827062077331        19385.313257799193        7.6576121486429507        11.129246682674710       0.45828039060854059                0           0   242674.19334851863        4.6290742961604388E-005  0.50000000000000000             1086  0.46640646670236641                0
         395         396  0.10118924464727580        7.2387835402996439E-002  -4.0679476328368365E-003  0.98184110250843104        15239.121285685993        6.7103307468978812        8.4751092638198813       0.49465413148400933                0           0   308699.90266850201        4.0771591993552411E-005  0.50000000000000000             1098   6.1056299838039930E-002           0
         401         402  0.11008182267075275        8.1520559788653676E-002  -2.1754919003101718E-003  0.98946501741247106        50292.904508829961        15.372504553420699        8.0243198777935749       0.40392567963315762                0           0   93538.349069078395        9.3761781152373525E-005  0.50000000000000000             1104  0.13809656091430503                0
         219         220   5.9461379470541447        2.5291364086335988      -0.75299076982192070       0.98221912150944157        80559.862777643633        74.428097414589246        6.7249431121245653       0.18095727227265601                0           0   58395.273967004177        4.5230718866207646E-004  0.50000000000000000              922  0.12494293252608221                0
         159         160  0.52009082554844766       0.13749382338007102       -6.8562166579241961E-003  0.98252657550525302        109146.58921206869        38.868446659729038        3.2769554359318773       0.57755803509178516                0           0   43100.891119047374        2.3624417772278330E-004  0.25000000000000000              862  0.17650381313941280                0
           1           2   2.0244841138268650       0.61000484406818434       -7.0741485713423660E-002  0.98738152934187551        118081.33591071346        65.056817812538299        15.348004171421769       0.49749599791775750                0           0   39839.617509086311        3.9638661146352313E-004  0.50000000000000000              704  0.12663160396243106                0
         283         284  0.18094602805437388        8.1870494517192083E-002  -1.6064068193646895E-003  0.97697797871714775        143540.44546752289        34.366892541613126        4.8272611903699207       0.28046901901482835                0           0   32773.447527785116        2.0829891525217590E-004   6.2500000000000000E-002         986  -5.1913530389602024E-002           0
         185         186  0.24628085064239766        6.9358336926096664E-002  -1.8551080494142963E-003  0.99057546901522908        130681.44545928008        34.314639623851313        9.4937993839355350       0.52128886950955577                0           0   35998.341165507023        2.0941269287605858E-004  0.50000000000000000              888  0.21733447693219426                0
         191         192  0.17819880543248182        5.0730547014061628E-002  -8.9966543292994278E-004  0.98450778698896024        174927.64032278312        37.446621017460309        17.421256517338506       0.63223265392728700                0           0   26892.921261409472        2.2782970840593575E-004  0.25000000000000000              894  0.46973720014274667                0
          71          72  0.16939743337267674        2.6319217633798585E-002  -4.7647967898261517E-004  0.96976219828091648        170003.73667627125        34.870225322542275        10.961265240771585       0.27884730284389514                0           0   27671.834452691655        1.5082883319385277E-004  0.25000000000000000              774 -0.11735386770513714                0
          53          54  0.10539273585624893        8.3691576402142989E-002  -9.4861616487088496E-004  0.98840746126056767        171334.30925667207        34.651436372167325        13.583649372662240       0.24244221213727224                0           0   27456.936547351612        2.1096666920612941E-004  0.50000000000000000              756 -0.17315831781324156                0
         245         246  0.10614450888457336        7.9534736728126665E-002  -8.8338078697462622E-004  0.97533507163214717        180155.36208468804        35.614411017835778        10.093815984308453       0.14146850857672483                0           0   26112.546433302068        2.1568078356416255E-004  0.50000000000000000              948  0.11134823739149334                0
         331         332  0.12214104311112879        9.8521910482032543E-002  -1.1537755047203683E-003  0.97154055198387024        188414.45473505274        38.868024797675822        15.402259465835833       0.28907275937666699                0           0   24967.910579153504        2.3493249830021899E-004  0.50000000000000000             1034   6.9191582751100739E-002           0
         203         204  0.10958957416913398        5.6611292613942377E-002  -6.2817234305771752E-004  0.98494187057407623        200051.97130642890        36.805509599966030        14.403863868626292       0.11785460288703910                0           0   23515.465640870621        1.6988547057778460E-004  0.50000000000000000              906 -0.16882172583639016                0
          21          22  0.17137201111473407        1.8580527211685235E-002  -2.8964617018065918E-004  0.97725619083110171        219756.57682243298        40.968444197440832        4.3077349476099585       0.24031853095964750                0           0   21406.937283364805        1.8343950172520064E-004  0.50000000000000000              724   6.9504177839344566E-002           0
         369         370  0.35577330781196675       0.28758888866695975       -6.5923629871082615E-003  0.96841922705639494        200307.85819162280        57.839387851881206        14.327761333550638       0.42382817814093782                0           0   23485.425385280789        3.4904883910831302E-004  0.50000000000000000             1072   1.5699764170681390                0
          77          78   9.3430964505624117E-002   2.0354482771848002E-002  -1.6334883162896549E-004  0.97425183352183942        309441.22681298596        43.386459025179242        10.850846081723903       0.58193689066303655                0           0   15202.613129787858        1.8457846561722538E-004  0.50000000000000000              780  0.84347106938211236                0
         315         316  0.30834333591613694       0.21242803698149326       -3.5544000840579989E-003  0.96932722246065328        288048.63087816222        68.675120176768687        8.1572727894906301       0.41934473198443284                0           0   16331.670257563481        4.1463143421502049E-004   3.1250000000000000E-002        1018  0.22849447519651336                0
          89          90  0.20842321107894346       0.10223825271363279       -1.3435582502014560E-003  0.98702482580270168        297769.38109927031        59.104743533761280        7.3729029421106338       0.75656616463169424                0           0   15798.519109916271        3.6005640583131949E-004  0.50000000000000000              792  0.39900592676793611                0
         155         156  0.50373356431637750       0.18870347651975347       -4.6345267489272665E-003  0.98128177235206437        293320.33962033020        76.435433608783669        10.403497058915217       0.74506555376133721                0           0   16038.148816184937        4.6428632181207922E-004  0.50000000000000000              858  0.46010128864919514                0
         187         188  0.16652052450678573        4.4390738220572948E-002  -5.1200105471243477E-004  0.98740860044556455        313872.49940009229        53.803263366689940        6.7288037897121660       0.66609076101020492                0           0   14987.981637882163        1.5401396217716847E-004  0.50000000000000000              890  0.29425325790643492                0
         255         256   8.3811449474318997E-002   3.0344259974373743E-002  -1.9498774621546684E-004  0.99476358635673934        366335.73421504453        48.606227887337262        9.6982078707663426       0.45192229729651529                0           0   12841.540746017587        1.7373772739312873E-004  0.50000000000000000              958  0.23768997898339569                0
          93          94   8.5361728603296438E-002   7.1347741082274679E-002  -4.1080252103106030E-004  0.97812880800934654        378910.90214675880        55.249666982163497        10.441907078046588       0.48283254708261719                0           0   12415.359998859836        1.7179347800011020E-004  0.50000000000000000              796  0.35197341091951739                0
          95         546  0.62290701776509083       0.52092362269304604       -3.7742909876152288E-003  0.93636520638298859        1958534.4244655021        320.39168160259885        8.4268051813997147       0.51658304315559078                0           0   2401.9568912752729        1.4130685385860351E-003   3.9411232906732306E-003         798  0.31328045433945928                0
          67          68  0.52597586808430075       0.46375414949012228       -9.5351984985231255E-003  0.98266064699714351        341740.68956755206        95.332992401100725        16.180437901630043       0.46675886441177944                0           0   13765.745201713413        5.7947742737167690E-004  0.50000000000000000              770   7.0769162291811127E-002           0
         213         214   8.6717284611907239E-002   1.7710005955573944E-002  -1.1427078035879827E-004  0.98213695314694749        400632.33674856107        50.085097135765906        4.7188230626643470       0.34096949428112405                0           0   11742.225542311169        1.5552041722878169E-004  0.50000000000000000              916  0.15412900253613337                0
         313         314  0.11479116130453372        5.7685466757393881E-002  -3.9453446450446250E-004  0.99253727403468150        435049.79924732697        62.547398305763593        2.8951455256961429       0.44066668570858192                0           0   10813.279918261374        1.7042172232509015E-004  0.50000000000000000             1016   7.7344603496905570E-002           0
         365         366  0.29906545429998188       0.27572229150032296       -3.4223050706489746E-003  0.97703614846779008        409915.73603235272        89.792227251814452        13.700599073410528       0.30117614837620721                0           0   11476.298283102440        5.4424978456707430E-004  0.50000000000000000             1068 -0.23616061472852803                0
         201         202  0.41909726131645580       0.36316033186407948       -5.4401348907038797E-003  0.97784193266974673        439642.50440806977        104.26124217537117        14.456897705177260       0.38686924521009231                0           0   10700.319487940789        6.3220712582260643E-004  0.50000000000000000              904   7.2085757718651861E-002           0
         171         172  0.11855449161888632       0.10910379859810015       -6.3808363105355751E-004  0.99690688946593098        502629.43037454027        75.543937317710842        3.8945390242120972       0.23552701052923120                0           0   9359.4106778413025        1.6222029374787257E-004  0.50000000000000000              874  -7.4380077325179664E-002           0
         347         348  0.19457293008789711        9.8264029982305379E-002  -8.4213227326918961E-004  0.97623178622328566        525292.62380639045        84.608893442837001        5.4999151092586640       0.36932912966341985                0           0   8955.6088253366652        5.1262384884362530E-004  0.25000000000000000             1050  0.15738287568356557                0
         343         344   9.9716206803828866E-002   3.9838043689421537E-002  -1.9541286924161294E-004  0.98547806040898511        644708.77578794607        75.758248904357316        14.671259441681169       0.55482394951166769                0           0   7296.8066114739531        4.6110969753691106E-004  0.50000000000000000             1046   1.7399488243698840                0
          99         100  0.11123848720615616        3.9011678252708890E-002  -1.9764343022701515E-004  0.98119635498491209        697449.45099556562        81.825121918085514        9.2573199272411415       0.54598682086896022                0           0   6745.0268272914218        1.9609050585244134E-004  0.25000000000000000              802  0.13275666519389800                0
         391         392  0.13558686976987694        5.7578981684498085E-002  -2.5446740011902898E-004  0.98428057182237338        1015963.8259505472        114.33226250480101        12.833422526243695       0.30287490688896063                0           0   4630.3964151906221        1.9855493643177781E-004  0.50000000000000000             1094  0.10391327982426288                0
         385         386  0.12648191059682606        5.9749107023494945E-002  -2.5030111744847215E-004  0.99192399726360403        1010156.8010307509        112.51654391747591        16.767151974230323       0.27679580866494419                0           0   4657.0148840700185        1.9971473045980897E-004  0.50000000000000000             1088   7.8251943352596158E-003           0
          41          42  0.11122608390456809        8.6847116325004775E-002  -3.0034655602715249E-004  0.97689552612968544        1076875.4069236529        119.85571002551679        1.1984575669048780       0.83559037782892542                0           0   4368.4861102769009        1.9934720720389158E-004  0.25000000000000000              744  0.52086053626761120                0
         345         346  0.55774375829353751       0.47607345656862060       -4.7923803546830179E-003  0.97923176074338625        1065819.0059203701        206.47940675782556        1.5831450720886957       0.25754247406258368                0           0   4413.8031237137029        1.2529054742208931E-003  0.50000000000000000             1048  -4.2111330059520349E-002           0
          73          74  0.94128231410560004       0.69908498357263338       -1.0547991353088345E-002  0.98595090542721642        1010924.7705775029        232.48741209934116        15.196434835091425       0.55031627953163442                0           0   4653.4770880699325        1.4155097427745917E-003  0.50000000000000000              776  0.38502319914562655                0
         285         286   8.9462339041284894E-002   4.2834040765278178E-002  -1.2838168338598593E-004  0.97556116315563901        1178106.6063545495        111.23605151706303        8.8730997597227823       0.67054132636483910                0           0   3993.1150816660524        1.4410236536712358E-004  0.50000000000000000              988  0.22714352175177444                0
         293         294  0.55382231722128972       0.12326253909399966       -1.3046202120956597E-003  0.97555013427591697        1208714.8768618368        195.00098063437505        10.026858054173964       0.56623132357245909                0           0   3891.9974823661364        1.1809822740092247E-003  0.50000000000000000              996  0.92335665047420368                0
         123         124  0.67985937278035102       0.12376754478802159       -1.4259437356367586E-003  0.97763450747397851        1328700.8239903566        219.90890269502705        7.8667695739291661       0.58673076261083190                0           0   3540.5376234484115        1.3330674591925293E-003  0.50000000000000000              826  0.32049907690322860                0
           7           8  0.10772050310063933        1.1526931384030817E-002  -3.7943697728780554E-005  0.99082248886431246        1424470.1409572540        121.95279694780302        11.437424193142691       0.47183984972665727                0           0   3302.5018372680170        1.6260639909577266E-004   6.2500000000000000E-002         710  -9.7680626252729663E-003           0
         355         356  0.32294731613854971       0.22153041596011064       -1.4146791448691402E-003  0.98835597978780254        1280677.5733209376        188.46314208734015        5.6577084386804906       0.44003025738582141                0           0   3673.3018174480535        1.1488556879049804E-003  0.50000000000000000             1058   6.7466197658490892E-002           0
          85          86   8.0567479673496034E-002   7.0359839832317903E-002  -1.6540594186675728E-004  0.98642166572395873        1357017.8794508749        127.71821781941760        8.5370654757679620       0.32276854047531717                0           0   3466.6567986181526        1.9401392259058692E-004   6.2500000000000000E-002         788  -5.6281439973221978E-002           0
         387         388  0.11696728908539532        8.3148869844046139E-002  -2.2917067140781143E-004  0.96020955983135536        1623942.9068957546        158.15432543884472        4.0840418688353681       0.26716095729278616                0           0   2896.8476894531282        9.5043035403776194E-004   1.0721552339970862E-005        1090 -0.39907108298774957                0
         103         104   9.4240900685283069E-002   8.1646476448274677E-002  -1.9581474411928143E-004  0.97430932578693863        1543295.6101144454        146.43699954217337        4.2785841822264885       0.15276443732415515                0           0   3048.2269416265021        8.8618227905427590E-004  0.25000000000000000              806  -4.7853281924379182E-002           0
          65          66   8.1196656538748205E-002   3.2700733033609646E-002  -6.2627861262289943E-005  0.98184767372588766        2149336.5504112290        157.99647215383459        12.835011793108078       0.56292065826573767                0           0   2188.7290088398181        1.9363885980735446E-004  0.50000000000000000              768  0.17589037814136593                0
          15          16  0.12041882448822794        4.7134796559794988E-002  -1.1370748620294229E-004  0.97825164521118502        2263928.7909641471        186.02285177799217        13.160663251525094       0.60865994414145275                0           0   2077.9431210119114        1.1281688166013199E-003  0.50000000000000000              718  0.17921202717522033                0
         243         244  0.10897784068549871        6.2870305948584129E-002  -1.2688985103554134E-004  0.99345305026723485        2514966.0648626112        201.22235189126619        10.448347952893466       0.38088225133274878                0           0   1870.5283237695505        1.2297376519750148E-003  0.50000000000000000              946   7.3618866404756400E-002           0
         265         266   8.4095384718170976E-002   3.6296916915751078E-002  -2.5179278375034623E-005  0.98201122456715517        10108059.732917028        451.77059065246624        3.5966989893873715       0.52644135832707961                0           0   465.40239986167666        2.5153493588724140E-003   1.2803843662864082E-003         968  0.21604138897268318                0
         127         128  0.41687934908818136       0.27898104023835063       -1.0601324713850049E-003  0.99434194081511351        3619474.9262651657        408.83142482301037        12.385796357093829       0.31195352568544110                0           0   1299.7231237899509        2.4997052625840904E-003  0.25000000000000000              830  -2.4134139912311836E-003           0
         217         218   8.1228311512873880E-002   6.5270211912634449E-002  -8.4864059256294254E-005  0.97696892315676265        3390006.8490829859        232.81876606981328        15.876731202032936       0.72034387243261888                0           0   1387.7008121435813        1.4110585494170628E-003  0.50000000000000000              920  0.32154949147338724                0
         143         144  0.25022565110097550       0.15769561095085233       -3.9893226177458845E-004  0.97378367469115990        4047244.7606835263        368.61381757316616        8.8681030761201551       0.64876288961707040                0           0   1162.3500766111972        2.2305190603367172E-003  0.50000000000000000              846  0.21707800586462728                0
          61          62  0.16574606629006447        5.1105325148539382E-002  -1.0680914848388477E-004  0.98146224652464376        3985102.7316611102        295.54272204541036        6.9082399290313603       0.45024741374080024                0           0   1180.4752786595950        1.7952874583487142E-003  0.50000000000000000              764  0.28029972722680385                0
          29          30   9.2064989403419284E-002   3.8673592252436655E-002  -4.8326417632826574E-005  0.98790084533106615        4595724.3541263249        274.56410217347485        5.6480533824575474       0.83721217982559970                0           0   1023.6286807368981        1.6733196375634911E-003  0.25000000000000000              732  0.51029076499687021                0
         405         406   8.7236661288412828E-002   5.5735761705262711E-002  -1.4072219982536795E-005  0.99445045527554632        44632234.652881853        1287.6258805654079        10.417529630543191       0.70678113613450799                0           0   105.40174145954420        7.8733128566099032E-003  0.50000000000000000             1108   1.2959004552139071                0
          45          46   8.6894120985331738E-002   8.6164685909330241E-002  -8.2040856412477007E-005  0.98387083180607882        5506893.1944410549        340.10174038637848        7.2613108311257859       0.65606305071961735                0           0   854.25939664011355        2.0685513436049150E-003  0.50000000000000000              748  0.47183194552675395                0
         161         162   9.3309048906446132E-002   9.2827486138433946E-002  -9.1371407126474667E-005  0.98768315439962584        5621322.1484507862        353.27212859475623        7.1842977802335861       0.41652942813537686                0           0   836.86989171066341        1.2156978909211200E-003   2.2642318644557163E-005         864   8.8854741297662798E-002           0
         289         290  0.10428359770713377        2.3242149003040714E-002  -2.7029351783788119E-005  0.98098930924817163        6248205.0742666023        334.17656617890509        16.684166813383317       0.16190060295509817                0           0   752.90666707141372        1.2283606557203072E-003   8.7415699024560433E-004         992  -4.6967542776148043E-002           0
         115         116   9.5073144526220191E-002   4.6025486525321645E-002  -4.6726263478262970E-005  0.98361077625756288        6339435.9430684811        348.99124241529205        12.520700169392164       0.49279147366045328                0           0   742.07158174513086        2.1223306805025111E-003  0.25000000000000000              818  0.16988962111265310                0
         223         224  0.13901763968801717        6.0776114313866474E-002  -7.7058984406051621E-005  0.98945295696730251        6749127.2254273025        408.60050205853861        5.2611969825521596       0.31876331443239003                0           0   697.02571910650590        1.1482782552824104E-003   1.7167266079809424E-004         926   9.7190078104340022E-002           0
         199         200  0.11230093762090229        4.7925291740752780E-002  -4.9845320530023470E-005  0.98557578802919299        7365259.5215128316        402.38621163417127        9.4160984701367845       0.42961534949716557                0           0   638.71683596540686        2.4494184751019071E-003  0.50000000000000000              902  0.76420613112268887                0
         373         374  0.15845034820673778       0.15233439132851201       -1.7085727048745747E-004  0.97957753855477148        7914544.5712434361        526.47412510853985        5.0496665508539875       0.40136286350496719                0           0   594.38862404506972        2.3327898199613653E-003   4.8905387314804266E-005        1076  0.11255953625365918                0
          69          70  0.10464422723177559       0.10349050793134676       -8.6377732787562200E-005  0.98042651398566583        8085705.8082159301        467.23280664956275        12.219990494193834       0.16509450209176046                0           0   581.80638391081243        2.8368343572848856E-003  0.50000000000000000              772 -0.16246846554124647                0
          51          52  0.11606384615255892        9.5064690585184505E-002  -1.2276543213329298E-004  0.98205345115529663        4872545.5793825211        334.93415447263214        3.9909911890631156       0.45589719553320962                0           0   965.47383313362923        1.9892380511386115E-004  0.50000000000000000              754   6.4449060965983809E-002           0
         267         268  0.11152016154947933        1.9237634443879208E-002  -2.0555994335076779E-005  0.97571152159778862        7747922.8151250258        388.94295063728464        2.3491272220457478       0.54777943494420644                0           0   607.17115669522207        2.2696124001311789E-003   1.1678834954234542E-003         970  0.15322338682821604                0
         367         368  0.20322917187314732       0.17631903439505672       -1.9839318689370236E-004  0.98268284089732438        10353173.588687873        673.09726910818802        13.685164942675435       0.52624191792604991                0           0   454.38388696436152        1.3709724197895272E-003   2.7820233083667502E-004        1070   1.5344535648079254                0
         305         306   8.5255713978393793E-002   1.6586699482616780E-002  -1.1931200371230782E-005  0.97557216214542408        10624387.113807641        441.69112072417624        12.458211339205350       0.24380563012351136                0           0   442.78462439785847        2.6751951435917505E-003  0.50000000000000000             1008   7.6771589790831818E-002           0
         325         326  0.14296285691723640        1.8018411898666035E-002  -1.7591034512000332E-005  0.98525910189351285        11605238.715074902        545.71725305743564        7.3519323492510553       0.38717145773769507                0           0   405.36135215676182        1.9976652747874619E-004  0.50000000000000000             1028   2.6829104800570235E-002           0
         119         120  0.12744757891135747        8.2887871857059842E-002  -6.3848789170769046E-005  0.98269985033698937        12193204.574003790        616.57973866081329        9.1409889811570064       0.25198064564145450                0           0   385.81451078697370        3.7479255214838184E-003  0.50000000000000000              822   6.8358893980515575E-002           0
         133         134  0.13034205300579016        4.8697333779162973E-002  -3.8327441783851330E-005  0.98105028019717189        13234721.308184957        617.16209486061462        6.3983293761326312       0.50507607695752998                0           0   355.45253640780476        3.7473075632922562E-003   6.6327057440651995E-004         836  0.21152375854496769                0
          17          18   8.8310858010865509E-002   3.6165089814597706E-002  -2.2321003472730643E-005  0.98140412768925933        12747100.610456508        533.22349031307033        9.0373826573935236       0.35323493007960932                0           0   369.04982563531280        3.2391129273980847E-003  0.50000000000000000              720  -4.3134402430240540E-002           0
         275         276  0.13196141201412448        6.9014568623332620E-002  -4.7733359811497192E-005  0.97886953072005867        15447056.739939036        711.02531530480792        10.588738808789614       0.42890944454698743                0           0   304.54444085011687        1.6865593697203314E-003   4.1819102740073364E-004         978  0.37001846092929047                0
         399         400  0.17014458503807270        6.6018282057290864E-002  -2.6984321407199552E-005  0.99072313511992527        45921883.975242808        1551.2799730019024        11.023011972169398       0.21834839422897909                0           0   102.44168684762434        8.9805916072824704E-003   1.1158807491890198E-004        1102 -0.12802069911719716                0
         157         158  0.17882018552997023        8.7937108552675433E-002  -4.2075269357322030E-005  0.98506382119673497        36758163.369821742        1392.7756129364825        5.8378378250779068       0.37022254950233702                0           0   127.98014988711273        3.7777027727616641E-003   2.6941618053616384E-004         860   4.1431030501968280E-003           0
         145         146  0.11284151051838727        7.1741434973604884E-002  -2.4259738458434223E-005  0.99380292775346768        37282299.966918521        1243.5755416379882        11.753325953044078       0.41382315810057702                0           0   126.18092933695115        6.6763141122294003E-003   2.1686671692761197E-004         848  0.14712326910372794                0
         221         222  0.10685030920939192        6.9974509155263417E-002  -3.1627557489275820E-005  0.98471163852880683        22712900.777748942        880.98664769699167        12.583161696864046       0.23472388012493570                0           0   207.12084747243827        1.0280328324393344E-003   2.1335819286499881E-005         924 -0.19456788508629541                0
