 122 173   1   452 105   0      0.2   0.46   4.88  5.787     0.0  -0.2385   0.0000
  -1.208671   0.000000   0.287028   0.062472  -0.571267   0.053723   0.000000   0.000000   0.000000   0.000000
   0.00000   0.00000   0.15020   0.03384   0.00000  -1.20867   0.00000   0.00000  -0.92164   0.77512   0.20854   0.00000   0.00000
 NAME(I1)    NAME(I2)    M1[M*]                    M2[M*]                    EB[NB]                    ECC                       P[Days]                   SEMI[AU]                  RI[PC]                    VI[km/s]                  K*(I1)      K*(I2)      ZN[NB]                    RP[NB]                    STEP(I1)[NB]              NAME(ICM)                 ECM[NB]                   K*(ICM)      
           3           4   8.7970317491499028E-002   4.9196061553816367E-002  -9.2897646351125171E-004  0.98018963898304645        71340.815372945974        17.361255191394889        7.6507280123794219       0.17487159620027415                0           0   65941.428242054317        1.0539810829294615E-004  0.12500000000000000              706  0.11322379843151451                0
          57          58   8.8793517676333700E-002   7.4789808565780366E-002  -1.3944536633748324E-003  0.99288618157622466        67519.482439442989        17.747571380570307        14.094581654849559       0.56026934634292791                0           0   69673.449613065080        1.0843421479498632E-004  0.50000000000000000              760   1.1548871658840549                0
          59          60  0.52934127945164156       0.11516011942956719       -3.1001072744619322E-002  0.99635260950274573        9025.0375450904266        7.3279160146024838        17.765169040079805       0.79191824708182856                0           0   521251.59969045070        4.4850020571511419E-005  0.25000000000000000              762   1.4517268702320671                0
          63          64  0.11284127030153632        5.3401276685359052E-002  -1.4468849236327175E-003  0.97984293960292113        54774.265105649982        15.520472950299069        11.977786702781296       0.39729963189770379                0           0   85885.502043175962        9.4206442072616631E-005  0.12500000000000000              766  0.23324085486480936                0
          83          84  0.10272953417562042        4.1373672231505683E-002  -1.2819188696754095E-003  0.97370419826673227        41789.837138321200        12.356008093958177        14.001324393667597       0.34783979736752818                0           0   112570.79662870750        7.4766174595093939E-005  0.50000000000000000              786  0.23225968193782448                0
          87          88  0.10306885414503236        3.0345968261083246E-002  -4.1821248241819420E-003  0.98428134930470224        4652.7998571211401        2.7870887101701558        15.206891389650380       0.29617958679288769                0           0   1011071.9141389197        1.6955045282497800E-005  0.12500000000000000              790   8.8527879430149337E-002           0
         105         106  0.12790761581087476        8.1406408734692293E-002  -3.3640542461646258E-002  0.96974758674909145        989.02684361157492        1.1534833915785283        18.362373593301811       0.34075637723283952                0           0   4756509.1767037120        6.9657331703446991E-006  0.25000000000000000              808  0.11608016164804205                0
         131         132   8.4797441590329786E-002   6.4637458177469395E-002  -7.7121942017657882E-004  0.98912831439601701        128788.41655396212        26.485513546867381        7.7883682787169075       0.46443762759503548                0           0   36527.471829531067        1.6151620773559698E-004  0.12500000000000000              834  0.12384502869560549                0
         137         138  0.13717930409073115       0.13193897190263901       -4.0334545728335997E-003  0.97817964388784162        48147.574536657077        16.722602131164937        11.821736665519779       0.15449876972726725                0           0   97706.173216745112        1.0141787278782275E-004  0.25000000000000000              840  0.66834667589457331                0
         167         168  0.11739175763496201        6.6852661947444644E-002  -1.3371095085191684E-003  0.97921691183512483        87047.450602289726        21.873015901955345        12.741108861177672       0.67060611996152042                0           0   54043.113555826756        1.3272323952673876E-004  0.25000000000000000              870  0.41894252803574411                0
         177         178  0.17518944591650459       0.15841447355487015       -4.8844045916293037E-002  0.97081544669269548        1948.4551180766894        2.1174370246531056        3.7569981919087461       0.80598352173339849                0           0   2414382.1502485364        1.2793853451865820E-005  0.25000000000000000              880  0.51049837231758166                0
         181         182  0.16494482085752635        4.8117280213717237E-002  -2.2342341753636167E-003  0.98308070947828008        38113.841390388654        13.238244572811659        5.1848036227924181       0.30639870635184718                0           0   123428.00111539195        8.0485139620415977E-005  0.12500000000000000              884   5.3944999392095433E-002           0
         193         194  0.13607741833753259        1.4509867592654014E-002  -3.3139095177587647E-004  0.98026160729439438        98477.807758994706        22.203845682541278        15.655004592986359       0.69078940729342619                0           0   47770.308506030713        1.3480179630591914E-004  0.25000000000000000              896   1.2005643498468070                0
         195         196  0.23980714281985319       0.16746154432118399       -1.7866781603804005E-002  0.96643523058497638        13874.745800257982        8.3762612435180923        11.114896801713334       0.97751199996299420                0           0   339055.96004197007        5.0498069052990366E-005  0.25000000000000000              898  0.74679669194688247                0
         207         208   9.9440827635248155E-002   5.0100703362626467E-002  -8.7683211256005204E-003  0.98112175417415370        2910.2243960466299        2.1174416066239212        3.8912953498108105       0.74982079010003022                0           0   1616478.5313583727        1.2860786271453537E-005  0.25000000000000000              910  0.45583127730018869                0
         225         226  0.11258739991983015        4.7810171057872303E-002  -9.4939383745014589E-004  0.98185672257896206        88575.957032427817        21.129198100363176        15.906392918377266       0.59480626530728997                0           0   53110.521356517827        1.2838083044770557E-004  0.25000000000000000              928   1.1145936444767597                0
         235         236   9.9158490776633662E-002   3.5661683213779022E-002  -5.1301121046354124E-003  0.96614283730650707        4095.4263718306088        2.5687641194955386        7.0836797303899637       0.28958170151942098                0           0   1148675.3345151674        1.5484037106406675E-005  0.12500000000000000              938  0.12801633492668080                0
         239         240   8.3253089810449737E-002   5.9845060969569666E-002  -7.4110620056441019E-004  0.97866503909393976        121080.59857328323        25.053451414275163        15.880672400582867       0.46374846301996164                0           0   38852.758518512826        1.5197941044801133E-004  0.25000000000000000              942  0.14856916039389936                0
         247         248  0.12867704596478571        5.6124925773135610E-002  -4.8755267774440045E-002  0.97148621675522984        348.47281385192167       0.55201979559906922        18.715083915463055       0.62756273966564990                0           0   13499805.639483234        3.3365167437779866E-006  0.12500000000000000              950  0.54678628747312374                0
         249         250   8.3325272192247987E-002   6.4931060179189190E-002  -5.9417119074347373E-003  0.97581540753508467        5929.7866670524481        3.3934150410168407        16.185020308737499       0.54162980375582148                0           0   793336.34104971308        2.0555510157367267E-005  0.50000000000000000              952   1.3353332730222436                0
         271         272  0.13618545113931463       0.10282415591629936       -1.7643068358636144E-003  0.98806680624688603        120181.93023047518        29.578155387187675        6.7020309219026295       0.50802291940423250                0           0   39143.282593508091        1.8027976026539725E-004  0.25000000000000000              974   8.5735410043320678E-002           0
         287         288   8.8414603939471620E-002   4.2704642040310346E-002  -5.8515194294090581E-004  0.98093659039144399        118941.02246670357        24.046383900145148        3.1005584554082661       0.61727987836297926                0           0   39551.663169548527        1.4603779329379048E-004  0.25000000000000000              990  0.21485650266942363                0
         291         292  0.10251315781699964        2.9651563345757474E-002  -1.1831110334550475E-003  0.98075559013170377        29765.556837160901        9.5746088155111213        9.0201092427578740       0.59148207642966311                0           0   158045.59892431262        5.8142920318824777E-005   6.2500000000000000E-002         994  0.24130863521737725                0
         303         304  0.77980953382043972       0.33783563817501155       -5.2382472905160467E-002  0.97671789874474535        28033.625192942258        18.742492285908785        5.9593293986013816       0.63493800810975665                0           0   167809.73653129677        1.1358394461059082E-004  0.25000000000000000             1006  0.23077730792117382                0
         311         312  0.16827131513595273       0.11782564957455051       -9.1314488263872420E-003  0.97485864189666582        15717.300866973132        8.0915100549741776        14.418873272196420       0.18246125870376786                0           0   299308.08714936365        4.8990345746074786E-005  0.25000000000000000             1014 -0.14199795171033380                0
         321         322  0.12252965187021556        4.0765808550071510E-002  -1.0952504619379879E-003  0.97557453106160041        63331.226025514967        16.995860241612995        16.494642252673703       0.47168325882650608                0           0   74281.133539866772        1.0293936416602254E-004  0.50000000000000000             1024  0.78542972458688043                0
         323         324  0.13577855073708561        2.1714876777924844E-002  -1.0672784058174505E-003  0.97737634574565457        30402.145619620234        10.295090097572151        11.893585824299489       0.59118130001315028                0           0   154736.29119810546        6.2411468000077191E-005  0.25000000000000000             1026  0.38851765245464459                0
         337         338  0.14234346256931027        4.8688670540606271E-002  -2.7220309402593351E-003  0.98436219341894415        24424.438780536861        9.4883723855236379        16.201710699258506       0.49728146258553801                0           0   192606.89262565569        5.7724153992768256E-005  0.50000000000000000             1040   1.5594725941565857                0
         357         358   7.9717634398698847E-002   3.5168480550120958E-002  -1.1543449013877967E-003  0.99034897964864510        29342.295402160125        9.0508997532508531        13.618101299746762       0.51074269474660394                0           0   160325.40035359471        5.5228836842580753E-005  0.25000000000000000             1060  0.89797021526010279                0
         363         364   8.0030474895858961E-002   2.5241398542184282E-002  -3.2505135387658957E-004  0.96900162088983910        125469.53716214608        23.159872534501439        9.8338040584122854       0.68312679474062921                0           0   37493.684634903126        1.3980643129274424E-004  0.25000000000000000             1066  0.47807337292144503                0
         371         372   9.0756420354949963E-002   8.9399293653254358E-002  -1.4941626717007766E-003  0.97790038526241019        78336.750524128642        20.236383406048532        7.9455667382669617       0.38678519428054209                0           0   60052.468683849453        1.2271064128272370E-004  0.25000000000000000             1074  0.20473571392385276                0
         383         384   9.3433970454860987E-002   6.5975786712685114E-002  -2.9999592269293533E-003  0.97176827062077331        19385.313257799193        7.6576121486429507        12.230174738698016       0.54075259833538680                0           0   242674.19334851863        4.6290742961604388E-005  0.25000000000000000             1086  0.51777558262408951                0
         395         396  0.10118924464727580        7.2387835402996439E-002  -4.0679476328368365E-003  0.98184110250843104        15239.121285685993        6.7103307468978812        7.1897881038877332       0.47319146733752160                0           0   308699.90266850201        4.0771591993552411E-005  0.25000000000000000             1098   5.8189094926558632E-002           0
         401         402  0.11008182267075275        8.1520559788653676E-002  -2.1754919003101718E-003  0.98946501741247106        50292.904508829961        15.372504553420699        9.3628835110308444       0.48330290638531803                0           0   93538.349069078395        9.3761781152373525E-005  0.25000000000000000             1104  0.16275866836091987                0
         219         220   5.9461379470541447        2.5291364086335988      -0.75299076982192070       0.98221912150944157        80559.862777643633        74.428097414589246        9.4156524999786413       0.26621326308107546                0           0   58395.273967004177        4.5230718866207646E-004  0.12500000000000000              922  0.17561195815838698                0
         159         160  0.52009082554844766       0.13749382338007102       -6.8562166579241961E-003  0.98252657550525302        109146.58921206869        38.868446659729038        4.8404249443060214       0.56624741162225367                0           0   43100.891119047374        2.3624417772278330E-004  0.12500000000000000              862  0.23500476338846055                0
           1           2   2.0244841138268650       0.61000484406818434       -7.0741485713423660E-002  0.98738152934187551        118081.33591071346        65.056817812538299        14.113643828015316       0.45586390928488452                0           0   39839.617509086311        3.9638661146352313E-004  0.12500000000000000              704  0.10277517403724364                0
         283         284  0.18094602805437388        8.1870494517192083E-002  -1.6064068193646895E-003  0.97697797871714775        143540.44546752289        34.366892541613126        5.2227705270670670       0.30835047454276265                0           0   32773.447527785116        2.0829891525217590E-004  0.12500000000000000              986  -4.3826522633499690E-002           0
         185         186  0.24628085064239766        6.9358336926096664E-002  -1.8551080494142963E-003  0.99057546901522908        130681.44545928008        34.314639623851313        9.9184529657287772       0.57468172071370105                0           0   35998.341165507023        2.0941269287605858E-004  0.12500000000000000              888  0.25172569836897524                0
         191         192  0.17819880543248182        5.0730547014061628E-002  -8.9966543292994278E-004  0.98450778698896024        174927.64032278312        37.446621017460309        15.631774508518667       0.61945293062263040                0           0   26892.921261409472        2.2782970840593575E-004  0.12500000000000000              894  0.50379154176629770                0
          71          72  0.16939743337267674        2.6319217633798585E-002  -4.7647967898261517E-004  0.96976219828091648        170003.73667627125        34.870225322542275        10.015495027298615       0.26262505190612107                0           0   27671.834452691655        1.5082883319385277E-004  0.12500000000000000              774 -0.14200510891274426                0
          53          54  0.10539273585624893        8.3691576402142989E-002  -9.4861616487088496E-004  0.98840746126056767        171334.30925667207        34.651436372167325        12.205903810434480       0.31884678616548873                0           0   27456.936547351612        2.1096666920612941E-004  0.12500000000000000              756 -0.16714636887237103                0
         245         246  0.10614450888457336        7.9534736728126665E-002  -8.8338078697462622E-004  0.97533507163214717        180155.36208468804        35.614411017835778        12.244057776134506       0.25003660107000369                0           0   26112.546433302068        2.1568078356416255E-004  0.12500000000000000              948  0.14732110413370259                0
         331         332  0.12214104311112879        9.8521910482032543E-002  -1.1537755047203683E-003  0.97154055198387024        188414.45473505274        38.868024797675822        13.740422983745153       0.30096028958968796                0           0   24967.910579153504        2.3493249830021899E-004  0.12500000000000000             1034   2.8602241510375846E-002           0
         203         204  0.10958957416913398        5.6611292613942377E-002  -6.2817234305771752E-004  0.98494187057407623        200051.97130642890        36.805509599966030        13.037039475679334       0.17808491738258153                0           0   23515.465640870621        1.6988547057778460E-004  0.12500000000000000              906 -0.19201778063366326                0
          21          22  0.17137201111473407        1.8580527211685235E-002  -2.8964617018065918E-004  0.97725619083110171        219756.57682243298        40.968444197440832        7.7893461630861411       0.25919467871972890                0           0   21406.937283364805        1.8343950172520064E-004  0.12500000000000000              724   9.9385926415602066E-002           0
         369         370  0.35577330781196675       0.28758888866695975       -6.5923629871082615E-003  0.96841922705639494        200307.85819162280        57.839387851881206        17.305341157713197       0.51077959928749661                0           0   23485.425385280789        3.4904883910831302E-004  0.12500000000000000             1072   1.6926927768242199                0
          77          78   9.3430964505624117E-002   2.0354482771848002E-002  -1.6334883162896549E-004  0.97425183352183942        309441.22681298596        43.386459025179242        13.670805037297059       0.51428335368088618                0           0   15202.613129787858        1.8457846561722538E-004  0.12500000000000000              780  0.92616745203277984                0
         315         316  0.30834333591613694       0.21242803698149326       -3.5544000840579989E-003  0.96932722246065328        288048.63087816222        68.675120176768687        9.9634892079874664       0.38428493618113213                0           0   16331.670257563481        4.1463143421502049E-004  0.12500000000000000             1018  0.23591649689074903                0
          89          90  0.20842321107894346       0.10223825271363279       -1.3435582502014560E-003  0.98702482580270168        297769.38109927031        59.104743533761280        7.0800702222724166       0.77887884621061010                0           0   15798.519109916271        3.6005640583131949E-004  0.12500000000000000              792  0.43096040738448355                0
         155         156  0.50373356431637750       0.18870347651975347       -4.6345267489272665E-003  0.98128177235206437        293320.33962033020        76.435433608783669        11.717857945852462       0.66094357736965126                0           0   16038.148816184937        4.6428632181207922E-004  0.12500000000000000              858  0.41804093326678993                0
         187         188  0.16652052450678573        4.4390738220572948E-002  -5.1200105471243477E-004  0.98740860044556455        313872.49940009229        53.803263366689940        6.7780078414373266       0.68102644711758276                0           0   14987.981637882163        1.5401396217716847E-004  0.12500000000000000              890  0.30560085751128879                0
         255         256   8.3811449474318997E-002   3.0344259974373743E-002  -1.9498774621546684E-004  0.99476358635673934        366335.73421504453        48.606227887337262        11.122882633748084       0.47820803676537016                0           0   12841.540746017587        1.7373772739312873E-004  0.12500000000000000              958  0.28503159883929946                0
          93          94   8.5361728603296438E-002   7.1347741082274679E-002  -4.1080252103106030E-004  0.97812880800934654        378910.90214675880        55.249666982163497        12.980264694542985       0.36482534302307884                0           0   12415.359998859836        1.7179347800011020E-004  0.12500000000000000              796  0.39350899170391257                0
          95          96  0.62290701776509083        9.1312241257938784E-002  -2.4694045304185785E-003  0.98229255286157424        343710.99813946971        85.837946977531971        10.415613047460988       0.50300534271486419                0           0   13686.833657082640        2.8147757711552001E-004   5.9649266163868707E-005         798  0.34239562761524539                0
          67          68  0.52597586808430075       0.46375414949012228       -9.5351984985231255E-003  0.98266064699714351        341740.68956755206        95.332992401100725        16.771711972223667       0.38258866190219837                0           0   13765.745201713413        5.7947742737167690E-004  0.12500000000000000              770  0.11795707951572984                0
         213         214   8.6717284611907239E-002   1.7710005955573944E-002  -1.1427078035879827E-004  0.98213695314694749        400632.33674856107        50.085097135765906        8.0788027729852434       0.37378814053524545                0           0   11742.225542311169        1.5552041722878169E-004  0.12500000000000000              916  0.17928583841589152                0
         313         314  0.11479116130453372        5.7685466757393881E-002  -3.9453446450446250E-004  0.99253727403468150        435049.79924732697        62.547398305763593        4.7728176281574672       0.37942333449794419                0           0   10813.279918261374        1.7042172232509015E-004  0.12500000000000000             1016   9.2990994523319534E-002           0
         365         366  0.29906545429998188       0.27572229150032296       -3.4223050706489746E-003  0.97703614846779008        409915.73603235272        89.792227251814452        13.450820362226034       0.28619761091363544                0           0   11476.298283102440        5.4424978456707430E-004  0.12500000000000000             1068 -0.23265612745014219                0
         201         202  0.41909726131645580       0.36316033186407948       -5.4401348907038797E-003  0.97784193266974673        439642.50440806977        104.26124217537117        13.475812649768374       0.39203380901342161                0           0   10700.319487940789        6.3220712582260643E-004  0.12500000000000000              904   4.7941152977580753E-002           0
         171         172  0.11855449161888632       0.10910379859810015       -6.3808363105355751E-004  0.99690688946593098        502629.43037454027        75.543937317710842        2.7959368489434864       0.23106466004022100                0           0   9359.4106778413025        1.6222029374787257E-004  0.12500000000000000              874  -8.1384616853813638E-002           0
         347         348  0.19457293008789711        9.8264029982305379E-002  -8.4213227326918961E-004  0.97623178622328566        525292.62380639045        84.608893442837001        5.6876557900300062       0.45078970705241700                0           0   8955.6088253366652        5.1262384884362530E-004   6.2500000000000000E-002        1050  0.17536289625908585                0
         343         344   9.9716206803828866E-002   3.9838043689421537E-002  -1.9541286924161294E-004  0.98547806040898511        644708.77578794607        75.758248904357316        17.318104341849228       0.68778116444847326                0           0   7296.8066114739531        4.6110969753691106E-004  0.12500000000000000             1046   1.8164744883560948                0
          55          56   8.3915877860446200E-002   1.7498204653530233E-002  -7.7740196882517218E-005  0.96898154446861051        677342.13462491788        70.390059717499767        13.579264079722938       0.14567154093011803                0           0   6945.2570823012566        1.8325936041652929E-004  0.12500000000000000              758 -0.19803488083805257                0
          99         100  0.11123848720615616        3.9011678252708890E-002  -1.9764343022701515E-004  0.98119635498491209        697449.45099556562        81.825121918085514        10.572157374944634       0.54327878868881463                0           0   6745.0268272914218        1.9609050585244134E-004  0.12500000000000000              802  0.14387819203788069                0
         391         392  0.13558686976987694        5.7578981684498085E-002  -2.5446740011902898E-004  0.98428057182237338        1015963.8259505472        114.33226250480101        12.516771999397532       0.38102703671472576                0           0   4630.3964151906221        1.9855493643177781E-004  0.12500000000000000             1094  0.14395853713076373                0
         385         386  0.12648191059682606        5.9749107023494945E-002  -2.5030111744847215E-004  0.99192399726360403        1010156.8010307509        112.51654391747591        13.997623999580810       0.28186762479243821                0           0   4657.0148840700185        1.9971473045980897E-004  0.12500000000000000             1088  -1.0629319380252213E-002           0
          41          42  0.11122608390456809        8.6847116325004775E-002  -3.0034655602715249E-004  0.97689552612968544        1076875.4069236529        119.85571002551679        3.6980466515274366       0.81664732075391144                0           0   4368.4861102769009        1.9934720720389158E-004  0.12500000000000000              744  0.51210958456453537                0
         345         346  0.55774375829353751       0.47607345656862060       -4.7923803546830179E-003  0.97923176074338625        1065819.0059203701        206.47940675782556        2.3311841576447132       0.23287722079347251                0           0   4413.8031237137029        1.2529054742208931E-003  0.12500000000000000             1048  -3.0855532136376242E-002           0
          73          74  0.94128231410560004       0.69908498357263338       -1.0547991353088345E-002  0.98595090542721642        1010924.7705775029        232.48741209934116        13.788199657977158       0.46003214352822192                0           0   4653.4770880699325        1.4155097427745917E-003  0.12500000000000000              776  0.32377421946600754                0
         285         286   8.9462339041284894E-002   4.2834040765278178E-002  -1.2838168338598593E-004  0.97556116315563901        1178106.6063545495        111.23605151706303        8.7244680480233949       0.64635098741625585                0           0   3993.1150816660524        1.4410236536712358E-004  0.12500000000000000              988  0.21735830851107918                0
         293         294  0.55382231722128972       0.12326253909399966       -1.3046202120956597E-003  0.97555013427591697        1208714.8768618368        195.00098063437505        13.128018213757102       0.45543947878171320                0           0   3891.9974823661364        1.1809822740092247E-003  0.12500000000000000              996  0.99342626845258697                0
         123         124  0.67985937278035102       0.12376754478802159       -1.4259437356367586E-003  0.97763450747397851        1328700.8239903566        219.90890269502705        10.095027642002544       0.52005938089193959                0           0   3540.5376234484115        1.3330674591925293E-003  0.12500000000000000              826  0.34951457988825907                0
           7           8  0.10772050310063933        1.1526931384030817E-002  -3.7943697728780554E-005  0.99082248886431246        1424470.1409572540        121.95279694780302        9.0009268234924882       0.42801338493714297                0           0   3302.5018372680170        1.6260639909577266E-004  0.12500000000000000              710  -2.5404461518713978E-002           0
         355         356  0.32294731613854971       0.22153041596011064       -1.4146791448691402E-003  0.98835597978780254        1280677.5733209376        188.46314208734015        7.0560789939108934       0.41112992397693465                0           0   3673.3018174480535        1.1488556879049804E-003  0.12500000000000000             1058   6.7007583595139031E-002           0
         117         118  0.40216802461087314       0.11268199431891886       -9.3948131643061938E-004  0.97690707695788359        1226845.1060164988        179.76007936485891        14.685903017882433       0.58722602929546974                0           0   3834.4818221751120        1.0894929361876689E-003  0.12500000000000000              820  0.95980916328831412                0
          85          86   8.0567479673496034E-002   7.0359839832317903E-002  -1.6540594186675728E-004  0.98642166572395873        1357017.8794508749        127.71821781941760        6.6238638152092957       0.29132560765473814                0           0   3466.6567986181526        1.9401392259058692E-004  0.12500000000000000              788  -7.2828307709436269E-002           0
          47          48   9.8900608463481726E-002   3.1153535981132970E-002  -9.0443949087021743E-005  0.96929450295796848        1448762.9164048610        126.95392421516813        16.162040159451852       0.82977830926314600                0           0   3247.1256714098058        1.9207619232510233E-004  0.12500000000000000              750  0.40692099042101426                0
         387         388  0.11696728908539532        8.3148869844046139E-002  -2.2937101853796508E-004  0.98803697959621894        1621815.6901694653        158.01618346508960        7.9607800285620867       0.43922821407965679                0           0   2900.6472721651885        7.2867092102784021E-004   2.8133104362441740E-004        1090  0.21380452479868986                0
         103         104   9.4240900685283069E-002   8.1646476448274677E-002  -1.9581474411928143E-004  0.97430932578693863        1543295.6101144454        146.43699954217337        6.3852483433952321       0.17069759879018986                0           0   3048.2269416265021        8.8618227905427590E-004  0.12500000000000000              806  -4.3123183710255905E-002           0
         215         216   9.9764396033006283E-002   5.7531129034738331E-002  -1.3467170227244636E-004  0.99202500142069505        1843377.2888768672        158.82594977762659        17.456451398172536       0.26859867476978389                0           0   2552.0089056272404        1.9606910170443681E-004  0.12500000000000000              918 -0.28013438323018447                0
          65          66   8.1196656538748205E-002   3.2700733033609646E-002  -6.2627861262289943E-005  0.98184767372588766        2149336.5504112290        157.99647215383459        10.235199882355744       0.55135080044365503                0           0   2188.7290088398181        1.9363885980735446E-004  0.12500000000000000              768  0.14627243615779909                0
          15          16  0.12041882448822794        4.7134796559794988E-002  -1.1370748620294229E-004  0.97825164521118502        2263928.7909641471        186.02285177799217        11.896480476081425       0.56412480511095697                0           0   2077.9431210119114        1.1281688166013199E-003  0.12500000000000000              718  0.22039616001350665                0
         243         244  0.10897784068549871        6.2870305948584129E-002  -1.2688985103554134E-004  0.99345305026723485        2514966.0648626112        201.22235189126619        11.591332140769376       0.34024240591480848                0           0   1870.5283237695505        1.2297376519750148E-003  0.12500000000000000              946   8.9950401512060518E-002           0
          37          38  0.10983277472157330        9.0349772612143470E-002  -1.6313461273031012E-004  0.98167519740275366        2786284.6185355540        226.68993556755197        15.882939617972905       0.58078344583921093                0           0   1688.3828831949368        1.3772225981147541E-003  0.12500000000000000              740  -8.3172729633373188E-002           0
         403         404  0.17519688796893346        3.8994197612049461E-002  -1.0593118113893220E-004  0.98390190271283362        2940508.0607031472        240.33769799295195        13.214216010314441       0.47124715495666630                0           0   1599.8307641162687        1.1696900666805679E-003   3.4137307232120909E-004        1106  0.13105827569673711                0
         127         128  0.41687934908818136       0.27898104023835063       -1.0601324713850049E-003  0.99434194081511351        3619474.9262651657        408.83142482301037        11.650069979693768       0.22436077397620680                0           0   1299.7231237899509        2.4997052625840904E-003  0.12500000000000000              830   2.8456967593237785E-002           0
         217         218   8.1228311512873880E-002   6.5270211912634449E-002  -8.4864059256294254E-005  0.97696892315676265        3390006.8490829859        232.81876606981328        15.329589690632634       0.78754153883885047                0           0   1387.7008121435813        1.4110585494170628E-003  0.12500000000000000              920  0.28231881533935443                0
         175         176   8.2952047495663137E-002   3.6571247402372269E-002  -5.1727610501232326E-005  0.99014061060974889        3413576.5827417178        218.55653811388032        15.182307964941691       0.56768695224882004                0           0   1378.1191497002681        1.2364918846589621E-003   9.3206968658096601E-004         878   3.9461288409164658E-002           0
         143         144  0.25022565110097550       0.15769561095085233       -3.9893226177458845E-004  0.97378367469115990        4047244.7606835263        368.61381757316616        8.1863754874093022       0.62469160553112912                0           0   1162.3500766111972        2.2305190603367172E-003  0.12500000000000000              846  0.20819461831880043                0
          61          62  0.16574606629006447        5.1105325148539382E-002  -1.0680914848388477E-004  0.98146224652464376        3985102.7316611102        295.54272204541036        9.1898403674044786       0.42741094794985218                0           0   1180.4752786595950        1.7952874583487142E-003  0.12500000000000000              764  0.31586061910179630                0
          29          30   9.2064989403419284E-002   3.8673592252436655E-002  -4.8326417632826574E-005  0.98790084533106615        4595724.3541263249        274.56410217347485        6.1484815332439808       0.78262294649064668                0           0   1023.6286807368981        1.6733196375634911E-003  0.12500000000000000              732  0.46437047997072267                0
         237         238  0.17519413512811899        4.8620481183886892E-002  -9.6133046925272949E-005  0.99516489023133436        4632593.2409340926        330.20636827131904        17.851602577078896       0.55203169407518815                0           0   1015.4820449326151        1.9984115928462558E-004  0.12500000000000000              940  0.71370055356410989                0
         147         148  0.31456825641218544       0.25964081492902225       -6.6243600918377415E-004  0.98456015427272825        4747337.3481747657        459.47645601886813        15.686004708841724       0.45637293863597250                0           0   990.93763780099937        1.9668248657376449E-004  0.12500000000000000              850  0.11999976538008555                0
         399         400  0.17014458503807270        6.6018282057290864E-002  -2.6982677615496459E-005  0.99084698957720918        45926080.398736596        1551.3744773793078        10.554795747521096       0.24426705219209574                0           0   102.43232639931919        8.5320553284115690E-003   5.3175173291203888E-005        1102 -0.15258493355532329                0
         281         282   8.0478030877779258E-002   1.6466831233086777E-002  -1.7957727186754078E-005  0.98262484440636777        5350086.9462757064        275.01434185821586        14.688512355516693       0.51332935237972288                0           0   879.29697309303037        1.6716162853136003E-003   5.8826693587181412E-004         984  0.44956238873427462                0
          45          46   8.6894120985331738E-002   8.6164685909330241E-002  -8.2040856412477007E-005  0.98387083180607882        5506893.1944410549        340.10174038637848        9.4983202586541289       0.60118716328453969                0           0   854.25939664011355        2.0685513436049150E-003  0.12500000000000000              748  0.51247287556767251                0
         161         162   9.3309048906446132E-002   9.2827486138433946E-002  -9.1370577015453323E-005  0.98808167932434221        5621398.7540532816        353.27533810811445        7.5726061728146847       0.51401146806736708                0           0   836.85848726755773        9.1900958655054461E-004   3.1764967464993995E-004         864  0.15831563120116740                0
         309         310  0.10545420084030525        5.3264404142991120E-002  -5.7855495593977865E-005  0.98363597107776712        6309425.5400360068        361.80592593708820        13.591218385537724       0.51720690703676486                0           0   745.60120058377254        2.2003001492994592E-003  0.12500000000000000             1012  -2.5558474041275897E-002           0
         189         190  0.11107991559331475        5.1209466390144058E-002  -5.9401457297079668E-005  0.98671314114777653        6112335.9088638304        356.86834591407722        18.318849346977814       0.13409751148932103                0           0   769.64278923590894        2.1736268209196817E-003  0.12500000000000000              892 -0.14489126455943305                0
         289         290  0.10428359770713377        2.3242149003040714E-002  -2.7029418633548120E-005  0.98098522100434105        6248181.8944810666        334.17573968598089        14.693186582606449       0.16609791856564776                0           0   752.90946023834863        1.6178394795195944E-003   5.0318603167135237E-004         992  -5.9152471171519269E-002           0
         115         116   9.5073144526220191E-002   4.6025486525321645E-002  -4.6726263478262970E-005  0.98361077625756288        6339435.9430684811        348.99124241529205        10.720933533836025       0.43901011209980423                0           0   742.07158174513086        2.1223306805025111E-003  0.12500000000000000              818  0.19391946544862787                0
         223         224  0.13901763968801717        6.0776114313866474E-002  -7.7059109361794206E-005  0.98944285282301214        6749110.8092916375        408.59983948951106        8.0445548661255621       0.40494917960422788                0           0   697.02741451040288        2.2587596380617210E-003   4.8495078820226111E-004         926  0.15612547992537038                0
         299         300   9.2079428251349071E-002   8.2023039557947389E-002  -6.9096435960359925E-005  0.98687549802846408        7196660.3192858240        407.34478656338871        17.343493573497231       0.13095659094231454                0           0   653.68032516943993        2.3978409384331992E-003   5.3360499886137504E-004        1002 -0.35701076349783611                0
         199         200  0.11230093762090229        4.7925291740752780E-002  -4.9845320530023470E-005  0.98557578802919299        7365259.5215128316        402.38621163417127        12.931330457315267       0.23073540628276121                0           0   638.71683596540686        2.4494184751019071E-003  0.12500000000000000              902  0.84824635097549528                0
         373         374  0.15845034820673778       0.15233439132851201       -1.7085717762103486E-004  0.97953556617661486        7914551.0239621727        526.47441126431784        6.9057714475569085       0.46166031305744770                0           0   594.38813944112962        3.1863334310119232E-003   2.2950593193222919E-004        1076  0.14089743324005083                0
          69          70  0.10464422723177559       0.10349050793134676       -8.6377732787562200E-005  0.98042651398566583        8085705.8082159301        467.23280664956275        12.315762189026357       0.18479894590891205                0           0   581.80638391081243        2.8368343572848856E-003  0.12500000000000000              772 -0.15158002769412754                0
         267         268  0.11152016154947933        1.9237634443879208E-002  -2.0549705837657822E-005  0.97570992284666158        7751479.5463223523        389.06197262039842        4.8655589690544012       0.52387314701916743                0           0   606.89255896659108        2.3507932497292250E-003   6.0253340989165711E-004         970  0.14369351660632479                0
         183         184  0.10185732075756881        5.4219839429199369E-002  -4.3501483383623889E-005  0.97494109149755348        9514131.8321268633        473.11394063967754        16.708349178496917       0.32252106655469542                0           0   494.45554682766289        2.2865233513237469E-003   6.9255119108735014E-005         886   1.2634439824116819                0
         265         266   8.4095384718170976E-002   3.6296916915751078E-002  -2.5177860075793242E-005  0.98208316553312835        10108913.843748959        451.79603943501058        6.4109558423488435       0.44513219984560659                0           0   465.36307761231598        1.3631040517401091E-003   2.4146790174382613E-004         968  0.24462563071967791                0
         367         368  0.20322917187314732       0.17631903439505672       -1.9839662775255178E-004  0.98271878103738342        10352904.252044607        673.08559535787697        16.752258845242910       0.56836878514087552                0           0   454.39570801745828        4.0664819275864367E-003   2.3723872831407259E-004        1070   1.6098611511043015                0
         305         306   8.5255713978393793E-002   1.6586699482616780E-002  -1.1931200371230782E-005  0.97557216214542408        10624387.113807641        441.69112072417624        14.161820420288629       0.31815701946215996                0           0   442.78462439785847        2.6751951435917505E-003  0.12500000000000000             1008  0.11500622687136011                0
         325         326  0.14296285691723640        1.8018411898666035E-002  -1.7591034512000332E-005  0.98525910189351285        11605238.715074902        545.71725305743564        6.1633967682446356       0.33375903089051601                0           0   405.36135215676182        1.9976652747874619E-004   6.2500000000000000E-002        1028   2.7122554383559139E-002           0
         119         120  0.12744757891135747        8.2887871857059842E-002  -6.3848789170769046E-005  0.98269985033698937        12193204.574003790        616.57973866081329        6.3699996312108773       0.28276109118643639                0           0   385.81451078697370        3.7479255214838184E-003  0.12500000000000000              822   2.5384439978645382E-002           0
         133         134  0.13034205300579016        4.8697333779162973E-002  -3.8327461639600943E-005  0.98106056207443382        13234711.023707438        617.16177513644038        9.6088134372428691       0.38828380427540171                0           0   355.45281262415835        3.3007300585881603E-003   3.1075851432285526E-004         836  0.23847607409189636                0
          17          18   8.8310858010865509E-002   3.6165089814597706E-002  -2.2321003472730643E-005  0.98140412768925933        12747100.610456508        533.22349031307033        10.054903008863121       0.38114383838785737                0           0   369.04982563531280        3.2391129273980847E-003  0.12500000000000000              720  -4.7429262678706979E-002           0
         275         276  0.13196141201412448        6.9014568623332620E-002  -4.7734155021689659E-005  0.97882237508504122        15446670.739418065        711.01347023124197        12.184812963175091       0.41312505625146578                0           0   304.55205118342496        4.2983823156617119E-003   3.3137191671729345E-004         978  0.41942593990726368                0
         221         222  0.10685030920939192        6.9974509155263417E-002  -3.1626310658305963E-005  0.98392338722371020        22714243.936022520        881.02137958362391        11.493494897135124       0.17674195297691403                0           0   207.10859982375152        2.9335649067851041E-003   3.6767357380451555E-005         924 -0.23084698197676207                0
         157         158  0.17882018552997023        8.7937108552675433E-002  -4.2075735752093297E-005  0.98508960046559557        36757552.194495313        1392.7601745073782        7.4041068871615670       0.37415650654346089                0           0   127.98227783919913        7.0463773763626480E-003   9.2264975283350725E-005         860   2.5632010645885460E-002           0
         145         146  0.11284151051838727        7.1741434973604884E-002  -2.4259735971708309E-005  0.99376887612197817        37282305.699309677        1243.5756691097597        13.077570007804756       0.40687230966604992                0           0   126.18090993583236        5.9863893572218345E-003   1.0302336737801254E-004         848  0.16530287564078938                0
         405         406   8.7236661288412828E-002   5.5735761705262711E-002  -1.4072221967470869E-005  0.99445723827568944        44632225.209592752        1287.6256989414619        15.068574379332279       0.59185544781711097                0           0   105.40176376045149        7.8196761962563317E-003   1.3416136455296086E-004        1108   1.3784222043468501                0
          51          52  0.11606384615255892        9.5064690585184505E-002  -1.2275456093138788E-004  0.98222098334339814        4873192.8661204362        334.96381639957451        2.3312808440363342       0.44230631760720307                0           0   965.34559310185557        2.0106601906323264E-003   4.4410820267709258E-004         754   4.8524401515892102E-002           0
