 121 754   1   452 104   0      0.8   0.46   4.88  5.795     0.0  -0.2385   0.0000
  -1.209956   0.000000   0.288313   0.062472  -0.571267   0.053723   0.000000   0.000000   0.000000   0.000000
   0.00000   0.00000   0.15218   0.03457   0.00000  -1.20996   0.00000   0.00000  -0.92164   0.77512   0.20997   0.00000   0.00000
 NAME(I1)    NAME(I2)    M1[M*]                    M2[M*]                    EB[NB]                    ECC                       P[Days]                   SEMI[AU]                  RI[PC]                    VI[km/s]                  K*(I1)      K*(I2)      ZN[NB]                    RP[NB]                    STEP(I1)[NB]              NAME(ICM)                 ECM[NB]                   K*(ICM)      
           3           4   8.7970317491499028E-002   4.9196061553816367E-002  -9.2897646351125171E-004  0.98018963898304645        71340.815372945974        17.361255191394889        7.4797524651727789       0.18461873127497275                0           0   65941.428242054317        1.0539810829294615E-004  0.50000000000000000              706  0.11009511773469738                0
          57          58   8.8793517676333700E-002   7.4789808565780366E-002  -1.3944536633748324E-003  0.99288618157622466        67519.482439442989        17.747571380570307        13.413187344455647       0.65857248461064333                0           0   69673.449613065080        1.0843421479498632E-004  0.50000000000000000              760   1.1518663657617898                0
          59          60  0.52934127945164156       0.11516011942956719       -3.1001072744619322E-002  0.99635260950274573        9025.0375450904266        7.3279160146024838        16.830035291744334       0.83275895322707461                0           0   521251.59969045070        4.4850020571511419E-005  0.50000000000000000              762   1.4518360896748712                0
          63          64  0.11284127030153632        5.3401276685359052E-002  -1.4468849236327175E-003  0.97984293960292113        54774.265105649982        15.520472950299069        12.080936158528948       0.38753029121262889                0           0   85885.502043175962        9.4206442072616631E-005  0.50000000000000000              766  0.23326038475523209                0
          83          84  0.10272953417562042        4.1373672231505683E-002  -1.2819188696754095E-003  0.97370419826673227        41789.837138321200        12.356008093958177        13.928250446168663       0.36597102534659959                0           0   112570.79662870750        7.4766174595093939E-005  0.50000000000000000              786  0.23216158985159432                0
          87          88  0.10306885414503236        3.0345968261083246E-002  -4.1821248241819420E-003  0.98428134930470224        4652.7998571211401        2.7870887101701558        15.223319053257230       0.31201889277098982                0           0   1011071.9141389197        1.6955045282497800E-005  0.50000000000000000              790   8.7728850409048958E-002           0
         105         106  0.12790761581087476        8.1406408734692293E-002  -3.3640542461646258E-002  0.96974758674909145        989.02684361157492        1.1534833915785283        18.632726418971519       0.31769153673881123                0           0   4756509.1767037120        6.9657331703446991E-006  0.50000000000000000              808  0.11607059220920614                0
         131         132   8.4797441590329786E-002   6.4637458177469395E-002  -7.7121942017657882E-004  0.98912831439601701        128788.41655396212        26.485513546867381        8.0824868436538360       0.44433028173451972                0           0   36527.471829531067        1.6151620773559698E-004   6.2500000000000000E-002         834  0.12151325467250948                0
         137         138  0.13717930409073115       0.13193897190263901       -4.0334545728335997E-003  0.97817964388784162        48147.574536657077        16.722602131164937        11.679070762714490       0.20902648643004121                0           0   97706.173216745112        1.0141787278782275E-004  0.50000000000000000              840  0.66873903420241909                0
         167         168  0.11739175763496201        6.6852661947444644E-002  -1.3371095085191684E-003  0.97921691183512483        87047.450602289726        21.873015901955345        12.758220283010834       0.67923647202154713                0           0   54043.113555826756        1.3272323952673876E-004  0.50000000000000000              870  0.41892358547625702                0
         177         178  0.17518944591650459       0.15841447355487015       -4.8844045916293037E-002  0.97081544669269548        1948.4551180766894        2.1174370246531056        3.7751978014147061       0.80641674274982478                0           0   2414382.1502485364        1.2793853451865820E-005  0.50000000000000000              880  0.50985262837437506                0
         181         182  0.16494482085752635        4.8117280213717237E-002  -2.2342341753636167E-003  0.98308070947828008        38113.841390388654        13.238244572811659        5.3468331104173314       0.30987015682244407                0           0   123428.00111539195        8.0485139620415977E-005  0.50000000000000000              884   4.9168407454464325E-002           0
         193         194  0.13607741833753259        1.4509867592654014E-002  -3.3139095177587647E-004  0.98026160729439438        98477.807758994706        22.203845682541278        15.673517858751540       0.72886626077458161                0           0   47770.308506030713        1.3480179630591914E-004  0.50000000000000000              896   1.1883592777340075                0
         195         196  0.23980714281985319       0.16746154432118399       -1.7866781603804005E-002  0.96643523058497638        13874.745800257982        8.3762612435180923        10.976780811951494       0.99130229573716178                0           0   339055.96004197007        5.0498069052990366E-005  0.50000000000000000              898  0.75051345479004905                0
         207         208   9.9440827635248155E-002   5.0100703362626467E-002  -8.7683211256005204E-003  0.98112175417415370        2910.2243960466299        2.1174416066239212        4.0522412410771365       0.73259334105651286                0           0   1616478.5313583727        1.2860786271453537E-005  0.50000000000000000              910  0.45651526191274783                0
         225         226  0.11258739991983015        4.7810171057872303E-002  -9.4939383745014589E-004  0.98185672257896206        88575.957032427817        21.129198100363176        15.833108811491590       0.65180923098835697                0           0   53110.521356517827        1.2838083044770557E-004  0.50000000000000000              928   1.1134475672543942                0
         235         236   9.9158490776633662E-002   3.5661683213779022E-002  -5.1301121046354124E-003  0.96614283730650707        4095.4263718306088        2.5687641194955386        6.7829239488458839       0.30544256150956844                0           0   1148675.3345151674        1.5484037106406675E-005  0.50000000000000000              938  0.12396656530114777                0
         239         240   8.3253089810449737E-002   5.9845060969569666E-002  -7.4110620056441019E-004  0.97866503909393976        121080.59857328323        25.053451414275163        15.569289449589288       0.48139671528468964                0           0   38852.758518512826        1.5197941044801133E-004  0.50000000000000000              942  0.14811217720760139                0
         247         248  0.12867704596478571        5.6124925773135610E-002  -4.8755267774440045E-002  0.97148621675522984        348.47281385192167       0.55201979559906922        19.222305191195566       0.60325775818344474                0           0   13499805.639483234        3.3365167437779866E-006  0.50000000000000000              950  0.54687249156912920                0
         249         250   8.3325272192247987E-002   6.4931060179189190E-002  -5.9417119074347373E-003  0.97581540753508467        5929.7866670524481        3.3934150410168407        16.652825606464397       0.47273090938640161                0           0   793336.34104971308        2.0555510157367267E-005  0.50000000000000000              952   1.3358565118475934                0
         271         272  0.13618545113931463       0.10282415591629936       -1.7643068358636144E-003  0.98806680624688603        120181.93023047518        29.578155387187675        6.5314746643137029       0.49397251629445771                0           0   39143.282593508091        1.8027976026539725E-004  0.50000000000000000              974   8.5857537589296720E-002           0
         287         288   8.8414603939471620E-002   4.2704642040310346E-002  -5.8515194294090581E-004  0.98093659039144399        118941.02246670357        24.046383900145148        2.9172600204321788       0.61275901539032362                0           0   39551.663169548527        1.4603779329379048E-004  0.50000000000000000              990  0.21286281410544608                0
         291         292  0.10251315781699964        2.9651563345757474E-002  -1.1831110334550475E-003  0.98075559013170377        29765.556837160901        9.5746088155111213        9.5197335729662758       0.59256546126123355                0           0   158045.59892431262        5.8142920318824777E-005   6.2500000000000000E-002         994  0.24135706057090481                0
         303         304  0.77980953382043972       0.33783563817501155       -5.2382472905160467E-002  0.97671789874474535        28033.625192942258        18.742492285908785        5.9174934835409623       0.63395573864882449                0           0   167809.73653129677        1.1358394461059082E-004  0.50000000000000000             1006  0.22973113413628674                0
         311         312  0.16827131513595273       0.11782564957455051       -9.1314488263872420E-003  0.97485864189666582        15717.300866973132        8.0915100549741776        14.454978851516291       0.17215119897596004                0           0   299308.08714936365        4.8990345746074786E-005  0.50000000000000000             1014 -0.14267862844138951                0
         321         322  0.12252965187021556        4.0765808550071510E-002  -1.0952504619379879E-003  0.97557453106160041        63331.226025514967        16.995860241612995        16.813389396703659       0.43153972983520256                0           0   74281.133539866772        1.0293936416602254E-004  0.50000000000000000             1024  0.78460067691967694                0
         323         324  0.13577855073708561        2.1714876777924844E-002  -1.0672784058174505E-003  0.97737634574565457        30402.145619620234        10.295090097572151        12.199663467405065       0.61669658145176265                0           0   154736.29119810546        6.2411468000077191E-005  0.50000000000000000             1026  0.38849063399112616                0
         337         338  0.14234346256931027        4.8688670540606271E-002  -2.7220309402593351E-003  0.98436219341894415        24424.438780536861        9.4883723855236379        16.378216315553974       0.43235971745741264                0           0   192606.89262565569        5.7724153992768256E-005  0.50000000000000000             1040   1.5593131253711801                0
         357         358   7.9717634398698847E-002   3.5168480550120958E-002  -1.1543449013877967E-003  0.99034897964864510        29342.295402160125        9.0508997532508531        13.565201634366810       0.51400914201221970                0           0   160325.40035359471        5.5228836842580753E-005  0.50000000000000000             1060  0.89402719607186931                0
         363         364   8.0030474895858961E-002   2.5241398542184282E-002  -3.2505135387658957E-004  0.96900162088983910        125469.53716214608        23.159872534501439        10.092074852860989       0.68647451133322224                0           0   37493.684634903126        1.3980643129274424E-004  0.50000000000000000             1066  0.47942642875780245                0
         371         372   9.0756420354949963E-002   8.9399293653254358E-002  -1.4941626717007766E-003  0.97790038526241019        78336.750524128642        20.236383406048532        7.8540792371517636       0.41376368441505729                0           0   60052.468683849453        1.2271064128272370E-004  0.50000000000000000             1074  0.20617841293698683                0
         383         384   9.3433970454860987E-002   6.5975786712685114E-002  -2.9999592269293533E-003  0.97176827062077331        19385.313257799193        7.6576121486429507        12.865361561319952       0.49882119337488390                0           0   242674.19334851863        4.6290742961604388E-005  0.50000000000000000             1086  0.51453709948736370                0
         395         396  0.10118924464727580        7.2387835402996439E-002  -4.0679476328368365E-003  0.98184110250843104        15239.121285685993        6.7103307468978812        7.7108402473330644       0.47392947682378173                0           0   308699.90266850201        4.0771591993552411E-005  0.50000000000000000             1098   5.7616354103310383E-002           0
         401         402  0.11008182267075275        8.1520559788653676E-002  -2.1754919003101718E-003  0.98946501741247106        50292.904508829961        15.372504553420699        9.5964385523539892       0.45600574518498960                0           0   93538.349069078395        9.3761781152373525E-005  0.50000000000000000             1104  0.16398565286116445                0
         219         220   5.9461379470541447        2.5291364086335988      -0.75299076982192070       0.98221912150944157        80559.862777643633        74.428097414589246        9.4313950194707843       0.23273676163885076                0           0   58395.273967004177        4.5230718866207646E-004  0.50000000000000000              922  0.17285500350381358                0
         159         160  0.52009082554844766       0.13749382338007102       -6.8562166579241961E-003  0.98252657550525302        109146.58921206869        38.868446659729038        4.8978048804855083       0.57006923088676731                0           0   43100.891119047374        2.3624417772278330E-004  0.50000000000000000              862  0.21638742013773699                0
           1           2   2.0244841138268650       0.61000484406818434       -7.0741485713423660E-002  0.98738152934187551        118081.33591071346        65.056817812538299        13.895745755385921       0.47018245192245378                0           0   39839.617509086311        3.9638661146352313E-004  0.50000000000000000              704  0.10254455121714019                0
         283         284  0.18094602805437388        8.1870494517192083E-002  -1.6064068193646895E-003  0.97697797871714775        143540.44546752289        34.366892541613126        5.2353483031850967       0.29709534810854221                0           0   32773.447527785116        2.0829891525217590E-004  0.50000000000000000              986  -4.4816238806427294E-002           0
         185         186  0.24628085064239766        6.9358336926096664E-002  -1.8551080494142963E-003  0.99057546901522908        130681.44545928008        34.314639623851313        10.623831708596386       0.55495601355151525                0           0   35998.341165507023        2.0941269287605858E-004  0.50000000000000000              888  0.25125785778903165                0
         191         192  0.17819880543248182        5.0730547014061628E-002  -8.9966543292994278E-004  0.98450778698896024        174927.64032278312        37.446621017460309        16.055262252449079       0.61939855878501815                0           0   26892.921261409472        2.2782970840593575E-004  0.50000000000000000              894  0.50375342291193492                0
          71          72  0.16939743337267674        2.6319217633798585E-002  -4.7647967898261517E-004  0.96976219828091648        170003.73667627125        34.870225322542275        10.056087797129596       0.27017162403669720                0           0   27671.834452691655        1.5082883319385277E-004  0.50000000000000000              774 -0.14233719607600270                0
          53          54  0.10539273585624893        8.3691576402142989E-002  -9.4861616487088496E-004  0.98840746126056767        171334.30925667207        34.651436372167325        12.383596436993450       0.28883206394964511                0           0   27456.936547351612        2.1096666920612941E-004  0.50000000000000000              756 -0.17524012719491494                0
         245         246  0.10614450888457336        7.9534736728126665E-002  -8.8338078697462622E-004  0.97533507163214717        180155.36208468804        35.614411017835778        12.496963644680598       0.20251099772805500                0           0   26112.546433302068        2.1568078356416255E-004  0.50000000000000000              948  0.14743945281039056                0
         331         332  0.12214104311112879        9.8521910482032543E-002  -1.1537755047203683E-003  0.97154055198387024        188414.45473505274        38.868024797675822        13.384194607209263       0.29588392616228076                0           0   24967.910579153504        2.3493249830021899E-004  0.50000000000000000             1034   2.9499110659843855E-002           0
         203         204  0.10958957416913398        5.6611292613942377E-002  -6.2817234305771752E-004  0.98494187057407623        200051.97130642890        36.805509599966030        13.039840915349354       0.15923280161487666                0           0   23515.465640870621        1.6988547057778460E-004  0.50000000000000000              906 -0.19268003623137930                0
          21          22  0.17137201111473407        1.8580527211685235E-002  -2.8964617018065918E-004  0.97725619083110171        219756.57682243298        40.968444197440832        7.7347651132606181       0.24125313310159532                0           0   21406.937283364805        1.8343950172520064E-004  0.50000000000000000              724   9.6030946267765288E-002           0
         369         370  0.35577330781196675       0.28758888866695975       -6.5923629871082615E-003  0.96841922705639494        200307.85819162280        57.839387851881206        17.414708018421255       0.43333868858893099                0           0   23485.425385280789        3.4904883910831302E-004  0.50000000000000000             1072   1.6796542661936238                0
          77          78   9.3430964505624117E-002   2.0354482771848002E-002  -1.6334883162896549E-004  0.97425183352183942        309441.22681298596        43.386459025179242        13.717642105356926       0.52210168501602650                0           0   15202.613129787858        1.8457846561722538E-004  0.50000000000000000              780  0.92310361297787957                0
         315         316  0.30834333591613694       0.21242803698149326       -3.5544000840579989E-003  0.96932722246065328        288048.63087816222        68.675120176768687        10.265015849764538       0.36243375221580559                0           0   16331.670257563481        4.1463143421502049E-004   3.1250000000000000E-002        1018  0.22000252869625689                0
          89          90  0.20842321107894346       0.10223825271363279       -1.3435582502014560E-003  0.98702482580270168        297769.38109927031        59.104743533761280        7.8919474944595391       0.77186484493507102                0           0   15798.519109916271        3.6005640583131949E-004  0.50000000000000000              792  0.42824420085857129                0
         155         156  0.50373356431637750       0.18870347651975347       -4.6345267489272665E-003  0.98128177235206437        293320.33962033020        76.435433608783669        11.070858575000500       0.69069222302436462                0           0   16038.148816184937        4.6428632181207922E-004  0.50000000000000000              858  0.41940983948342281                0
         187         188  0.16652052450678573        4.4390738220572948E-002  -5.1200105471243477E-004  0.98740860044556455        313872.49940009229        53.803263366689940        7.5108031970028000       0.67862321044686413                0           0   14987.981637882163        1.5401396217716847E-004  0.50000000000000000              890  0.31142048220599844                0
         255         256   8.3811449474318997E-002   3.0344259974373743E-002  -1.9498774621546684E-004  0.99476358635673934        366335.73421504453        48.606227887337262        11.511102522823313       0.46380328087515948                0           0   12841.540746017587        1.7373772739312873E-004  0.50000000000000000              958  0.28230088110316531                0
          93          94   8.5361728603296438E-002   7.1347741082274679E-002  -4.1080252103106030E-004  0.97812880800934654        378910.90214675880        55.249666982163497        13.085696243659356       0.40248213361616109                0           0   12415.359998859836        1.7179347800011020E-004  0.50000000000000000              796  0.39437686392831095                0
          95         546  0.62290701776509083       0.52092362269304604       -3.7742810705710750E-003  0.93635298294664782        1958542.1436382765        320.39252344198320        10.632801199543277       0.50442509684422010                0           0   2401.9474244786047        1.8957599693797879E-003   1.2808424541640908E-003         798  0.36825376402963456                0
          67          68  0.52597586808430075       0.46375414949012228       -9.5351984985231255E-003  0.98266064699714351        341740.68956755206        95.332992401100725        16.851410373981047       0.41473790931413834                0           0   13765.745201713413        5.7947742737167690E-004  0.50000000000000000              770  0.11793067572387469                0
         213         214   8.6717284611907239E-002   1.7710005955573944E-002  -1.1427078035879827E-004  0.98213695314694749        400632.33674856107        50.085097135765906        8.0770935457026063       0.35150397200201228                0           0   11742.225542311169        1.5552041722878169E-004  0.50000000000000000              916  0.17847490599827745                0
         313         314  0.11479116130453372        5.7685466757393881E-002  -3.9453446450446250E-004  0.99253727403468150        435049.79924732697        62.547398305763593        4.8031840250008830       0.39871265985133969                0           0   10813.279918261374        1.7042172232509015E-004  0.50000000000000000             1016   9.1083513336997671E-002           0
         365         366  0.29906545429998188       0.27572229150032296       -3.4223050706489746E-003  0.97703614846779008        409915.73603235272        89.792227251814452        13.627996765429858       0.29703392901650399                0           0   11476.298283102440        5.4424978456707430E-004  0.50000000000000000             1068 -0.23171802793396357                0
         201         202  0.41909726131645580       0.36316033186407948       -5.4401348907038797E-003  0.97784193266974673        439642.50440806977        104.26124217537117        13.005163317643216       0.39107875214489873                0           0   10700.319487940789        6.3220712582260643E-004  0.50000000000000000              904   4.8699057067371383E-002           0
         171         172  0.11855449161888632       0.10910379859810015       -6.3808363105355751E-004  0.99690688946593098        502629.43037454027        75.543937317710842        3.1309078886596962       0.22930193336575050                0           0   9359.4106778413025        1.6222029374787257E-004  0.25000000000000000              874  -8.3135770378850588E-002           0
         347         348  0.19457293008789711        9.8264029982305379E-002  -8.4213227326918961E-004  0.97623178622328566        525292.62380639045        84.608893442837001        5.9616493585124379       0.41833639060467759                0           0   8955.6088253366652        5.1262384884362530E-004   6.2500000000000000E-002        1050  0.17593452579075675                0
         343         344   9.9716206803828866E-002   3.9838043689421537E-002  -1.9541286924161294E-004  0.98547806040898511        644708.77578794607        75.758248904357316        17.546776784811172       0.61506966732029622                0           0   7296.8066114739531        4.6110969753691106E-004  0.50000000000000000             1046   1.8251588642564747                0
          55          56   8.3915877860446200E-002   1.7498204653530233E-002  -7.7740196882517218E-005  0.96898154446861051        677342.13462491788        70.390059717499767        13.544077221668886       0.15508071480446123                0           0   6945.2570823012566        1.8325936041652929E-004  0.50000000000000000              758 -0.19780105433350265                0
          99         100  0.11123848720615616        3.9011678252708890E-002  -1.9764343022701515E-004  0.98119635498491209        697449.45099556562        81.825121918085514        10.378650264788623       0.54305147081463068                0           0   6745.0268272914218        1.9609050585244134E-004  0.50000000000000000              802  0.14078692802199819                0
         391         392  0.13558686976987694        5.7578981684498085E-002  -2.5446740011902898E-004  0.98428057182237338        1015963.8259505472        114.33226250480101        12.933220385312136       0.35211755519815574                0           0   4630.3964151906221        1.9855493643177781E-004  0.50000000000000000             1094  0.14430039456397120                0
         385         386  0.12648191059682606        5.9749107023494945E-002  -2.5030111744847215E-004  0.99192399726360403        1010156.8010307509        112.51654391747591        14.254848640848806       0.28173784726563866                0           0   4657.0148840700185        1.9971473045980897E-004  0.50000000000000000             1088  -1.1012786876865226E-002           0
          41          42  0.11122608390456809        8.6847116325004775E-002  -3.0034655602715249E-004  0.97689552612968544        1076875.4069236529        119.85571002551679        3.3480159032638803       0.81645438407913840                0           0   4368.4861102769009        1.9934720720389158E-004  0.50000000000000000              744  0.51139120429956442                0
         345         346  0.55774375829353751       0.47607345656862060       -4.7923803546830179E-003  0.97923176074338625        1065819.0059203701        206.47940675782556        2.1982165526860964       0.24337633610432449                0           0   4413.8031237137029        1.2529054742208931E-003  0.50000000000000000             1048  -3.1663198014782297E-002           0
          73          74  0.94128231410560004       0.69908498357263338       -1.0547991353088345E-002  0.98595090542721642        1010924.7705775029        232.48741209934116        13.207226996719799       0.48841258131109372                0           0   4653.4770880699325        1.4155097427745917E-003  0.50000000000000000              776  0.32407992983508904                0
         285         286   8.9462339041284894E-002   4.2834040765278178E-002  -1.2838168338598593E-004  0.97556116315563901        1178106.6063545495        111.23605151706303        8.5236271832751154       0.65514639604361435                0           0   3993.1150816660524        1.4410236536712358E-004  0.25000000000000000              988  0.21665397440426748                0
         293         294  0.55382231722128972       0.12326253909399966       -1.3046202120956597E-003  0.97555013427591697        1208714.8768618368        195.00098063437505        13.201283849998445       0.47530686423424640                0           0   3891.9974823661364        1.1809822740092247E-003  0.50000000000000000              996  0.99429063901806503                0
         123         124  0.67985937278035102       0.12376754478802159       -1.4259437356367586E-003  0.97763450747397851        1328700.8239903566        219.90890269502705        10.171663648350151       0.54042261003817371                0           0   3540.5376234484115        1.3330674591925293E-003  0.25000000000000000              826  0.34983114075765143                0
           7           8  0.10772050310063933        1.1526931384030817E-002  -3.7943697728780554E-005  0.99082248886431246        1424470.1409572540        121.95279694780302        9.3359853012217346       0.43773095465569534                0           0   3302.5018372680170        1.6260639909577266E-004  0.25000000000000000              710  -2.5115838614288205E-002           0
         355         356  0.32294731613854971       0.22153041596011064       -1.4146791448691402E-003  0.98835597978780254        1280677.5733209376        188.46314208734015        6.5759100202055878       0.41725893186523838                0           0   3673.3018174480535        1.1488556879049804E-003  0.50000000000000000             1058   6.7340093794206191E-002           0
         117         118  0.40216802461087314       0.11268199431891886       -9.3948131643061938E-004  0.97690707695788359        1226845.1060164988        179.76007936485891        15.326657263023900       0.50459555457367222                0           0   3834.4818221751120        1.0894929361876689E-003  0.50000000000000000              820  0.95825648888172166                0
          85          86   8.0567479673496034E-002   7.0359839832317903E-002  -1.6540594186675728E-004  0.98642166572395873        1357017.8794508749        127.71821781941760        6.9154261880943100       0.30507087195917898                0           0   3466.6567986181526        1.9401392259058692E-004  0.25000000000000000              788  -7.2527518717647482E-002           0
          47          48   9.8900608463481726E-002   3.1153535981132970E-002  -9.0443949087021743E-005  0.96929450295796848        1448762.9164048610        126.95392421516813        15.578140693860137       0.80623518969659547                0           0   3247.1256714098058        1.9207619232510233E-004  0.50000000000000000              750  0.40654085418640873                0
         387         388  0.11696728908539532        8.3148869844046139E-002  -2.2941476320800203E-004  0.98747071033723377        1621351.8420119686        157.98605303359722        7.6734056125929007       0.30711735328320972                0           0   2901.4771104876791        9.2823751204862512E-004   1.4434579130487470E-005        1090 -0.21681392535266869                0
         103         104   9.4240900685283069E-002   8.1646476448274677E-002  -1.9581474411928143E-004  0.97430932578693863        1543295.6101144454        146.43699954217337        6.5689985083034390       0.15600564963808392                0           0   3048.2269416265021        8.8618227905427590E-004  0.25000000000000000              806  -4.3362528358347349E-002           0
         215         216   9.9764396033006283E-002   5.7531129034738331E-002  -1.3467170227244636E-004  0.99202500142069505        1843377.2888768672        158.82594977762659        17.706817577892430       0.29248716454279250                0           0   2552.0089056272404        1.9606910170443681E-004  0.50000000000000000              918 -0.28046158776549235                0
          65          66   8.1196656538748205E-002   3.2700733033609646E-002  -6.2627861262289943E-005  0.98184767372588766        2149336.5504112290        157.99647215383459        10.572128870050825       0.55817072014255709                0           0   2188.7290088398181        1.9363885980735446E-004  0.50000000000000000              768  0.14569039313065196                0
          15          16  0.12041882448822794        4.7134796559794988E-002  -1.1370748620294229E-004  0.97825164521118502        2263928.7909641471        186.02285177799217        12.499642254338131       0.58271740214554102                0           0   2077.9431210119114        1.1281688166013199E-003  0.25000000000000000              718  0.22020553557263206                0
         243         244  0.10897784068549871        6.2870305948584129E-002  -1.2688985103554134E-004  0.99345305026723485        2514966.0648626112        201.22235189126619        11.897645360460611       0.35273131819738668                0           0   1870.5283237695505        1.2297376519750148E-003  0.50000000000000000              946   8.9420181663977860E-002           0
          37          38  0.10983277472157330        9.0349772612143470E-002  -1.6313461273031012E-004  0.98167519740275366        2786284.6185355540        226.68993556755197        16.130720733161176       0.58616249692998623                0           0   1688.3828831949368        1.3772225981147541E-003  0.50000000000000000              740  -8.2744713041647211E-002           0
         403         404  0.17519688796893346        3.8994197612049461E-002  -1.0593098413268885E-004  0.98389425424180144        2940516.2636673786        240.33814496347151        13.534965731173122       0.45829567402797722                0           0   1599.8263011739286        1.8291562873848193E-004   2.4102033998777867E-004        1106  0.12895582947096756                0
         127         128  0.41687934908818136       0.27898104023835063       -1.0601324713850049E-003  0.99434194081511351        3619474.9262651657        408.83142482301037        11.706187093594643       0.25471630522114730                0           0   1299.7231237899509        2.4997052625840904E-003  0.50000000000000000              830   2.8425013403212129E-002           0
         217         218   8.1228311512873880E-002   6.5270211912634449E-002  -8.4864059256294254E-005  0.97696892315676265        3390006.8490829859        232.81876606981328        14.909139426073073       0.76757044832351695                0           0   1387.7008121435813        1.4110585494170628E-003  0.50000000000000000              920  0.28184768832330109                0
         175         176   8.2952047495663137E-002   3.6571247402372269E-002  -5.1727441601028092E-005  0.99014129591254640        3413593.3017471866        218.55725174368266        15.801625727506506       0.59239436465723916                0           0   1378.1123999853596        5.8460095008224758E-004   1.3087561523646993E-003         878   4.0501369201853432E-002           0
         143         144  0.25022565110097550       0.15769561095085233       -3.9893226177458845E-004  0.97378367469115990        4047244.7606835263        368.61381757316616        8.3230424655969930       0.62858945431088409                0           0   1162.3500766111972        2.2305190603367172E-003  0.50000000000000000              846  0.20591866716844331                0
          61          62  0.16574606629006447        5.1105325148539382E-002  -1.0680914848388477E-004  0.98146224652464376        3985102.7316611102        295.54272204541036        9.2479889939598170       0.42648976562571972                0           0   1180.4752786595950        1.7952874583487142E-003  0.50000000000000000              764  0.31668872593239322                0
          29          30   9.2064989403419284E-002   3.8673592252436655E-002  -4.8326417632826574E-005  0.98790084533106615        4595724.3541263249        274.56410217347485        5.6283299624097980       0.79900684712923919                0           0   1023.6286807368981        1.6733196375634911E-003  0.25000000000000000              732  0.46478604896098052                0
         237         238  0.17519413512811899        4.8620481183886892E-002  -9.6133046925272949E-005  0.99516489023133436        4632593.2409340926        330.20636827131904        17.231960704982836       0.57090211618222719                0           0   1015.4820449326151        1.9984115928462558E-004  0.50000000000000000              940  0.71359412802996958                0
         147         148  0.31456825641218544       0.25964081492902225       -6.6243600918377415E-004  0.98456015427272825        4747337.3481747657        459.47645601886813        15.489671903073170       0.46198595748223803                0           0   990.93763780099937        1.9668248657376449E-004  0.50000000000000000              850  0.11984930366483892                0
         399         400  0.17014458503807270        6.6018282057290864E-002  -2.6982369786909149E-005  0.99086032272970925        45926866.323076248        1551.3921762477739        10.287947474152416       0.22519718154523205                0           0   102.43057352426089        6.1296573912625269E-003   9.0644027305493893E-005        1102 -0.15319003433165018                0
         281         282   8.0478030877779258E-002   1.6466831233086777E-002  -1.7957699281134914E-005  0.98263070957888499        5350099.4170447458        275.01476922061727        14.048884256939258       0.54921408745958211                0           0   879.29492350317912        1.4343823268312709E-003   2.1874773178593133E-003         984  0.45249278173644564                0
          45          46   8.6894120985331738E-002   8.6164685909330241E-002  -8.2040856412477007E-005  0.98387083180607882        5506893.1944410549        340.10174038637848        9.4016388084203779       0.61419017493233552                0           0   854.25939664011355        2.0685513436049150E-003  0.50000000000000000              748  0.51222146143580249                0
         161         162   9.3309048906446132E-002   9.2827486138433946E-002  -9.1370296688515350E-005  0.98811264966501500        5621424.6240148395        353.27642196793965        7.9674532664567206       0.49723238860977731                0           0   836.85463602017069        4.8741027615359676E-004   1.1991971021886012E-004         864  0.15925150880878380                0
         309         310  0.10545420084030525        5.3264404142991120E-002  -5.7855495593977865E-005  0.98363597107776712        6309425.5400360068        361.80592593708820        13.937109495321826       0.53720870504669571                0           0   745.60120058377254        2.2003001492994592E-003  0.50000000000000000             1012  -2.5038528692679057E-002           0
         189         190  0.11107991559331475        5.1209466390144058E-002  -5.9401457297079668E-005  0.98671314114777653        6112335.9088638304        356.86834591407722        18.257935111526631       0.16076319460896235                0           0   769.64278923590894        2.1736268209196817E-003  0.50000000000000000              892 -0.14538259439218826                0
         289         290  0.10428359770713377        2.3242149003040714E-002  -2.7029419586409211E-005  0.98098710349133600        6248181.5640827762        334.17572790537054        14.742656503376102       0.16157800121580104                0           0   752.90950005153206        1.8529956506317343E-003   1.0834200933080549E-003         992  -6.0570378212500949E-002           0
         115         116   9.5073144526220191E-002   4.6025486525321645E-002  -4.6726263478262970E-005  0.98361077625756288        6339435.9430684811        348.99124241529205        11.020544252103054       0.45710648580766788                0           0   742.07158174513086        2.1223306805025111E-003  0.50000000000000000              818  0.19412508834019207                0
         223         224  0.13901763968801717        6.0776114313866474E-002  -7.7058785641273195E-005  0.98944814913553991        6749153.3384064687        408.60155599920984        8.1839241414800892       0.37665960141407651                0           0   697.02302226185463        1.3710056216673415E-003   7.6230598255331422E-004         926  0.15102928947240057                0
         299         300   9.2079428251349071E-002   8.2023039557947389E-002  -6.9096066770057884E-005  0.98687484263335357        7196717.9985620175        407.34696306563865        17.402638486655846       0.10546037707825472                0           0   653.67508614131270        9.0555611004386526E-004   6.4873536182752183E-004        1002 -0.35603494258508150                0
         199         200  0.11230093762090229        4.7925291740752780E-002  -4.9845320530023470E-005  0.98557578802919299        7365259.5215128316        402.38621163417127        12.752079807499392       0.29516891495938219                0           0   638.71683596540686        2.4494184751019071E-003  0.50000000000000000              902  0.84866588660443609                0
         373         374  0.15845034820673778       0.15233439132851201       -1.7085731842885618E-004  0.97951208228037867        7914541.2400927972        526.47397738348957        7.2952201330312798       0.43613954865534310                0           0   594.38887421725099        3.1135510463412238E-003   2.2703964972039823E-004        1076  0.13626992220554879                0
          69          70  0.10464422723177559       0.10349050793134676       -8.6377732787562200E-005  0.98042651398566583        8085705.8082159301        467.23280664956275        12.293283042692506       0.17618171263711105                0           0   581.80638391081243        2.8368343572848856E-003  0.50000000000000000              772 -0.15186463441666556                0
          51          52  0.11606384615255892        9.5064690585184505E-002  -1.2276543213329298E-004  0.98205345115529663        4872545.5793825211        334.93415447263214        1.8978690410134269       0.44137698638587558                0           0   965.47383313362923        1.9892380511386115E-004   3.1250000000000000E-002         754   4.7732199459074517E-002           0
         183         184  0.10185732075756881        5.4219839429199369E-002  -4.3501425595193299E-005  0.97501209704562819        9514150.7903652005        473.11456913660027        16.701339490758148       0.35167844235272905                0           0   494.45456155779380        1.7008727247396754E-003   5.9933935878364176E-005         886   1.2765540448238981                0
         265         266   8.4095384718170976E-002   3.6296916915751078E-002  -2.5177842078312732E-005  0.98207813745376416        10108924.682744525        451.79636238526149        6.3721516882773326       0.46913311680779801                0           0   465.36257864051697        2.2579846019102983E-003   1.2373518725361818E-003         968  0.24144307030334061                0
         367         368  0.20322917187314732       0.17631903439505672       -1.9839418542980181E-004  0.98270269051032222        10353095.426080370        673.09388134800645        16.789743779093900       0.52775741605270354                0           0   454.38731741950073        2.6971027053254173E-003   3.8809710827464680E-004        1070   1.6208171435394245                0
         305         306   8.5255713978393793E-002   1.6586699482616780E-002  -1.1931200371230782E-005  0.97557216214542408        10624387.113807641        441.69112072417624        14.302053584108217       0.29070139260521832                0           0   442.78462439785847        2.6751951435917505E-003  0.50000000000000000             1008  0.11351205631029893                0
         325         326  0.14296285691723640        1.8018411898666035E-002  -1.7591034512000332E-005  0.98525910189351285        11605238.715074902        545.71725305743564        6.0519904328613592       0.35184375320604622                0           0   405.36135215676182        1.9976652747874619E-004  0.25000000000000000             1028   2.7697529520750323E-002           0
         119         120  0.12744757891135747        8.2887871857059842E-002  -6.3848789170769046E-005  0.98269985033698937        12193204.574003790        616.57973866081329        6.2380259238541669       0.27166307655213234                0           0   385.81451078697370        3.7479255214838184E-003  0.50000000000000000              822   2.7196808431051184E-002           0
         133         134  0.13034205300579016        4.8697333779162973E-002  -3.8327236297592429E-005  0.98105628623049734        13234827.742562061        617.16540369115546        9.4570819717516095       0.43497393980246041                0           0   355.44967786139682        2.5527792356571386E-003   5.4923064810004276E-004         836  0.24140440060849874                0
          17          18   8.8310858010865509E-002   3.6165089814597706E-002  -2.2321003472730643E-005  0.98140412768925933        12747100.610456508        533.22349031307033        9.7901024838951543       0.36348197643489016                0           0   369.04982563531280        3.2391129273980847E-003  0.50000000000000000              720  -4.7140371142170109E-002           0
         275         276  0.13196141201412448        6.9014568623332620E-002  -4.7733872089387750E-005  0.97883828264388906        15446808.074869614        711.01768461128302        12.550016381818738       0.40310586037479235                0           0   304.54934345291730        3.4103503183473766E-003   5.8961199683051112E-004         978  0.41739229664329719                0
         221         222  0.10685030920939192        6.9974509155263417E-002  -3.1625342251957572E-005  0.98416918585462443        22715287.250569500        881.04835752714325        11.467042256842571       0.17220408622937231                0           0   207.09908731296454        4.7048842767197984E-003   4.5531996421016777E-005         924 -0.22571245030402062                0
         157         158  0.17882018552997023        8.7937108552675433E-002  -4.2075759872866533E-005  0.98508429162299926        36757520.586493798        1392.7593760796740        7.2524580020138112       0.37195714517244138                0           0   127.98238789188949        8.3330913652431872E-003   4.0094371751057853E-004         860   2.2995778688820148E-002           0
         145         146  0.11284151051838727        7.1741434973604884E-002  -2.4259730954290137E-005  0.99377697658918429        37282317.265447497        1243.5759263071366        13.352651240384070       0.40142416143956428                0           0   126.18087079057791        7.3729480433581424E-003   4.5672918578481723E-004         848  0.16432732309010650                0
         405         406   8.7236661288412828E-002   5.5735761705262711E-002  -1.4072219982536795E-005  0.99445045527554632        44632234.652881853        1287.6258805654079        14.726020843039128       0.61452231751225916                0           0   105.40174145954420        7.8733128566099032E-003  0.50000000000000000             1108   1.3789389152538400                0
