 1021819   1   373 171   0      1.8   7.73   4.63  7.238     0.0  -0.2148   0.0000
  -1.117539   0.000000   0.245505   0.096985  -0.663599   0.060150   0.000000   0.000000   0.000000   0.000000
   0.00000   0.00000   0.13967   0.03009   0.00000  -1.11754   0.00000   0.00000  -0.87203   0.66276   0.19180   0.00000   0.00000
 NAME(I1)    NAME(I2)    M1[M*]                    M2[M*]                    EB[NB]                    ECC                       P[Days]                   SEMI[AU]                  RI[PC]                    VI[km/s]                  K*(I1)      K*(I2)      ZN[NB]                    RP[NB]                    STEP(I1)[NB]              NAME(ICM)                 ECM[NB]                   K*(ICM)      
           3           4   8.7970317491499028E-002   4.9196061553816367E-002  -9.2897646351125171E-004  0.98018963898304645        71340.815372945974        17.361255191394889        4.1372699737678742       0.21612494331744567                0           0   65941.428242054317        1.0539810829294615E-004  0.50000000000000000              706   6.7428139000200019E-002           0
          59          60  0.52934127945164156       0.11516011942956719       -3.1001072744619322E-002  0.99635260950274573        9025.0375450904266        7.3279160146024838        13.522052374796953       0.93177487406392578                0           0   521251.59969045070        4.4850020571511419E-005  0.50000000000000000              762   1.3848995062403495                0
          63          64  0.11284127030153632        5.3401276685359052E-002  -1.4468849236327175E-003  0.97984293960292113        54774.265105649982        15.520472950299069        12.819990682491424       0.36641124561616928                0           0   85885.502043175962        9.4206442072616631E-005  0.25000000000000000              766  0.19057821439539774                0
          83          84  0.10272953417562042        4.1373672231505683E-002  -1.2819188696754095E-003  0.97370419826673227        41789.837138321200        12.356008093958177        15.889742421229672       0.43125708222096071                0           0   112570.79662870750        7.4766174595093939E-005  0.50000000000000000              786  0.30818536178948697                0
         131         132   8.4797441590329786E-002   6.4637458177469395E-002  -7.7121942017657882E-004  0.98912831439601701        128788.41655396212        26.485513546867381        7.1527072505290024       0.49880534207457544                0           0   36527.471829531067        1.6151620773559698E-004   3.9062500000000000E-003         834  0.14867787637787139                0
         137         138  0.13717930409073115       0.13193897190263901       -4.0334545728335997E-003  0.97817964388784162        48147.574536657077        16.722602131164937        8.1294033232138343       0.33908394194788344                0           0   97706.173216745112        1.0141787278782275E-004  0.50000000000000000              840  0.59694092999097115                0
         167         168  0.11739175763496201        6.6852661947444644E-002  -1.3371095085191684E-003  0.97921691183512483        87047.450602289726        21.873015901955345        13.883497631248977       0.70412266524295863                0           0   54043.113555826756        1.3272323952673876E-004  0.25000000000000000              870  0.41154596692671142                0
         177         178  0.17518944591650459       0.15841447355487015       -4.8844045916293037E-002  0.97081544669269548        1948.4551180766894        2.1174370246531056        1.2886210859587930       0.79590919841966690                0           0   2414382.1502485364        1.2793853451865820E-005  0.25000000000000000              880  0.48241150379863978                0
         181         182  0.16494482085752635        4.8117280213717237E-002  -2.2342341753636167E-003  0.98308070947828008        38113.841390388654        13.238244572811659        3.5345649397006134       0.34112421784602875                0           0   123428.00111539195        8.0485139620415977E-005  0.50000000000000000              884   3.0077654707280105E-002           0
         193         194  0.13607741833753259        1.4509867592654014E-002  -3.3139095177587647E-004  0.98026160729439438        98477.807758994706        22.203845682541278        15.031730051065193       0.80023247217901650                0           0   47770.308506030713        1.3480179630591914E-004  0.50000000000000000              896   1.0776621980416747                0
         195         196  0.23980714281985319       0.16746154432118399       -1.7866781603804005E-002  0.96643523058497638        13874.745800257982        8.3762612435180923        11.415020030342381        1.0314141732987949                0           0   339055.96004197007        5.0498069052990366E-005  0.50000000000000000              898  0.79515597734308896                0
         207         208   9.9440827635248155E-002   5.0100703362626467E-002  -8.7683211256005204E-003  0.98112175417415370        2910.2243960466299        2.1174416066239212        2.4311588137072206       0.72044781920186474                0           0   1616478.5313583727        1.2860786271453537E-005  0.25000000000000000              910  0.45443447592463049                0
         225         226  0.11258739991983015        4.7810171057872303E-002  -9.4939383745014589E-004  0.98185672257896206        88575.957032427817        21.129198100363176        14.957435195281482       0.75366432859634502                0           0   53110.521356517827        1.2838083044770557E-004  0.50000000000000000              928   1.0216976969526568                0
         235         236   9.9158490776633662E-002   3.5661683213779022E-002  -5.1301121046354124E-003  0.96614283730650707        4095.4263718306088        2.5687641194955386        3.0385141393103852       0.33962146992379899                0           0   1148675.3345151674        1.5484037106406675E-005  0.12500000000000000              938   9.0695213956543938E-002           0
         249         250   8.3325272192247987E-002   6.4931060179189190E-002  -5.9417119074347373E-003  0.97581540753508467        5929.7866670524481        3.3934150410168407        15.482722289914667       0.41530506802131395                0           0   793336.34104971308        2.0555510157367267E-005  0.25000000000000000              952   1.2426439128032130                0
         271         272  0.13618545113931463       0.10282415591629936       -1.7643068358636144E-003  0.98806680624688603        120181.93023047518        29.578155387187675        6.6445834422484849       0.47721353695518015                0           0   39143.282593508091        1.8027976026539725E-004  0.50000000000000000              974   9.3488775154179707E-002           0
         287         288   8.8414603939471620E-002   4.2704642040310346E-002  -5.8515194294090581E-004  0.98093659039144399        118941.02246670357        24.046383900145148        1.7885382372018250       0.59774901662496394                0           0   39551.663169548527        1.4603779329379048E-004  0.25000000000000000              990  0.19485345597826934                0
         291         292  0.10251315781699964        2.9651563345757474E-002  -1.1831110334550475E-003  0.98075559013170377        29765.556837160901        9.5746088155111213        11.850038742871057       0.58855997684640982                0           0   158045.59892431262        5.8142920318824777E-005   3.1250000000000000E-002         994  0.23384154461572104                0
         303         304  0.77980953382043972       0.33783563817501155       -5.2382472905160467E-002  0.97671789874474535        28033.625192942258        18.742492285908785        5.0566728596068806       0.63150885552486191                0           0   167809.73653129677        1.1358394461059082E-004  0.25000000000000000             1006  0.23042311534891827                0
         311         312  0.16827131513595273       0.11782564957455051       -9.1314488263872420E-003  0.97485864189666582        15717.300866973132        8.0915100549741776        15.843483958103910       0.15135443525917591                0           0   299308.08714936365        4.8990345746074786E-005  0.50000000000000000             1014 -0.12984885433066193                0
         321         322  0.12252965187021556        4.0765808550071510E-002  -1.0952504619379879E-003  0.97557453106160041        63331.226025514967        16.995860241612995        16.648082525998770       0.41330760482421403                0           0   74281.133539866772        1.0293936416602254E-004  0.50000000000000000             1024  0.71931004584251768                0
         323         324  0.13577855073708561        2.1714876777924844E-002  -1.0672784058174505E-003  0.97737634574565457        30402.145619620234        10.295090097572151        13.335559343184050       0.67618792190442500                0           0   154736.29119810546        6.2411468000077191E-005  0.25000000000000000             1026  0.36414336838319772                0
         337         338  0.14234346256931027        4.8688670540606271E-002  -2.7220309402593351E-003  0.98436219341894415        24424.438780536861        9.4883723855236379        13.224540647579877       0.40707310441223032                0           0   192606.89262565569        5.7724153992768256E-005  0.50000000000000000             1040   1.4560653742131597                0
         363         364   8.0030474895858961E-002   2.5241398542184282E-002  -3.2505135387658957E-004  0.96900162088983910        125469.53716214608        23.159872534501439        12.393832240712836       0.71588143471649068                0           0   37493.684634903126        1.3980643129274424E-004  0.50000000000000000             1066  0.54690911001224896                0
         371         372   9.0756420354949963E-002   8.9399293653254358E-002  -1.4941626717007766E-003  0.97790038526241019        78336.750524128642        20.236383406048532        9.8278691928177029       0.48359871627937551                0           0   60052.468683849453        1.2271064128272370E-004  0.50000000000000000             1074  0.26895151067246648                0
         383         384   9.3433970454860987E-002   6.5975786712685114E-002  -2.9999592269293533E-003  0.97176827062077331        19385.313257799193        7.6576121486429507        11.152034733533240       0.45890747517268676                0           0   242674.19334851863        4.6290742961604388E-005  0.50000000000000000             1086  0.46641621595435512                0
         395         396  0.10118924464727580        7.2387835402996439E-002  -4.0679476328368365E-003  0.98184110250843104        15239.121285685993        6.7103307468978812        8.4902142832538292       0.49457185717409702                0           0   308699.90266850201        4.0771591993552411E-005  0.50000000000000000             1098   6.1114442230091805E-002           0
         401         402  0.11008182267075275        8.1520559788653676E-002  -2.1754919003101718E-003  0.98946501741247106        50292.904508829961        15.372504553420699        8.0583126219334176       0.40500634099321181                0           0   93538.349069078395        9.3761781152373525E-005  0.50000000000000000             1104  0.13806422017967790                0
         219         220   5.9461379470541447        2.5291364086335988      -0.75299076982192070       0.98221912150944157        80559.862777643633        74.428097414589246        6.7671958216137114       0.18137162217325112                0           0   58395.273967004177        4.5230718866207646E-004  0.50000000000000000              922  0.12492257293909279                0
         159         160  0.52009082554844766       0.13749382338007102       -6.8562166579241961E-003  0.98252657550525302        109146.58921206869        38.868446659729038        3.2950366489772516       0.57753472040240927                0           0   43100.891119047374        2.3624417772278330E-004  0.25000000000000000              862  0.17685947749329259                0
           1           2   2.0244841138268650       0.61000484406818434       -7.0741485713423660E-002  0.98738152934187551        118081.33591071346        65.056817812538299        15.313785117014380       0.49708589431953504                0           0   39839.617509086311        3.9638661146352313E-004  0.50000000000000000              704  0.12664009928182296                0
         283         284  0.18094602805437388        8.1870494517192083E-002  -1.6064068193646895E-003  0.97697797871714775        143540.44546752289        34.366892541613126        4.8612168527842226       0.28078461951642159                0           0   32773.447527785116        2.0829891525217590E-004   6.2500000000000000E-002         986  -5.1868102304457542E-002           0
         185         186  0.24628085064239766        6.9358336926096664E-002  -1.8551080494142963E-003  0.99057546901522908        130681.44545928008        34.314639623851313        9.4764850403375060       0.52168958210187633                0           0   35998.341165507023        2.0941269287605858E-004  0.50000000000000000              888  0.21734193564217233                0
         191         192  0.17819880543248182        5.0730547014061628E-002  -8.9966543292994278E-004  0.98450778698896024        174927.64032278312        37.446621017460309        17.374615839946014       0.63195059483963756                0           0   26892.921261409472        2.2782970840593575E-004  0.25000000000000000              894  0.46974221940780658                0
          71          72  0.16939743337267674        2.6319217633798585E-002  -4.7647967898261517E-004  0.96976219828091648        170003.73667627125        34.870225322542275        10.932513015666927       0.27862019671763755                0           0   27671.834452691655        1.5082883319385277E-004  0.25000000000000000              774 -0.11737675971898702                0
          53          54  0.10539273585624893        8.3691576402142989E-002  -9.4861616487088496E-004  0.98840746126056767        171334.30925667207        34.651436372167325        13.540669074814213       0.24299753114618133                0           0   27456.936547351612        2.1096666920612941E-004  0.50000000000000000              756 -0.17304515150941183                0
         245         246  0.10614450888457336        7.9534736728126665E-002  -8.8338078697462622E-004  0.97533507163214717        180155.36208468804        35.614411017835778        10.107160806236321       0.14238909095091232                0           0   26112.546433302068        2.1568078356416255E-004  0.50000000000000000              948  0.11133673796544510                0
         331         332  0.12214104311112879        9.8521910482032543E-002  -1.1537755047203683E-003  0.97154055198387024        188414.45473505274        38.868024797675822        15.381055837608038       0.28912610201520389                0           0   24967.910579153504        2.3493249830021899E-004  0.50000000000000000             1034   6.9190873531065678E-002           0
         203         204  0.10958957416913398        5.6611292613942377E-002  -6.2817234305771752E-004  0.98494187057407623        200051.97130642890        36.805509599966030        14.363803652582533       0.11856791241037963                0           0   23515.465640870621        1.6988547057778460E-004  0.50000000000000000              906 -0.16881228834286272                0
          21          22  0.17137201111473407        1.8580527211685235E-002  -2.8964617018065918E-004  0.97725619083110171        219756.57682243298        40.968444197440832        4.3280864262794774       0.24026885461551456                0           0   21406.937283364805        1.8343950172520064E-004  0.50000000000000000              724   6.9381570272947946E-002           0
         369         370  0.35577330781196675       0.28758888866695975       -6.5923629871082615E-003  0.96841922705639494        200307.85819162280        57.839387851881206        14.331225743841150       0.42286186248918822                0           0   23485.425385280789        3.4904883910831302E-004  0.50000000000000000             1072   1.5698766908691539                0
          77          78   9.3430964505624117E-002   2.0354482771848002E-002  -1.6334883162896549E-004  0.97425183352183942        309441.22681298596        43.386459025179242        10.877693207501945       0.58076471987053535                0           0   15202.613129787858        1.8457846561722538E-004  0.50000000000000000              780  0.84356840259800270                0
         315         316  0.30834333591613694       0.21242803698149326       -3.5544000840579989E-003  0.96932722246065328        288048.63087816222        68.675120176768687        8.1840989618796414       0.41827656753987225                0           0   16331.670257563481        4.1463143421502049E-004   3.1250000000000000E-002        1018  0.22732758555505622                0
          89          90  0.20842321107894346       0.10223825271363279       -1.3435582502014560E-003  0.98702482580270168        297769.38109927031        59.104743533761280        7.3536138758741716       0.75658969906248674                0           0   15798.519109916271        3.6005640583131949E-004  0.50000000000000000              792  0.39904098778849700                0
         155         156  0.50373356431637750       0.18870347651975347       -4.6345267489272665E-003  0.98128177235206437        293320.33962033020        76.435433608783669        10.452121625413080       0.74424646020935381                0           0   16038.148816184937        4.6428632181207922E-004  0.50000000000000000              858  0.46008021590041703                0
         187         188  0.16652052450678573        4.4390738220572948E-002  -5.1200105471243477E-004  0.98740860044556455        313872.49940009229        53.803263366689940        6.7168773167052347       0.66614324583895823                0           0   14987.981637882163        1.5401396217716847E-004  0.50000000000000000              890  0.29418310455002344                0
         255         256   8.3811449474318997E-002   3.0344259974373743E-002  -1.9498774621546684E-004  0.99476358635673934        366335.73421504453        48.606227887337262        9.7301590346594296       0.45205254524496891                0           0   12841.540746017587        1.7373772739312873E-004  0.50000000000000000              958  0.23775860567228474                0
          93          94   8.5361728603296438E-002   7.1347741082274679E-002  -4.1080252103106030E-004  0.97812880800934654        378910.90214675880        55.249666982163497        10.473107089374459       0.48159507721997080                0           0   12415.359998859836        1.7179347800011020E-004  0.50000000000000000              796  0.35192624461298655                0
          95         546  0.62290701776509083       0.52092362269304604       -3.7742891860258112E-003  0.93636573490903208        1958535.8267727208        320.39183453583598        8.4562778055711192       0.51657809177660641                0           0   2401.9551714795753        8.7899332753872792E-004   2.5086704660254198E-003         798  0.31362874898562676                0
          67          68  0.52597586808430075       0.46375414949012228       -9.5351984985231255E-003  0.98266064699714351        341740.68956755206        95.332992401100725        16.143394675710901       0.46568919641952849                0           0   13765.745201713413        5.7947742737167690E-004  0.50000000000000000              770   7.0773115627904337E-002           0
         213         214   8.6717284611907239E-002   1.7710005955573944E-002  -1.1427078035879827E-004  0.98213695314694749        400632.33674856107        50.085097135765906        4.7371841568621544       0.34121600005802222                0           0   11742.225542311169        1.5552041722878169E-004  0.50000000000000000              916  0.15401307920258167                0
         313         314  0.11479116130453372        5.7685466757393881E-002  -3.9453446450446250E-004  0.99253727403468150        435049.79924732697        62.547398305763593        2.9222547386662927       0.44014203403182001                0           0   10813.279918261374        1.7042172232509015E-004  0.50000000000000000             1016   7.7345111596461930E-002           0
         365         366  0.29906545429998188       0.27572229150032296       -3.4223050706489746E-003  0.97703614846779008        409915.73603235272        89.792227251814452        13.666467288376703       0.30087074492214089                0           0   11476.298283102440        5.4424978456707430E-004  0.50000000000000000             1068 -0.23616551885556364                0
         201         202  0.41909726131645580       0.36316033186407948       -5.4401348907038797E-003  0.97784193266974673        439642.50440806977        104.26124217537117        14.434763308410430       0.38697600233079577                0           0   10700.319487940789        6.3220712582260643E-004  0.50000000000000000              904   7.2079696049893213E-002           0
         171         172  0.11855449161888632       0.10910379859810015       -6.3808363105355751E-004  0.99690688946593098        502629.43037454027        75.543937317710842        3.9037144479938077       0.23553127848781893                0           0   9359.4106778413025        1.6222029374787257E-004  0.50000000000000000              874  -7.4345274586882393E-002           0
         347         348  0.19457293008789711        9.8264029982305379E-002  -8.4213227326918961E-004  0.97623178622328566        525292.62380639045        84.608893442837001        5.4619118528409638       0.37026018917488879                0           0   8955.6088253366652        5.1262384884362530E-004  0.25000000000000000             1050  0.15737238682236698                0
         343         344   9.9716206803828866E-002   3.9838043689421537E-002  -1.9541286924161294E-004  0.98547806040898511        644708.77578794607        75.758248904357316        14.670869238596557       0.55534602342745598                0           0   7296.8066114739531        4.6110969753691106E-004  0.50000000000000000             1046   1.7397642722309183                0
          99         100  0.11123848720615616        3.9011678252708890E-002  -1.9764343022701515E-004  0.98119635498491209        697449.45099556562        81.825121918085514        9.2978020585760195       0.54601428392945006                0           0   6745.0268272914218        1.9609050585244134E-004  0.25000000000000000              802  0.13283236084339872                0
         391         392  0.13558686976987694        5.7578981684498085E-002  -2.5446740011902898E-004  0.98428057182237338        1015963.8259505472        114.33226250480101        12.787848750218076       0.30335787989654711                0           0   4630.3964151906221        1.9855493643177781E-004  0.50000000000000000             1094  0.10390093432183917                0
         385         386  0.12648191059682606        5.9749107023494945E-002  -2.5030111744847215E-004  0.99192399726360403        1010156.8010307509        112.51654391747591        16.723388750792243       0.27674072077496381                0           0   4657.0148840700185        1.9971473045980897E-004  0.50000000000000000             1088   7.8109524951713340E-003           0
          41          42  0.11122608390456809        8.6847116325004775E-002  -3.0034655602715249E-004  0.97689552612968544        1076875.4069236529        119.85571002551679        1.1985753795273852       0.83551979918906094                0           0   4368.4861102769009        1.9934720720389158E-004  0.25000000000000000              744  0.52083570948283142                0
         345         346  0.55774375829353751       0.47607345656862060       -4.7923803546830179E-003  0.97923176074338625        1065819.0059203701        206.47940675782556        1.5560376767772273       0.25723648397227772                0           0   4413.8031237137029        1.2529054742208931E-003  0.50000000000000000             1048  -4.2133602232315069E-002           0
          73          74  0.94128231410560004       0.69908498357263338       -1.0547991353088345E-002  0.98595090542721642        1010924.7705775029        232.48741209934116        15.189049629409002       0.54926875812654796                0           0   4653.4770880699325        1.4155097427745917E-003  0.50000000000000000              776  0.38503369052050962                0
         285         286   8.9462339041284894E-002   4.2834040765278178E-002  -1.2838168338598593E-004  0.97556116315563901        1178106.6063545495        111.23605151706303        8.9014929262203015       0.67039452518328380                0           0   3993.1150816660524        1.4410236536712358E-004  0.50000000000000000              988  0.22717486866563932                0
         293         294  0.55382231722128972       0.12326253909399966       -1.3046202120956597E-003  0.97555013427591697        1208714.8768618368        195.00098063437505        10.052676304118744       0.56463388460939734                0           0   3891.9974823661364        1.1809822740092247E-003  0.50000000000000000              996  0.92332292989645670                0
         123         124  0.67985937278035102       0.12376754478802159       -1.4259437356367586E-003  0.97763450747397851        1328700.8239903566        219.90890269502705        7.8972530121498856       0.58616188240766598                0           0   3540.5376234484115        1.3330674591925293E-003  0.50000000000000000              826  0.32049856381403641                0
           7           8  0.10772050310063933        1.1526931384030817E-002  -3.7943697728780554E-005  0.99082248886431246        1424470.1409572540        121.95279694780302        11.429870626750219       0.47146431845402115                0           0   3302.5018372680170        1.6260639909577266E-004   6.2500000000000000E-002         710  -9.7615472221832811E-003           0
         355         356  0.32294731613854971       0.22153041596011064       -1.4146791448691402E-003  0.98835597978780254        1280677.5733209376        188.46314208734015        5.6310449837581089       0.43986132098017722                0           0   3673.3018174480535        1.1488556879049804E-003  0.50000000000000000             1058   6.7454458902620848E-002           0
          85          86   8.0567479673496034E-002   7.0359839832317903E-002  -1.6540594186675728E-004  0.98642166572395873        1357017.8794508749        127.71821781941760        8.5002338572916347       0.32229254728598339                0           0   3466.6567986181526        1.9401392259058692E-004   6.2500000000000000E-002         788  -5.6281098443059854E-002           0
         387         388  0.11696728908539532        8.3148869844046139E-002  -2.2936675264842191E-004  0.96313023274942910        1621860.9355157209        158.01912233734075        4.1094523983577567       0.27207822608409765                0           0   2900.5663522864747        7.5819627148635503E-004   1.5433949737826404E-005        1090 -0.23478267766622635                0
         103         104   9.4240900685283069E-002   8.1646476448274677E-002  -1.9581474411928143E-004  0.97430932578693863        1543295.6101144454        146.43699954217337        4.2830988953799229       0.15308963967956390                0           0   3048.2269416265021        8.8618227905427590E-004  0.25000000000000000              806  -4.8045989345372797E-002           0
          65          66   8.1196656538748205E-002   3.2700733033609646E-002  -6.2627861262289943E-005  0.98184767372588766        2149336.5504112290        157.99647215383459        12.792268488472523       0.56261141608586185                0           0   2188.7290088398181        1.9363885980735446E-004  0.50000000000000000              768  0.17589179923993201                0
          15          16  0.12041882448822794        4.7134796559794988E-002  -1.1370748620294229E-004  0.97825164521118502        2263928.7909641471        186.02285177799217        13.104722923974087       0.60790182262064596                0           0   2077.9431210119114        1.1281688166013199E-003  0.50000000000000000              718  0.17924744733646025                0
         243         244  0.10897784068549871        6.2870305948584129E-002  -1.2688985103554134E-004  0.99345305026723485        2514966.0648626112        201.22235189126619        10.466842986514152       0.38054459759356651                0           0   1870.5283237695505        1.2297376519750148E-003  0.50000000000000000              946   7.3611409983290521E-002           0
         265         266   8.4095384718170976E-002   3.6296916915751078E-002  -2.5179285703414195E-005  0.98201124786999949        10108055.320022205        451.77045916556051        3.6271113710197609       0.52566778796341540                0           0   465.40260304337448        2.6112025678141160E-003   1.3050529135886801E-003         968  0.21602079108009359                0
         127         128  0.41687934908818136       0.27898104023835063       -1.0601324713850049E-003  0.99434194081511351        3619474.9262651657        408.83142482301037        12.373401251170412       0.31097001083461812                0           0   1299.7231237899509        2.4997052625840904E-003  0.25000000000000000              830  -2.4076196934017247E-003           0
         217         218   8.1228311512873880E-002   6.5270211912634449E-002  -8.4864059256294254E-005  0.97696892315676265        3390006.8490829859        232.81876606981328        15.843290014764609       0.72135499752703136                0           0   1387.7008121435813        1.4110585494170628E-003  0.50000000000000000              920  0.32155504258177187                0
         143         144  0.25022565110097550       0.15769561095085233       -3.9893226177458845E-004  0.97378367469115990        4047244.7606835263        368.61381757316616        8.8875034547885559       0.64854786421522570                0           0   1162.3500766111972        2.2305190603367172E-003  0.50000000000000000              846  0.21714881475529649                0
          61          62  0.16574606629006447        5.1105325148539382E-002  -1.0680914848388477E-004  0.98146224652464376        3985102.7316611102        295.54272204541036        6.8909852657419757       0.44977915871828333                0           0   1180.4752786595950        1.7952874583487142E-003  0.50000000000000000              764  0.28028881256559612                0
          29          30   9.2064989403419284E-002   3.8673592252436655E-002  -4.8326417632826574E-005  0.98790084533106615        4595724.3541263249        274.56410217347485        5.6719925292299038       0.83687733979798684                0           0   1023.6286807368981        1.6733196375634911E-003  0.25000000000000000              732  0.51029682529116971                0
         405         406   8.7236661288412828E-002   5.5735761705262711E-002  -1.4072219982536795E-005  0.99445045527554632        44632234.652881853        1287.6258805654079        10.445340717544378       0.70508940458490421                0           0   105.40174145954420        7.8733128566099032E-003  0.50000000000000000             1108   1.2958806117877169                0
          45          46   8.6894120985331738E-002   8.6164685909330241E-002  -8.2040856412477007E-005  0.98387083180607882        5506893.1944410549        340.10174038637848        7.2917176788626330       0.65539507976569844                0           0   854.25939664011355        2.0685513436049150E-003  0.50000000000000000              748  0.47183539993002843                0
         161         162   9.3309048906446132E-002   9.2827486138433946E-002  -9.1367832531891551E-005  0.98777474955924094        5621652.0371601619        353.28594970227562        7.2093525960339022       0.42191312795260461                0           0   836.82078267177803        2.1520104918523247E-003   2.8970151755880640E-005         864   9.2279635852573941E-002           0
         289         290  0.10428359770713377        2.3242149003040714E-002  -2.7029385623121561E-005  0.98098931064233541        6248193.3406464783        334.17614780786221        16.647706342966220       0.16197458541461482                0           0   752.90808097145486        1.5183122447554242E-003   9.7422596745613821E-004         992  -4.6934982195769831E-002           0
         115         116   9.5073144526220191E-002   4.6025486525321645E-002  -4.6726263478262970E-005  0.98361077625756288        6339435.9430684811        348.99124241529205        12.485895132381955       0.49217341378015983                0           0   742.07158174513086        2.1223306805025111E-003  0.25000000000000000              818  0.16989164314928476                0
         223         224  0.13901763968801717        6.0776114313866474E-002  -7.7057768307925437E-005  0.98945358903918845        6749286.9945239471        408.60695044545446        5.2713748239546678       0.31932700966994654                0           0   697.00921911627438        2.3056090529942619E-003   2.4466854124790405E-004         926   9.7409346468694008E-002           0
         199         200  0.11230093762090229        4.7925291740752780E-002  -4.9845320530023470E-005  0.98557578802919299        7365259.5215128316        402.38621163417127        9.4167091506231220       0.42719010260944767                0           0   638.71683596540686        2.4494184751019071E-003  0.50000000000000000              902  0.76419542522533201                0
         373         374  0.15845034820673778       0.15233439132851201       -1.7085642861199222E-004  0.97957027741849756        7914603.0683320900        526.47671924943700        5.0491783152097698       0.40120916910397836                0           0   594.38423089942057        3.1423495518669558E-003   2.8396410263379625E-005        1076  0.11202948340563888                0
          69          70  0.10464422723177559       0.10349050793134676       -8.6377732787562200E-005  0.98042651398566583        8085705.8082159301        467.23280664956275        12.183150709085274       0.16517894673307154                0           0   581.80638391081243        2.8368343572848856E-003  0.50000000000000000              772 -0.16245598629335123                0
          51          52  0.11606384615255892        9.5064690585184505E-002  -1.2276543213329298E-004  0.98205345115529663        4872545.5793825211        334.93415447263214        3.9893690973712905       0.45582124812713248                0           0   965.47383313362923        1.9892380511386115E-004  0.50000000000000000              754   6.4447315638103075E-002           0
         267         268  0.11152016154947933        1.9237634443879208E-002  -2.0556002751168912E-005  0.97571134675768256        7747918.0568634365        388.94279139524974        2.3472306003222920       0.54762357078480117                0           0   607.17152957980500        2.3293441662372329E-003   1.1837489166679491E-003         970  0.15319008270417356                0
         367         368  0.20322917187314732       0.17631903439505672       -1.9839300343652504E-004  0.98268286519288939        10353187.949308529        673.09789153197778        13.687849282183949       0.52589071325654957                0           0   454.38325670103916        1.1052316055209987E-003   2.4513299136347087E-004        1070   1.5344082303517887                0
         305         306   8.5255713978393793E-002   1.6586699482616780E-002  -1.1931200371230782E-005  0.97557216214542408        10624387.113807641        441.69112072417624        12.498359473558491       0.24440900070964114                0           0   442.78462439785847        2.6751951435917505E-003  0.50000000000000000             1008   7.6831709027670406E-002           0
         325         326  0.14296285691723640        1.8018411898666035E-002  -1.7591034512000332E-005  0.98525910189351285        11605238.715074902        545.71725305743564        7.3340760897907238       0.38679777598320281                0           0   405.36135215676182        1.9976652747874619E-004  0.50000000000000000             1028   2.6823694525992432E-002           0
         119         120  0.12744757891135747        8.2887871857059842E-002  -6.3848789170769046E-005  0.98269985033698937        12193204.574003790        616.57973866081329        9.1409013561927974       0.25205059343875874                0           0   385.81451078697370        3.7479255214838184E-003  0.50000000000000000              822   6.8343777945271023E-002           0
         133         134  0.13034205300579016        4.8697333779162973E-002  -3.8327436010341825E-005  0.98105044161606003        13234724.298632542        617.16218782773160        6.4270355261139347       0.50404989108515108                0           0   355.45245609164897        3.6973897665303545E-003   6.5909763828927840E-004         836  0.21145716944978715                0
          17          18   8.8310858010865509E-002   3.6165089814597706E-002  -2.2321003472730643E-005  0.98140412768925933        12747100.610456508        533.22349031307033        9.0133798247785517       0.35360820548705535                0           0   369.04982563531280        3.2391129273980847E-003  0.50000000000000000              720  -4.3135898050135971E-002           0
         275         276  0.13196141201412448        6.9014568623332620E-002  -4.7733301991888316E-005  0.97886947485491171        15447084.806603566        711.02617657364760        10.616553462942772       0.42846687216107582                0           0   304.54388750644313        3.7243999601208234E-004   2.0184066293250870E-004         978  0.37004390001351489                0
         399         400  0.17014458503807270        6.6018282057290864E-002  -2.6984354026008427E-005  0.99072353897060739        45921800.709397197        1551.2780978076723        10.992239433920437       0.21863411607560146                0           0   102.44187259586485        9.4674405869560902E-003   1.1452888602005959E-004        1102 -0.12803637229711140                0
         157         158  0.17882018552997023        8.7937108552675433E-002  -4.2075354385034108E-005  0.98506405801295371        36758051.946127340        1392.7727983547506        5.8765840857009408       0.37030012724939765                0           0   127.98053782989956        4.9575954338574053E-003   3.0884649691320833E-004         860   4.2878883537652134E-003           0
         145         146  0.11284151051838727        7.1741434973604884E-002  -2.4259697145646732E-005  0.99380207513017560        37282395.201190136        1243.5776593714359        11.777389475008070       0.41383172919834132                0           0   126.18060701997470        7.2949413176857858E-003   2.2663851188949917E-004         848  0.14717980167800648                0
         221         222  0.10685030920939192        6.9974509155263417E-002  -3.1625770116050327E-005  0.98469795419323536        22714826.280471552        881.03643785041209        12.542382862875799       0.23284052416983497                0           0   207.10329014002491        5.1850809805947980E-003   4.6086145376680189E-005         924 -0.19491208478079747                0
