 121 997   1   452 121   0      1.0   0.46   4.88  6.379     0.0  -0.2385   0.0000
  -1.209956   0.000000   0.288313   0.062472  -0.571267   0.053723   0.000000   0.000000   0.000000   0.000000
   0.00000   0.00000   0.15306   0.03443   0.00000  -1.20996   0.00000   0.00000  -0.92164   0.77512   0.20997   0.00000   0.00000
 NAME(I1)    NAME(I2)    M1[M*]                    M2[M*]                    EB[NB]                    ECC                       P[Days]                   SEMI[AU]                  RI[PC]                    VI[km/s]                  K*(I1)      K*(I2)      ZN[NB]                    RP[NB]                    STEP(I1)[NB]              NAME(ICM)                 ECM[NB]                   K*(ICM)      
           3           4   8.7970317491499028E-002   4.9196061553816367E-002  -9.2897646351125171E-004  0.98018963898304645        71340.815372945974        17.361255191394889        7.5161917140452150       0.19264447013894179                0           0   65941.428242054317        1.0539810829294615E-004  0.50000000000000000              706  0.10915885680435677                0
          57          58   8.8793517676333700E-002   7.4789808565780366E-002  -1.3944536633748324E-003  0.99288618157622466        67519.482439442989        17.747571380570307        12.986237826776053       0.69851587093280676                0           0   69673.449613065080        1.0843421479498632E-004  0.50000000000000000              760   1.1504958167898198                0
          59          60  0.52934127945164156       0.11516011942956719       -3.1001072744619322E-002  0.99635260950274573        9025.0375450904266        7.3279160146024838        16.452734604279765       0.85254709165466280                0           0   521251.59969045070        4.4850020571511419E-005  0.50000000000000000              762   1.4518796977139461                0
          63          64  0.11284127030153632        5.3401276685359052E-002  -1.4468849236327175E-003  0.97984293960292113        54774.265105649982        15.520472950299069        12.092899047411850       0.38510527731837402                0           0   85885.502043175962        9.4206442072616631E-005  0.25000000000000000              766  0.23323984907319376                0
          83          84  0.10272953417562042        4.1373672231505683E-002  -1.2819188696754095E-003  0.97370419826673227        41789.837138321200        12.356008093958177        13.847771308286465       0.37659189975418494                0           0   112570.79662870750        7.4766174595093939E-005  0.50000000000000000              786  0.23210000528809416                0
          87          88  0.10306885414503236        3.0345968261083246E-002  -4.1821248241819420E-003  0.98428134930470224        4652.7998571211401        2.7870887101701558        15.119443200165145       0.31910657870624226                0           0   1011071.9141389197        1.6955045282497800E-005  0.50000000000000000              790   8.7263429655995498E-002           0
         105         106  0.12790761581087476        8.1406408734692293E-002  -3.3640542461646258E-002  0.96974758674909145        989.02684361157492        1.1534833915785283        18.678000349258479       0.30812217308069367                0           0   4756509.1767037120        6.9657331703446991E-006  0.25000000000000000              808  0.11604490638015051                0
         131         132   8.4797441590329786E-002   6.4637458177469395E-002  -7.7121942017657882E-004  0.98912831439601701        128788.41655396212        26.485513546867381        8.2865553626553634       0.43606702684378545                0           0   36527.471829531067        1.6151620773559698E-004   6.2500000000000000E-002         834  0.12054489713688035                0
         137         138  0.13717930409073115       0.13193897190263901       -4.0334545728335997E-003  0.97817964388784162        48147.574536657077        16.722602131164937        11.704512028339511       0.23800346316734852                0           0   97706.173216745112        1.0141787278782275E-004  0.50000000000000000              840  0.66889378508377295                0
         167         168  0.11739175763496201        6.6852661947444644E-002  -1.3371095085191684E-003  0.97921691183512483        87047.450602289726        21.873015901955345        12.711396311074742       0.68341512970665963                0           0   54043.113555826756        1.3272323952673876E-004  0.50000000000000000              870  0.41888587959622375                0
         177         178  0.17518944591650459       0.15841447355487015       -4.8844045916293037E-002  0.97081544669269548        1948.4551180766894        2.1174370246531056        3.9864579426734332       0.80663427351328443                0           0   2414382.1502485364        1.2793853451865820E-005  0.25000000000000000              880  0.51030337194730890                0
         181         182  0.16494482085752635        4.8117280213717237E-002  -2.2342341753636167E-003  0.98308070947828008        38113.841390388654        13.238244572811659        5.5270543197012829       0.31297475137200598                0           0   123428.00111539195        8.0485139620415977E-005  0.50000000000000000              884   4.7730847575970584E-002           0
         193         194  0.13607741833753259        1.4509867592654014E-002  -3.3139095177587647E-004  0.98026160729439438        98477.807758994706        22.203845682541278        15.688979650410024       0.74733050261323575                0           0   47770.308506030713        1.3480179630591914E-004  0.50000000000000000              896   1.1838112127023384                0
         195         196  0.23980714281985319       0.16746154432118399       -1.7866781603804005E-002  0.96643523058497638        13874.745800257982        8.3762612435180923        11.005625258108941       0.99741374951226935                0           0   339055.96004197007        5.0498069052990366E-005  0.50000000000000000              898  0.75232675124527904                0
         207         208   9.9440827635248155E-002   5.0100703362626467E-002  -8.7683211256005204E-003  0.98112175417415370        2910.2243960466299        2.1174416066239212        4.2602837255282680       0.72543436317586962                0           0   1616478.5313583727        1.2860786271453537E-005  0.25000000000000000              910  0.45693463521480260                0
         225         226  0.11258739991983015        4.7810171057872303E-002  -9.4939383745014589E-004  0.98185672257896206        88575.957032427817        21.129198100363176        15.804031541841201       0.67759519417516378                0           0   53110.521356517827        1.2838083044770557E-004  0.50000000000000000              928   1.1130726435883869                0
         235         236   9.9158490776633662E-002   3.5661683213779022E-002  -5.1301121046354124E-003  0.96614283730650707        4095.4263718306088        2.5687641194955386        6.7734978607634568       0.31448138136392328                0           0   1148675.3345151674        1.5484037106406675E-005  0.50000000000000000              938  0.12242974881590064                0
         239         240   8.3253089810449737E-002   5.9845060969569666E-002  -7.4110620056441019E-004  0.97866503909393976        121080.59857328323        25.053451414275163        15.345403390718449       0.48764975723783371                0           0   38852.758518512826        1.5197941044801133E-004  0.50000000000000000              942  0.14786610935836589                0
         247         248  0.12867704596478571        5.6124925773135610E-002  -4.8755267774440045E-002  0.97148621675522984        348.47281385192167       0.55201979559906922        19.316815901198993       0.59439569369739798                0           0   13499805.639483234        3.3365167437779866E-006  0.50000000000000000              950  0.54688978995284132                0
         249         250   8.3325272192247987E-002   6.4931060179189190E-002  -5.9417119074347373E-003  0.97581540753508467        5929.7866670524481        3.3934150410168407        16.857138848401554       0.44904858570320305                0           0   793336.34104971308        2.0555510157367267E-005  0.50000000000000000              952   1.3360285208361424                0
         271         272  0.13618545113931463       0.10282415591629936       -1.7643068358636144E-003  0.98806680624688603        120181.93023047518        29.578155387187675        6.4885575075829820       0.48772310989303941                0           0   39143.282593508091        1.8027976026539725E-004  0.50000000000000000              974   8.5923930591889269E-002           0
         287         288   8.8414603939471620E-002   4.2704642040310346E-002  -5.8515194294090581E-004  0.98093659039144399        118941.02246670357        24.046383900145148        2.9960477595442145       0.61104808172574132                0           0   39551.663169548527        1.4603779329379048E-004  0.50000000000000000              990  0.21189487235700388                0
         291         292  0.10251315781699964        2.9651563345757474E-002  -1.1831110334550475E-003  0.98075559013170377        29765.556837160901        9.5746088155111213        9.6707885537672951       0.59315860248494401                0           0   158045.59892431262        5.8142920318824777E-005   6.2500000000000000E-002         994  0.24132731876038904                0
         303         304  0.77980953382043972       0.33783563817501155       -5.2382472905160467E-002  0.97671789874474535        28033.625192942258        18.742492285908785        6.0042440889879822       0.63208814526059776                0           0   167809.73653129677        1.1358394461059082E-004  0.50000000000000000             1006  0.22904378328820518                0
         311         312  0.16827131513595273       0.11782564957455051       -9.1314488263872420E-003  0.97485864189666582        15717.300866973132        8.0915100549741776        14.425829895263913       0.16791486082788301                0           0   299308.08714936365        4.8990345746074786E-005  0.50000000000000000             1014 -0.14303139294302786                0
         321         322  0.12252965187021556        4.0765808550071510E-002  -1.0952504619379879E-003  0.97557453106160041        63331.226025514967        16.995860241612995        16.919925179484650       0.41891574486631106                0           0   74281.133539866772        1.0293936416602254E-004  0.50000000000000000             1024  0.78428377160464358                0
         323         324  0.13577855073708561        2.1714876777924844E-002  -1.0672784058174505E-003  0.97737634574565457        30402.145619620234        10.295090097572151        12.284198353282685       0.62837949293500805                0           0   154736.29119810546        6.2411468000077191E-005  0.50000000000000000             1026  0.38844855266519202                0
         337         338  0.14234346256931027        4.8688670540606271E-002  -2.7220309402593351E-003  0.98436219341894415        24424.438780536861        9.4883723855236379        16.524110553166082       0.41341375734482860                0           0   192606.89262565569        5.7724153992768256E-005  0.50000000000000000             1040   1.5592173047894446                0
         357         358   7.9717634398698847E-002   3.5168480550120958E-002  -1.1543449013877967E-003  0.99034897964864510        29342.295402160125        9.0508997532508531        13.460155257531186       0.52043729083013912                0           0   160325.40035359471        5.5228836842580753E-005  0.50000000000000000             1060  0.89264527364815749                0
         363         364   8.0030474895858961E-002   2.5241398542184282E-002  -3.2505135387658957E-004  0.96900162088983910        125469.53716214608        23.159872534501439        10.188709164453783       0.68901717255806005                0           0   37493.684634903126        1.3980643129274424E-004  0.50000000000000000             1066  0.47994806434298065                0
         371         372   9.0756420354949963E-002   8.9399293653254358E-002  -1.4941626717007766E-003  0.97790038526241019        78336.750524128642        20.236383406048532        7.7691093668563544       0.42545801463421379                0           0   60052.468683849453        1.2271064128272370E-004  0.50000000000000000             1074  0.20677892615415958                0
         383         384   9.3433970454860987E-002   6.5975786712685114E-002  -2.9999592269293533E-003  0.97176827062077331        19385.313257799193        7.6576121486429507        13.230548137851754       0.48318263571118175                0           0   242674.19334851863        4.6290742961604388E-005  0.50000000000000000             1086  0.51364715186558285                0
         395         396  0.10118924464727580        7.2387835402996439E-002  -4.0679476328368365E-003  0.98184110250843104        15239.121285685993        6.7103307468978812        7.9491207946281373       0.47428347546673688                0           0   308699.90266850201        4.0771591993552411E-005  0.50000000000000000             1098   5.7220254150428015E-002           0
         401         402  0.11008182267075275        8.1520559788653676E-002  -2.1754919003101718E-003  0.98946501741247106        50292.904508829961        15.372504553420699        9.7854261912853655       0.44326124151692942                0           0   93538.349069078395        9.3761781152373525E-005  0.50000000000000000             1104  0.16443116650779196                0
         219         220   5.9461379470541447        2.5291364086335988      -0.75299076982192070       0.98221912150944157        80559.862777643633        74.428097414589246        9.5326591245416363       0.22071420134289363                0           0   58395.273967004177        4.5230718866207646E-004  0.50000000000000000              922  0.17192253383908390                0
         159         160  0.52009082554844766       0.13749382338007102       -6.8562166579241961E-003  0.98252657550525302        109146.58921206869        38.868446659729038        5.0849011988212984       0.57090094967342497                0           0   43100.891119047374        2.3624417772278330E-004  0.50000000000000000              862  0.20846641178282882                0
           1           2   2.0244841138268650       0.61000484406818434       -7.0741485713423660E-002  0.98738152934187551        118081.33591071346        65.056817812538299        13.743844170140072       0.47556965546883972                0           0   39839.617509086311        3.9638661146352313E-004  0.50000000000000000              704  0.10243705552849577                0
         283         284  0.18094602805437388        8.1870494517192083E-002  -1.6064068193646895E-003  0.97697797871714775        143540.44546752289        34.366892541613126        5.2908680985930854       0.29189069965857728                0           0   32773.447527785116        2.0829891525217590E-004  0.50000000000000000              986  -4.5385130014296532E-002           0
         185         186  0.24628085064239766        6.9358336926096664E-002  -1.8551080494142963E-003  0.99057546901522908        130681.44545928008        34.314639623851313        11.043117839053687       0.54708839811697973                0           0   35998.341165507023        2.0941269287605858E-004  0.50000000000000000              888  0.25105476725368830                0
         191         192  0.17819880543248182        5.0730547014061628E-002  -8.9966543292994278E-004  0.98450778698896024        174927.64032278312        37.446621017460309        16.181402092918223       0.62079359285838109                0           0   26892.921261409472        2.2782970840593575E-004  0.25000000000000000              894  0.50372127398816202                0
          71          72  0.16939743337267674        2.6319217633798585E-002  -4.7647967898261517E-004  0.96976219828091648        170003.73667627125        34.870225322542275        10.094212415725378       0.27374363180678024                0           0   27671.834452691655        1.5082883319385277E-004  0.25000000000000000              774 -0.14247563960197376                0
          53          54  0.10539273585624893        8.3691576402142989E-002  -9.4861616487088496E-004  0.98840746126056767        171334.30925667207        34.651436372167325        12.442418449856358       0.27820604293996071                0           0   27456.936547351612        2.1096666920612941E-004  0.50000000000000000              756 -0.17798945084374279                0
         245         246  0.10614450888457336        7.9534736728126665E-002  -8.8338078697462622E-004  0.97533507163214717        180155.36208468804        35.614411017835778        12.735829008063622       0.18330230515990012                0           0   26112.546433302068        2.1568078356416255E-004  0.50000000000000000              948  0.14753330945884946                0
         331         332  0.12214104311112879        9.8521910482032543E-002  -1.1537755047203683E-003  0.97154055198387024        188414.45473505274        38.868024797675822        13.114712761779112       0.29378937215440559                0           0   24967.910579153504        2.3493249830021899E-004  0.50000000000000000             1034   2.9655744512240199E-002           0
         203         204  0.10958957416913398        5.6611292613942377E-002  -6.2817234305771752E-004  0.98494187057407623        200051.97130642890        36.805509599966030        13.013526937990340       0.15120561638599572                0           0   23515.465640870621        1.6988547057778460E-004  0.50000000000000000              906 -0.19294176422568782                0
          21          22  0.17137201111473407        1.8580527211685235E-002  -2.8964617018065918E-004  0.97725619083110171        219756.57682243298        40.968444197440832        7.8483761089669857       0.23578288931291580                0           0   21406.937283364805        1.8343950172520064E-004  0.50000000000000000              724   9.5122981027504466E-002           0
         369         370  0.35577330781196675       0.28758888866695975       -6.5923629871082615E-003  0.96841922705639494        200307.85819162280        57.839387851881206        17.515944245167564       0.41225587698855726                0           0   23485.425385280789        3.4904883910831302E-004  0.50000000000000000             1072   1.6759521678000759                0
          77          78   9.3430964505624117E-002   2.0354482771848002E-002  -1.6334883162896549E-004  0.97425183352183942        309441.22681298596        43.386459025179242        13.830612607257988       0.53022794113942229                0           0   15202.613129787858        1.8457846561722538E-004  0.50000000000000000              780  0.92165185404077965                0
         315         316  0.30834333591613694       0.21242803698149326       -3.5544000840579989E-003  0.96932722246065328        288048.63087816222        68.675120176768687        10.515787490210895       0.36069998272955478                0           0   16331.670257563481        4.1463143421502049E-004   1.5625000000000000E-002        1018  0.21954123830653260                0
          89          90  0.20842321107894346       0.10223825271363279       -1.3435582502014560E-003  0.98702482580270168        297769.38109927031        59.104743533761280        8.3598896235983542       0.76950219196636183                0           0   15798.519109916271        3.6005640583131949E-004  0.50000000000000000              792  0.42740743216161386                0
         155         156  0.50373356431637750       0.18870347651975347       -4.6345267489272665E-003  0.98128177235206437        293320.33962033020        76.435433608783669        10.829897365927723       0.70229753161499731                0           0   16038.148816184937        4.6428632181207922E-004  0.50000000000000000              858  0.41993830548745675                0
         187         188  0.16652052450678573        4.4390738220572948E-002  -5.1200105471243477E-004  0.98740860044556455        313872.49940009229        53.803263366689940        7.9476486961066524       0.67715960804302533                0           0   14987.981637882163        1.5401396217716847E-004  0.50000000000000000              890  0.31316343434111049                0
         255         256   8.3811449474318997E-002   3.0344259974373743E-002  -1.9498774621546684E-004  0.99476358635673934        366335.73421504453        48.606227887337262        11.773247891320135       0.45938828685047567                0           0   12841.540746017587        1.7373772739312873E-004  0.50000000000000000              958  0.28093032378510852                0
          93          94   8.5361728603296438E-002   7.1347741082274679E-002  -4.1080252103106030E-004  0.97812880800934654        378910.90214675880        55.249666982163497        13.255777897376662       0.41999087766033327                0           0   12415.359998859836        1.7179347800011020E-004  0.50000000000000000              796  0.39490371520432227                0
          95         546  0.62290701776509083       0.52092362269304604       -3.7742741479733035E-003  0.93636666689808812        1958547.5320408533        320.39311109102033        10.862724126271793       0.50495637918589509                0           0   2401.9408161836918        1.4130881538755686E-003   3.9411454363030831E-003         798  0.36476882024210627                0
          67          68  0.52597586808430075       0.46375414949012228       -9.5351984985231255E-003  0.98266064699714351        341740.68956755206        95.332992401100725        16.938119750770475       0.42950211136768951                0           0   13765.745201713413        5.7947742737167690E-004  0.50000000000000000              770  0.11786705896526697                0
         213         214   8.6717284611907239E-002   1.7710005955573944E-002  -1.1427078035879827E-004  0.98213695314694749        400632.33674856107        50.085097135765906        8.2150640885294983       0.34377648488953455                0           0   11742.225542311169        1.5552041722878169E-004  0.50000000000000000              916  0.17829267735869866                0
         313         314  0.11479116130453372        5.7685466757393881E-002  -3.9453446450446250E-004  0.99253727403468150        435049.79924732697        62.547398305763593        4.9437057611139466       0.40694685647515322                0           0   10813.279918261374        1.7042172232509015E-004  0.50000000000000000             1016   9.0793810093443533E-002           0
         365         366  0.29906545429998188       0.27572229150032296       -3.4223050706489746E-003  0.97703614846779008        409915.73603235272        89.792227251814452        13.761948205468579       0.30177374013113339                0           0   11476.298283102440        5.4424978456707430E-004  0.50000000000000000             1068 -0.23144362216192782                0
         201         202  0.41909726131645580       0.36316033186407948       -5.4401348907038797E-003  0.97784193266974673        439642.50440806977        104.26124217537117        12.708467935462156       0.39043532858744434                0           0   10700.319487940789        6.3220712582260643E-004  0.50000000000000000              904   4.8955257499462342E-002           0
         171         172  0.11855449161888632       0.10910379859810015       -6.3808363105355751E-004  0.99690688946593098        502629.43037454027        75.543937317710842        3.3627361568650049       0.22857417195258661                0           0   9359.4106778413025        1.6222029374787257E-004  0.25000000000000000              874  -8.3761946781897495E-002           0
         347         348  0.19457293008789711        9.8264029982305379E-002  -8.4213227326918961E-004  0.97623178622328566        525292.62380639045        84.608893442837001        6.1176917323064579       0.40435243941534715                0           0   8955.6088253366652        5.1262384884362530E-004  0.12500000000000000             1050  0.17615129302531346                0
         343         344   9.9716206803828866E-002   3.9838043689421537E-002  -1.9541286924161294E-004  0.98547806040898511        644708.77578794607        75.758248904357316        17.709544557824429       0.58987393344781858                0           0   7296.8066114739531        4.6110969753691106E-004  0.50000000000000000             1046   1.8284415447484412                0
          55          56   8.3915877860446200E-002   1.7498204653530233E-002  -7.7740196882517218E-005  0.96898154446861051        677342.13462491788        70.390059717499767        13.505364818640343       0.16048584535965768                0           0   6945.2570823012566        1.8325936041652929E-004  0.50000000000000000              758 -0.19779420538976925                0
          99         100  0.11123848720615616        3.9011678252708890E-002  -1.9764343022701515E-004  0.98119635498491209        697449.45099556562        81.825121918085514        10.384879431267400       0.54273661130654349                0           0   6745.0268272914218        1.9609050585244134E-004  0.25000000000000000              802  0.13899903819107245                0
         391         392  0.13558686976987694        5.7578981684498085E-002  -2.5446740011902898E-004  0.98428057182237338        1015963.8259505472        114.33226250480101        13.149172115094172       0.34129642745980981                0           0   4630.3964151906221        1.9855493643177781E-004  0.50000000000000000             1094  0.14446626914625055                0
         385         386  0.12648191059682606        5.9749107023494945E-002  -2.5030111744847215E-004  0.99192399726360403        1010156.8010307509        112.51654391747591        14.267004572104414       0.28177778980891532                0           0   4657.0148840700185        1.9971473045980897E-004  0.50000000000000000             1088  -1.1146435317870323E-002           0
          41          42  0.11122608390456809        8.6847116325004775E-002  -3.0034655602715249E-004  0.97689552612968544        1076875.4069236529        119.85571002551679        3.4192522060037005       0.81728898859929289                0           0   4368.4861102769009        1.9934720720389158E-004  0.44130549828641608              744  0.51081114963087948                0
         345         346  0.55774375829353751       0.47607345656862060       -4.7923803546830179E-003  0.97923176074338625        1065819.0059203701        206.47940675782556        2.2690080055860213       0.24819200398169000                0           0   4413.8031237137029        1.2529054742208931E-003  0.50000000000000000             1048  -3.1934099541436292E-002           0
          73          74  0.94128231410560004       0.69908498357263338       -1.0547991353088345E-002  0.98595090542721642        1010924.7705775029        232.48741209934116        12.820697747803241       0.50075954384429278                0           0   4653.4770880699325        1.4155097427745917E-003  0.50000000000000000              776  0.32416144891645304                0
         285         286   8.9462339041284894E-002   4.2834040765278178E-002  -1.2838168338598593E-004  0.97556116315563901        1178106.6063545495        111.23605151706303        8.4664808217050140       0.65777166401560272                0           0   3993.1150816660524        1.4410236536712358E-004  0.25000000000000000              988  0.21625969949793125                0
         293         294  0.55382231722128972       0.12326253909399966       -1.3046202120956597E-003  0.97555013427591697        1208714.8768618368        195.00098063437505        13.318279650946206       0.48942992679902875                0           0   3891.9974823661364        1.1809822740092247E-003  0.50000000000000000              996  0.99482116817996302                0
         123         124  0.67985937278035102       0.12376754478802159       -1.4259437356367586E-003  0.97763450747397851        1328700.8239903566        219.90890269502705        10.336727412517568       0.54885964657595432                0           0   3540.5376234484115        1.3330674591925293E-003  0.25000000000000000              826  0.35001444482377408                0
           7           8  0.10772050310063933        1.1526931384030817E-002  -3.7943697728780554E-005  0.99082248886431246        1424470.1409572540        121.95279694780302        9.4085452442641841       0.44168461258841829                0           0   3302.5018372680170        1.6260639909577266E-004  0.25000000000000000              710  -2.5069127987836420E-002           0
         355         356  0.32294731613854971       0.22153041596011064       -1.4146791448691402E-003  0.98835597978780254        1280677.5733209376        188.46314208734015        6.4264175615548860       0.42031913170868995                0           0   3673.3018174480535        1.1488556879049804E-003  0.50000000000000000             1058   6.7403138163555948E-002           0
         117         118  0.40216802461087314       0.11268199431891886       -9.3948131643061938E-004  0.97690707695788359        1226845.1060164988        179.76007936485891        15.433799828353623       0.47008620460571632                0           0   3834.4818221751120        1.0894929361876689E-003  0.50000000000000000              820  0.95744322085305966                0
          85          86   8.0567479673496034E-002   7.0359839832317903E-002  -1.6540594186675728E-004  0.98642166572395873        1357017.8794508749        127.71821781941760        7.0515564813077498       0.31070652180306058                0           0   3466.6567986181526        1.9401392259058692E-004  0.25000000000000000              788  -7.2451190882014266E-002           0
          47          48   9.8900608463481726E-002   3.1153535981132970E-002  -9.0443949087021743E-005  0.96929450295796848        1448762.9164048610        126.95392421516813        15.294574026312196       0.79581825317045918                0           0   3247.1256714098058        1.9207619232510233E-004  0.50000000000000000              750  0.40635694706438080                0
         387         388  0.11696728908539532        8.3148869844046139E-002  -2.2937169284007123E-004  0.96258167663562166        1621808.5385049442        158.01571893241780        7.6093731150182586       0.55594868341458648                0           0   2900.6600631054825        4.9426183857404014E-004   2.9239258948265875E-005        1090  0.23434634070639676                0
         103         104   9.4240900685283069E-002   8.1646476448274677E-002  -1.9581474411928143E-004  0.97430932578693863        1543295.6101144454        146.43699954217337        6.7866859472511374       0.15235387671085585                0           0   3048.2269416265021        8.8618227905427590E-004  0.25000000000000000              806  -4.1257693004850410E-002           0
         215         216   9.9764396033006283E-002   5.7531129034738331E-002  -1.3467170227244636E-004  0.99202500142069505        1843377.2888768672        158.82594977762659        17.728974807651127       0.30282472555758166                0           0   2552.0089056272404        1.9606910170443681E-004  0.50000000000000000              918 -0.28061510831779746                0
          65          66   8.1196656538748205E-002   3.2700733033609646E-002  -6.2627861262289943E-005  0.98184767372588766        2149336.5504112290        157.99647215383459        10.687225421761374       0.56124047293687473                0           0   2188.7290088398181        1.9363885980735446E-004  0.50000000000000000              768  0.14543255251696352                0
          15          16  0.12041882448822794        4.7134796559794988E-002  -1.1370748620294229E-004  0.97825164521118502        2263928.7909641471        186.02285177799217        12.804934143069048       0.59151116379499935                0           0   2077.9431210119114        1.1281688166013199E-003  0.50000000000000000              718  0.22002488287882949                0
         243         244  0.10897784068549871        6.2870305948584129E-002  -1.2688985103554134E-004  0.99345305026723485        2514966.0648626112        201.22235189126619        12.151576585992180       0.35861451563938662                0           0   1870.5283237695505        1.2297376519750148E-003  0.50000000000000000              946   8.9293031410956764E-002           0
          37          38  0.10983277472157330        9.0349772612143470E-002  -1.6313461273031012E-004  0.98167519740275366        2786284.6185355540        226.68993556755197        16.179487705185856       0.58841296378505159                0           0   1688.3828831949368        1.3772225981147541E-003  0.50000000000000000              740  -8.2647736796678195E-002           0
         403         404  0.17519688796893346        3.8994197612049461E-002  -1.0593104936736457E-004  0.98389298078222509        2940513.5474156775        240.33799695794298        13.565500527394777       0.45221856031643159                0           0   1599.8277789875290        6.6213168221223456E-004   5.0309893564832423E-004        1106  0.12756498216606740                0
         127         128  0.41687934908818136       0.27898104023835063       -1.0601324713850049E-003  0.99434194081511351        3619474.9262651657        408.83142482301037        11.692779948820883       0.26849502307001899                0           0   1299.7231237899509        2.4997052625840904E-003  0.25000000000000000              830   2.8392775919115862E-002           0
         217         218   8.1228311512873880E-002   6.5270211912634449E-002  -8.4864059256294254E-005  0.97696892315676265        3390006.8490829859        232.81876606981328        14.715968614735393       0.75803207944404472                0           0   1387.7008121435813        1.4110585494170628E-003  0.50000000000000000              920  0.28162158574120028                0
         175         176   8.2952047495663137E-002   3.6571247402372269E-002  -5.1727426101415112E-005  0.99014147890996829        3413594.8360216413        218.55731723220723        15.969006601902477       0.60398273869666241                0           0   1378.1117805789120        6.8710585444275237E-004   1.3742372440682736E-003         878   4.1185293038876025E-002           0
         143         144  0.25022565110097550       0.15769561095085233       -3.9893226177458845E-004  0.97378367469115990        4047244.7606835263        368.61381757316616        8.4473122424414822       0.63036738357634903                0           0   1162.3500766111972        2.2305190603367172E-003  0.50000000000000000              846  0.20488336943552876                0
          61          62  0.16574606629006447        5.1105325148539382E-002  -1.0680914848388477E-004  0.98146224652464376        3985102.7316611102        295.54272204541036        9.3873298047747227       0.42859884680481602                0           0   1180.4752786595950        1.7952874583487142E-003  0.50000000000000000              764  0.31698023813854637                0
          29          30   9.2064989403419284E-002   3.8673592252436655E-002  -4.8326417632826574E-005  0.98790084533106615        4595724.3541263249        274.56410217347485        5.4883112809536234       0.80463078529779164                0           0   1023.6286807368981        1.6733196375634911E-003  0.12500000000000000              732  0.46489454498522415                0
         237         238  0.17519413512811899        4.8620481183886892E-002  -9.6133046925272949E-005  0.99516489023133436        4632593.2409340926        330.20636827131904        16.853272280605097       0.58164443716223024                0           0   1015.4820449326151        1.9984115928462558E-004  0.50000000000000000              940  0.71354233820445279                0
         147         148  0.31456825641218544       0.25964081492902225       -6.6243600918377415E-004  0.98456015427272825        4747337.3481747657        459.47645601886813        15.372105740178499       0.46598493608212477                0           0   990.93763780099937        1.9668248657376449E-004  0.50000000000000000              850  0.11976225700608767                0
         399         400  0.17014458503807270        6.6018282057290864E-002  -2.6982354040106155E-005  0.99086152872374178        45926906.527208559        1551.3930816345655        10.165579545979984       0.21836668075746349                0           0   102.43048385716502        5.6535818765170789E-003   8.7120097563850952E-005        1102 -0.15322464272150371                0
         281         282   8.0478030877779258E-002   1.6466831233086777E-002  -1.7957721202370882E-005  0.98263472565858456        5350089.6206383975        275.01443350632570        13.634285607559072       0.56493565475663243                0           0   879.29653355665153        1.2681737513917217E-003   2.0388114772916170E-003         984  0.45369278792394335                0
          45          46   8.6894120985331738E-002   8.6164685909330241E-002  -8.2040856412477007E-005  0.98387083180607882        5506893.1944410549        340.10174038637848        9.4228966103915202       0.62123684564546999                0           0   854.25939664011355        2.0685513436049150E-003  0.12500000000000000              748  0.51212463028239585                0
         161         162   9.3309048906446132E-002   9.2827486138433946E-002  -9.1369660792513927E-005  0.98814611195557689        5621483.3083904162        353.27888062940531        8.2145648246095675       0.48918852756485798                0           0   836.84589983986564        2.0577794008053130E-003   1.1984717415808630E-004         864  0.15913345232965842                0
         309         310  0.10545420084030525        5.3264404142991120E-002  -5.7855495593977865E-005  0.98363597107776712        6309425.5400360068        361.80592593708820        14.022890998876692       0.54618470335184754                0           0   745.60120058377254        2.2003001492994592E-003  0.50000000000000000             1012  -2.4897742297925518E-002           0
         189         190  0.11107991559331475        5.1209466390144058E-002  -5.9401457297079668E-005  0.98671314114777653        6112335.9088638304        356.86834591407722        18.150354951925472       0.17183342018057030                0           0   769.64278923590894        2.1736268209196817E-003  0.50000000000000000              892 -0.14562669905443132                0
         289         290  0.10428359770713377        2.3242149003040714E-002  -2.7029398882800469E-005  0.98098783940371381        6248188.7429289538        334.17598387271750        14.670854030572160       0.15930929150173206                0           0   752.90863499740078        1.6295752061017720E-003   1.0175796672086442E-003         992  -6.1277647335914238E-002           0
         115         116   9.5073144526220191E-002   4.6025486525321645E-002  -4.6726263478262970E-005  0.98361077625756288        6339435.9430684811        348.99124241529205        11.092992381726109       0.46545310454666516                0           0   742.07158174513086        2.1223306805025111E-003  0.25000000000000000              818  0.19416303651063649                0
         223         224  0.13901763968801717        6.0776114313866474E-002  -7.7058803944537725E-005  0.98945180507945518        6749150.9337844411        408.60145894680329        8.3731564550313475       0.36523857772911955                0           0   697.02327060078346        2.4216732962618519E-003   5.0350073418155175E-004         926  0.14864239966513526                0
         299         300   9.2079428251349071E-002   8.2023039557947389E-002  -6.9096336588027297E-005  0.98687458965168084        7196675.8443313371        407.34537239476020        17.499399378605762        9.6643212665372361E-002           0           0   653.67891501605538        2.1248156334596931E-003   1.0032412336388372E-003        1002 -0.35578000939452720                0
         199         200  0.11230093762090229        4.7925291740752780E-002  -4.9845320530023470E-005  0.98557578802919299        7365259.5215128316        402.38621163417127        12.748361192585394       0.32661967343577825                0           0   638.71683596540686        2.4494184751019071E-003  0.50000000000000000              902  0.84883930787833184                0
         373         374  0.15845034820673778       0.15233439132851201       -1.7085653305781479E-004  0.97950121319208017        7914595.8109528748        526.47639741044725        7.5983301211670549       0.42586588093416627                0           0   594.38477592684410        1.0532517803350039E-003   6.6746798407605004E-005        1076  0.13558135380934846                0
          69          70  0.10464422723177559       0.10349050793134676       -8.6377732787562200E-005  0.98042651398566583        8085705.8082159301        467.23280664956275        12.315144886412632       0.17386322620875616                0           0   581.80638391081243        2.8368343572848856E-003  0.50000000000000000              772 -0.15202399135594119                0
          51          52  0.11606384615255892        9.5064690585184505E-002  -1.2276543213329298E-004  0.98205345115529663        4872545.5793825211        334.93415447263214        1.6450661658523542       0.44158965957609619                0           0   965.47383313362923        1.9892380511386115E-004   6.2500000000000000E-002         754   4.7855993680370683E-002           0
         183         184  0.10185732075756881        5.4219839429199369E-002  -4.3501482037111326E-005  0.97506665367247469        9514132.2738669254        473.11395528409514        16.524664923697109       0.38157362968729569                0           0   494.45552387014914        1.7429833821296272E-003   3.0009961099001545E-005         886   1.2853698997173968                0
         265         266   8.4095384718170976E-002   3.6296916915751078E-002  -2.5177795750581676E-005  0.98207561243256880        10108952.583742931        451.79719370109922        6.4833663076726564       0.48032546146588906                0           0   465.36129422648332        2.0656621400426665E-003   1.1766722371925142E-003         968  0.24036461281068158                0
         367         368  0.20322917187314732       0.17631903439505672       -1.9839517207270147E-004  0.98269693671171232        10353018.195405211        673.09053397169737        16.873007483857837       0.51671043942185013                0           0   454.39070702421753        3.4189557023531097E-003   4.3626922283781957E-004        1070   1.6239441107757113                0
         305         306   8.5255713978393793E-002   1.6586699482616780E-002  -1.1931200371230782E-005  0.97557216214542408        10624387.113807641        441.69112072417624        14.453810044008097       0.27989928603047431                0           0   442.78462439785847        2.6751951435917505E-003  0.50000000000000000             1008  0.11283012327640568                0
         325         326  0.14296285691723640        1.8018411898666035E-002  -1.7591034512000332E-005  0.98525910189351285        11605238.715074902        545.71725305743564        5.9493645574531921       0.35917531598011326                0           0   405.36135215676182        1.9976652747874619E-004  0.25000000000000000             1028   2.7881813036974998E-002           0
         119         120  0.12744757891135747        8.2887871857059842E-002  -6.3848789170769046E-005  0.98269985033698937        12193204.574003790        616.57973866081329        6.0639566747756817       0.26778600544450804                0           0   385.81451078697370        3.7479255214838184E-003  0.25000000000000000              822   2.7744836998587624E-002           0
         133         134  0.13034205300579016        4.8697333779162973E-002  -3.8327059510656440E-005  0.98105467815684100        13234919.312879726        617.16825042091011        9.5322031990341713       0.45360010311100235                0           0   355.44721856118156        7.5830400308257836E-004   3.0329998643095871E-004         836  0.24258137912609209                0
          17          18   8.8310858010865509E-002   3.6165089814597706E-002  -2.2321003472730643E-005  0.98140412768925933        12747100.610456508        533.22349031307033        9.7367293058138866       0.35646552226728584                0           0   369.04982563531280        3.2391129273980847E-003  0.50000000000000000              720  -4.7031122127824426E-002           0
         275         276  0.13196141201412448        6.9014568623332620E-002  -4.7734083585970631E-005  0.97884490233602728        15446705.414152365        711.01453428767013        12.799842327383159       0.40231633283080276                0           0   304.55136752557223        4.3110052188740523E-003   6.6379096669576601E-004         978  0.41676783784832672                0
         221         222  0.10685030920939192        6.9974509155263417E-002  -3.1625290907444546E-005  0.98426739811391895        22715342.568914499        881.04978793292196        11.462556773141406       0.17728263355571053                0           0   207.09858296755456        4.7485976144348860E-003   4.5585294426427803E-005         924 -0.22390583644901418                0
         157         158  0.17882018552997023        8.7937108552675433E-002  -4.2075421376149888E-005  0.98508062779699024        36757964.158702284        1392.7705808272551        7.2847475922190528       0.37104637804909707                0           0   127.98084348017510        2.4042456784981446E-003   2.1658010514582715E-004         860   2.1536232147036316E-002           0
         145         146  0.11284151051838727        7.1741434973604884E-002  -2.4259717861464024E-005  0.99378156326896427        37282347.447020449        1243.5765974577021        13.596049798005902       0.40017842667704712                0           0   126.18076864204335        4.9804704171554982E-005   1.7067415410063977E-005         848  0.16385237584143408                0
         405         406   8.7236661288412828E-002   5.5735761705262711E-002  -1.4072219982536795E-005  0.99445045527554632        44632234.652881853        1287.6258805654079        14.682305126569878       0.62977517394985161                0           0   105.40174145954420        7.8733128566099032E-003  0.50000000000000000             1108   1.3791702501514436                0
