 1031347   1   373 105   0      1.3   7.73   4.63  5.582     0.0  -0.2148   0.0000
  -1.117645   0.000000   0.245611   0.096985  -0.663599   0.060150   0.000000   0.000000   0.000000   0.000000
   0.00000   0.00000   0.13442   0.02871   0.00000  -1.11764   0.00000   0.00000  -0.87203   0.66276   0.19282   0.00000   0.00000
 NAME(I1)    NAME(I2)    M1[M*]                    M2[M*]                    EB[NB]                    ECC                       P[Days]                   SEMI[AU]                  RI[PC]                    VI[km/s]                  K*(I1)      K*(I2)      ZN[NB]                    RP[NB]                    STEP(I1)[NB]              NAME(ICM)                 ECM[NB]                   K*(ICM)      
           3           4   8.7970317491499028E-002   4.9196061553816367E-002  -9.2897646351125171E-004  0.98018963898304645        71340.815372945974        17.361255191394889        4.0350924157441357       0.19408398370992949                0           0   65941.428242054317        1.0539810829294615E-004  0.50000000000000000              706   6.6949720275229080E-002           0
          59          60  0.52934127945164156       0.11516011942956719       -3.1001072744619322E-002  0.99635260950274573        9025.0375450904266        7.3279160146024838        14.129492039651330       0.89133850860094144                0           0   521251.59969045070        4.4850020571511419E-005  0.50000000000000000              762   1.3849825453673317                0
          63          64  0.11284127030153632        5.3401276685359052E-002  -1.4468849236327175E-003  0.97984293960292113        54774.265105649982        15.520472950299069        13.078227041286436       0.36670399211520144                0           0   85885.502043175962        9.4206442072616631E-005  0.25000000000000000              766  0.19067902906975981                0
          83          84  0.10272953417562042        4.1373672231505683E-002  -1.2819188696754095E-003  0.97370419826673227        41789.837138321200        12.356008093958177        16.388785052723847       0.40093920692744861                0           0   112570.79662870750        7.4766174595093939E-005  0.25000000000000000              786  0.30845019006748337                0
         131         132   8.4797441590329786E-002   6.4637458177469395E-002  -7.7121942017657882E-004  0.98912831439601701        128788.41655396212        26.485513546867381        7.1332219590249561       0.43930791371425432                0           0   36527.471829531067        1.6151620773559698E-004   1.5625000000000000E-002         834  0.10134024478921753                0
         137         138  0.13717930409073115       0.13193897190263901       -4.0334545728335997E-003  0.97817964388784162        48147.574536657077        16.722602131164937        7.5465079575155594       0.28110300029052870                0           0   97706.173216745112        1.0141787278782275E-004  0.50000000000000000              840  0.59664456454208770                0
         167         168  0.11739175763496201        6.6852661947444644E-002  -1.3371095085191684E-003  0.97921691183512483        87047.450602289726        21.873015901955345        14.211307537319767       0.69647972633980737                0           0   54043.113555826756        1.3272323952673876E-004  0.50000000000000000              870  0.41165902995720421                0
         177         178  0.17518944591650459       0.15841447355487015       -4.8844045916293037E-002  0.97081544669269548        1948.4551180766894        2.1174370246531056       0.93511625573402701       0.79686305179187733                0           0   2414382.1502485364        1.2793853451865820E-005  0.25000000000000000              880  0.48090133823842640                0
         181         182  0.16494482085752635        4.8117280213717237E-002  -2.2342341753636167E-003  0.98308070947828008        38113.841390388654        13.238244572811659        3.4973769929828955       0.33219731070964509                0           0   123428.00111539195        8.0485139620415977E-005  0.50000000000000000              884   3.1431854796195022E-002           0
         193         194  0.13607741833753259        1.4509867592654014E-002  -3.3139095177587647E-004  0.98026160729439438        98477.807758994706        22.203845682541278        14.888963118610672       0.76273529289480413                0           0   47770.308506030713        1.3480179630591914E-004  0.50000000000000000              896   1.0855871407586988                0
         195         196  0.23980714281985319       0.16746154432118399       -1.7866781603804005E-002  0.96643523058497638        13874.745800257982        8.3762612435180923        11.727990440073008        1.0164719163262126                0           0   339055.96004197007        5.0498069052990366E-005  0.50000000000000000              898  0.78999874721368535                0
         207         208   9.9440827635248155E-002   5.0100703362626467E-002  -8.7683211256005204E-003  0.98112175417415370        2910.2243960466299        2.1174416066239212        2.4383193607450564       0.73124969295089370                0           0   1616478.5313583727        1.2860786271453537E-005  0.25000000000000000              910  0.45351576316029729                0
         225         226  0.11258739991983015        4.7810171057872303E-002  -9.4939383745014589E-004  0.98185672257896206        88575.957032427817        21.129198100363176        14.940270105368530       0.70416026159325684                0           0   53110.521356517827        1.2838083044770557E-004  0.50000000000000000              928   1.0223721330603237                0
         235         236   9.9158490776633662E-002   3.5661683213779022E-002  -5.1301121046354124E-003  0.96614283730650707        4095.4263718306088        2.5687641194955386        2.9915019577965012       0.31611750079128920                0           0   1148675.3345151674        1.5484037106406675E-005  0.50000000000000000              938   8.2152259930453261E-002           0
         249         250   8.3325272192247987E-002   6.4931060179189190E-002  -5.9417119074347373E-003  0.97581540753508467        5929.7866670524481        3.3934150410168407        15.079122838822849       0.43444327357026818                0           0   793336.34104971308        2.0555510157367267E-005  0.25000000000000000              952   1.2424050269116167                0
         271         272  0.13618545113931463       0.10282415591629936       -1.7643068358636144E-003  0.98806680624688603        120181.93023047518        29.578155387187675        6.9639906992440945       0.48859303021597666                0           0   39143.282593508091        1.8027976026539725E-004  0.50000000000000000              974   9.2850625027551661E-002           0
         287         288   8.8414603939471620E-002   4.2704642040310346E-002  -5.8515194294090581E-004  0.98093659039144399        118941.02246670357        24.046383900145148        3.0303943215198643       0.60003238954519200                0           0   39551.663169548527        1.4603779329379048E-004  0.50000000000000000              990  0.19703686257930855                0
         291         292  0.10251315781699964        2.9651563345757474E-002  -1.1831110334550475E-003  0.98075559013170377        29765.556837160901        9.5746088155111213        11.870696007114372       0.58837310234651041                0           0   158045.59892431262        5.8142920318824777E-005   3.1250000000000000E-002         994  0.23393171616701766                0
         303         304  0.77980953382043972       0.33783563817501155       -5.2382472905160467E-002  0.97671789874474535        28033.625192942258        18.742492285908785        5.7153124482647231       0.63540591695935555                0           0   167809.73653129677        1.1358394461059082E-004  0.50000000000000000             1006  0.23340328236773811                0
         311         312  0.16827131513595273       0.11782564957455051       -9.1314488263872420E-003  0.97485864189666582        15717.300866973132        8.0915100549741776        16.052458045101655       0.16096650216192621                0           0   299308.08714936365        4.8990345746074786E-005  0.50000000000000000             1014 -0.12883211653757409                0
         321         322  0.12252965187021556        4.0765808550071510E-002  -1.0952504619379879E-003  0.97557453106160041        63331.226025514967        16.995860241612995        16.656656237225206       0.41963552376515917                0           0   74281.133539866772        1.0293936416602254E-004  0.25000000000000000             1024  0.71941671300545718                0
         323         324  0.13577855073708561        2.1714876777924844E-002  -1.0672784058174505E-003  0.97737634574565457        30402.145619620234        10.295090097572151        13.582250347561184       0.65323663933793397                0           0   154736.29119810546        6.2411468000077191E-005  0.25000000000000000             1026  0.36423997513557754                0
         337         338  0.14234346256931027        4.8688670540606271E-002  -2.7220309402593351E-003  0.98436219341894415        24424.438780536861        9.4883723855236379        12.451209731514556       0.40870026640181367                0           0   192606.89262565569        5.7724153992768256E-005  0.50000000000000000             1040   1.4565266711018050                0
         363         364   8.0030474895858961E-002   2.5241398542184282E-002  -3.2505135387658957E-004  0.96900162088983910        125469.53716214608        23.159872534501439        12.897421306927317       0.70618926608734911                0           0   37493.684634903126        1.3980643129274424E-004  0.50000000000000000             1066  0.54647129875861178                0
         371         372   9.0756420354949963E-002   8.9399293653254358E-002  -1.4941626717007766E-003  0.97790038526241019        78336.750524128642        20.236383406048532        10.814087189308578       0.45755905110442130                0           0   60052.468683849453        1.2271064128272370E-004  0.25000000000000000             1074  0.26808298347456105                0
         383         384   9.3433970454860987E-002   6.5975786712685114E-002  -2.9999592269293533E-003  0.97176827062077331        19385.313257799193        7.6576121486429507        10.263009871595989       0.47878883558655166                0           0   242674.19334851863        4.6290742961604388E-005  0.50000000000000000             1086  0.46704044795827970                0
         395         396  0.10118924464727580        7.2387835402996439E-002  -4.0679476328368365E-003  0.98184110250843104        15239.121285685993        6.7103307468978812        8.7936676456565195       0.49240827731726744                0           0   308699.90266850201        4.0771591993552411E-005  0.50000000000000000             1098   6.2471341375653709E-002           0
         401         402  0.11008182267075275        8.1520559788653676E-002  -2.1754919003101718E-003  0.98946501741247106        50292.904508829961        15.372504553420699        7.9805949166655736       0.43131846701283272                0           0   93538.349069078395        9.3761781152373525E-005  0.50000000000000000             1104  0.13731452266634309                0
         219         220   5.9461379470541447        2.5291364086335988      -0.75299076982192070       0.98221912150944157        80559.862777643633        74.428097414589246        6.6712840027151366       0.19605065645494404                0           0   58395.273967004177        4.5230718866207646E-004  0.50000000000000000              922  0.12510023302347950                0
         159         160  0.52009082554844766       0.13749382338007102       -6.8562166579241961E-003  0.98252657550525302        109146.58921206869        38.868446659729038        2.8624674196765847       0.57797302072899570                0           0   43100.891119047374        2.3624417772278330E-004  0.50000000000000000              862  0.18886760696803187                0
           1           2   2.0244841138268650       0.61000484406818434       -7.0741485713423660E-002  0.98738152934187551        118081.33591071346        65.056817812538299        15.955925345959560       0.48558687833605407                0           0   39839.617509086311        3.9638661146352313E-004  0.50000000000000000              704  0.12684320469371146                0
         283         284  0.18094602805437388        8.1870494517192083E-002  -1.6064068193646895E-003  0.97697797871714775        143540.44546752289        34.366892541613126        5.7426963007076219       0.28861281736364930                0           0   32773.447527785116        2.0829891525217590E-004  0.50000000000000000              986  -5.0589187211242372E-002           0
         185         186  0.24628085064239766        6.9358336926096664E-002  -1.8551080494142963E-003  0.99057546901522908        130681.44545928008        34.314639623851313        8.0594434633102967       0.53319029950236818                0           0   35998.341165507023        2.0941269287605858E-004  0.50000000000000000              888  0.21764815752440800                0
         191         192  0.17819880543248182        5.0730547014061628E-002  -8.9966543292994278E-004  0.98450778698896024        174927.64032278312        37.446621017460309        17.329501874676421       0.62583493479680175                0           0   26892.921261409472        2.2782970840593575E-004  0.25000000000000000              894  0.46985402266081089                0
          71          72  0.16939743337267674        2.6319217633798585E-002  -4.7647967898261517E-004  0.96976219828091648        170003.73667627125        34.870225322542275        10.934523537254741       0.27248547458864947                0           0   27671.834452691655        1.5082883319385277E-004  0.25000000000000000              774 -0.11814178423246671                0
          53          54  0.10539273585624893        8.3691576402142989E-002  -9.4861616487088496E-004  0.98840746126056767        171334.30925667207        34.651436372167325        13.494879605124542       0.25864243107997514                0           0   27456.936547351612        2.1096666920612941E-004  0.25000000000000000              756 -0.16973055949185770                0
         245         246  0.10614450888457336        7.9534736728126665E-002  -8.8338078697462622E-004  0.97533507163214717        180155.36208468804        35.614411017835778        9.0305485434534418       0.17012668869271241                0           0   26112.546433302068        2.1568078356416255E-004  0.50000000000000000              948  0.11104614865083590                0
         331         332  0.12214104311112879        9.8521910482032543E-002  -1.1537755047203683E-003  0.97154055198387024        188414.45473505274        38.868024797675822        16.496519012417195       0.29158850881192439                0           0   24967.910579153504        2.3493249830021899E-004  0.50000000000000000             1034   6.9071924677798519E-002           0
         203         204  0.10958957416913398        5.6611292613942377E-002  -6.2817234305771752E-004  0.98494187057407623        200051.97130642890        36.805509599966030        14.521732615756237       0.13732031301590131                0           0   23515.465640870621        1.6988547057778460E-004  0.50000000000000000              906 -0.16853700696141144                0
          21          22  0.17137201111473407        1.8580527211685235E-002  -2.8964617018065918E-004  0.97725619083110171        219756.57682243298        40.968444197440832        3.3989814479492457       0.24254063008206633                0           0   21406.937283364805        1.8343950172520064E-004  0.50000000000000000              724   6.6883218783790416E-002           0
         369         370  0.35577330781196675       0.28758888866695975       -6.5923629871082615E-003  0.96841922705639494        200307.85819162280        57.839387851881206        13.722356463322374       0.41338069403619410                0           0   23485.425385280789        3.4904883910831302E-004  0.50000000000000000             1072   1.5690478019257572                0
          77          78   9.3430964505624117E-002   2.0354482771848002E-002  -1.6334883162896549E-004  0.97425183352183942        309441.22681298596        43.386459025179242        10.380916958727921       0.55380022868892431                0           0   15202.613129787858        1.8457846561722538E-004  0.50000000000000000              780  0.84638852906473083                0
         315         316  0.30834333591613694       0.21242803698149326       -3.5544000840579989E-003  0.96932722246065328        288048.63087816222        68.675120176768687        7.4485821983512599       0.38915140008947874                0           0   16331.670257563481        4.1463143421502049E-004   1.5625000000000000E-002        1018  0.19709619527400174                0
          89          90  0.20842321107894346       0.10223825271363279       -1.3435582502014560E-003  0.98702482580270168        297769.38109927031        59.104743533761280        6.0257472417716196       0.75802981509423450                0           0   15798.519109916271        3.6005640583131949E-004  0.50000000000000000              792  0.40004850915021256                0
         155         156  0.50373356431637750       0.18870347651975347       -4.6345267489272665E-003  0.98128177235206437        293320.33962033020        76.435433608783669        11.480024005416565       0.72155702278827627                0           0   16038.148816184937        4.6428632181207922E-004  0.50000000000000000              858  0.45938939614069640                0
         187         188  0.16652052450678573        4.4390738220572948E-002  -5.1200105471243477E-004  0.98740860044556455        313872.49940009229        53.803263366689940        5.4940992812495066       0.66784248741080432                0           0   14987.981637882163        1.5401396217716847E-004  0.50000000000000000              890  0.29202633359547620                0
         255         256   8.3811449474318997E-002   3.0344259974373743E-002  -1.9498774621546684E-004  0.99476358635673934        366335.73421504453        48.606227887337262        9.1773708610257092       0.45687296312350939                0           0   12841.540746017587        1.7373772739312873E-004  0.50000000000000000              958  0.24040287145885256                0
          93          94   8.5361728603296438E-002   7.1347741082274679E-002  -4.1080252103106030E-004  0.97812880800934654        378910.90214675880        55.249666982163497        9.6715044287021179       0.44932405657920704                0           0   12415.359998859836        1.7179347800011020E-004  0.50000000000000000              796  0.35072172391971734                0
          95         546  0.62290701776509083       0.52092362269304604       -3.7742867644986171E-003  0.93638004952690568        1958537.7116249411        320.39204009455176        7.7679257750562485       0.51892937716176435                0           0   2401.9528598924603        1.6551905187326868E-003   4.5714603245609886E-003         798  0.32467717540785779                0
          67          68  0.52597586808430075       0.46375414949012228       -9.5351984985231255E-003  0.98266064699714351        341740.68956755206        95.332992401100725        15.501951943571024       0.43787771465669445                0           0   13765.745201713413        5.7947742737167690E-004  0.50000000000000000              770   7.0916150048676324E-002           0
         213         214   8.6717284611907239E-002   1.7710005955573944E-002  -1.1427078035879827E-004  0.98213695314694749        400632.33674856107        50.085097135765906        3.7493396931972405       0.35001903343087193                0           0   11742.225542311169        1.5552041722878169E-004  0.50000000000000000              916  0.15177906157168392                0
         313         314  0.11479116130453372        5.7685466757393881E-002  -3.9453446450446250E-004  0.99253727403468150        435049.79924732697        62.547398305763593        2.9539366956783635       0.42643563372787724                0           0   10813.279918261374        1.7042172232509015E-004  0.50000000000000000             1016   7.7411114365703471E-002           0
         365         366  0.29906545429998188       0.27572229150032296       -3.4223050706489746E-003  0.97703614846779008        409915.73603235272        89.792227251814452        13.087626396083589       0.29295347300274832                0           0   11476.298283102440        5.4424978456707430E-004  0.50000000000000000             1068 -0.23638148123267894                0
         201         202  0.41909726131645580       0.36316033186407948       -5.4401348907038797E-003  0.97784193266974673        439642.50440806977        104.26124217537117        15.498838341429499       0.38969985633215432                0           0   10700.319487940789        6.3220712582260643E-004  0.50000000000000000              904   7.1810661985665172E-002           0
         171         172  0.11855449161888632       0.10910379859810015       -6.3808363105355751E-004  0.99690688946593098        502629.43037454027        75.543937317710842        4.4006780414791633       0.23579408151154088                0           0   9359.4106778413025        1.6222029374787257E-004  0.25000000000000000              874  -7.3401151011302748E-002           0
         347         348  0.19457293008789711        9.8264029982305379E-002  -8.4213227326918961E-004  0.97623178622328566        525292.62380639045        84.608893442837001        5.4436429676410825       0.39463068848518668                0           0   8955.6088253366652        5.1262384884362530E-004  0.12500000000000000             1050  0.15704232885580560                0
         343         344   9.9716206803828866E-002   3.9838043689421537E-002  -1.9541286924161294E-004  0.98547806040898511        644708.77578794607        75.758248904357316        13.903214512281433       0.57852551648198636                0           0   7296.8066114739531        4.6110969753691106E-004  0.50000000000000000             1046   1.7344893291517995                0
          99         100  0.11123848720615616        3.9011678252708890E-002  -1.9764343022701515E-004  0.98119635498491209        697449.45099556562        81.825121918085514        9.6216748188476124       0.54697227804724957                0           0   6745.0268272914218        1.9609050585244134E-004  0.25000000000000000              802  0.13522101160083608                0
         391         392  0.13558686976987694        5.7578981684498085E-002  -2.5446740011902898E-004  0.98428057182237338        1015963.8259505472        114.33226250480101        12.098851017825460       0.31823897000553775                0           0   4630.3964151906221        1.9855493643177781E-004  0.50000000000000000             1094  0.10357164582261240                0
         385         386  0.12648191059682606        5.9749107023494945E-002  -2.5030111744847215E-004  0.99192399726360403        1010156.8010307509        112.51654391747591        17.179061139813509       0.27521377637921524                0           0   4657.0148840700185        1.9971473045980897E-004  0.50000000000000000             1088   7.4586450855728490E-003           0
          41          42  0.11122608390456809        8.6847116325004775E-002  -3.0034655602715249E-004  0.97689552612968544        1076875.4069236529        119.85571002551679        1.4826875491377316       0.83432415948141869                0           0   4368.4861102769009        1.9934720720389158E-004  0.44130549828641608              744  0.51975071648335214                0
         345         346  0.55774375829353751       0.47607345656862060       -4.7923803546830179E-003  0.97923176074338625        1065819.0059203701        206.47940675782556        2.6109719469197818       0.24921225954686302                0           0   4413.8031237137029        1.2529054742208931E-003  0.50000000000000000             1048  -4.2396927918474145E-002           0
          73          74  0.94128231410560004       0.69908498357263338       -1.0547991353088345E-002  0.98595090542721642        1010924.7705775029        232.48741209934116        16.670184183996714       0.52166252193373031                0           0   4653.4770880699325        1.4155097427745917E-003  0.50000000000000000              776  0.38526514053703587                0
         285         286   8.9462339041284894E-002   4.2834040765278178E-002  -1.2838168338598593E-004  0.97556116315563901        1178106.6063545495        111.23605151706303        9.7784350193577314       0.66532513646869740                0           0   3993.1150816660524        1.4410236536712358E-004  0.50000000000000000              988  0.22807093085918076                0
         293         294  0.55382231722128972       0.12326253909399966       -1.3046202120956597E-003  0.97555013427591697        1208714.8768618368        195.00098063437505        9.5153951486912920       0.52633619979654844                0           0   3891.9974823661364        1.1809822740092247E-003  0.50000000000000000              996  0.92235187745485581                0
         123         124  0.67985937278035102       0.12376754478802159       -1.4259437356367586E-003  0.97763450747397851        1328700.8239903566        219.90890269502705        7.2585043683509509       0.57162468070163075                0           0   3540.5376234484115        1.3330674591925293E-003  0.25000000000000000              826  0.32063063482821008                0
           7           8  0.10772050310063933        1.1526931384030817E-002  -3.7943697728780554E-005  0.99082248886431246        1424470.1409572540        121.95279694780302        12.146846636499765       0.46147381509017615                0           0   3302.5018372680170        1.6260639909577266E-004   6.2500000000000000E-002         710  -9.6497836460965603E-003           0
         355         356  0.32294731613854971       0.22153041596011064       -1.4146791448691402E-003  0.98835597978780254        1280677.5733209376        188.46314208734015        5.9557913077996378       0.43555586713580180                0           0   3673.3018174480535        1.1488556879049804E-003  0.50000000000000000             1058   6.7199920743651886E-002           0
          85          86   8.0567479673496034E-002   7.0359839832317903E-002  -1.6540594186675728E-004  0.98642166572395873        1357017.8794508749        127.71821781941760        8.5410616762051532       0.30960170819561639                0           0   3466.6567986181526        1.9401392259058692E-004   6.2500000000000000E-002         788  -5.6317945848141551E-002           0
         387         388  0.11696728908539532        8.3148869844046139E-002  -2.2937550360269883E-004  0.96231256803522247        1621768.1224517841        158.01309371574544        3.4803098597050433       0.58299579320004591                0           0   2900.7323504008659        7.1873938256701965E-004   1.6935245679187700E-005        1090  0.19604056247935003                0
         103         104   9.4240900685283069E-002   8.1646476448274677E-002  -1.9581474411928143E-004  0.97430932578693863        1543295.6101144454        146.43699954217337        3.3572664406413919       0.16023504148071988                0           0   3048.2269416265021        8.8618227905427590E-004  0.25000000000000000              806  -5.3809064532010065E-002           0
          65          66   8.1196656538748205E-002   3.2700733033609646E-002  -6.2627861262289943E-005  0.98184767372588766        2149336.5504112290        157.99647215383459        12.803943002554215       0.55488889798005780                0           0   2188.7290088398181        1.9363885980735446E-004  0.50000000000000000              768  0.17609636858811911                0
          15          16  0.12041882448822794        4.7134796559794988E-002  -1.1370748620294229E-004  0.97825164521118502        2263928.7909641471        186.02285177799217        12.176112921873568       0.58892876304875941                0           0   2077.9431210119114        1.1281688166013199E-003  0.50000000000000000              718  0.17994947763566632                0
         243         244  0.10897784068549871        6.2870305948584129E-002  -1.2688985103554134E-004  0.99345305026723485        2514966.0648626112        201.22235189126619        9.6284930909746027       0.37162942260847009                0           0   1870.5283237695505        1.2297376519750148E-003  0.50000000000000000              946   7.3309523457510323E-002           0
         403         404  0.17519688796893346        3.8994197612049461E-002  -1.0593124085998351E-004  0.98389292342742918        2940505.5740400059        240.33756249732400        17.098555780411097       0.42445637415100773                0           0   1599.8321170265397        1.3160159352823280E-003   7.1794301614985442E-004        1106  0.14928782369662419                0
         127         128  0.41687934908818136       0.27898104023835063       -1.0601324713850049E-003  0.99434194081511351        3619474.9262651657        408.83142482301037        12.888302769112105       0.28534335423009521                0           0   1299.7231237899509        2.4997052625840904E-003  0.25000000000000000              830  -2.2804189910558964E-003           0
         217         218   8.1228311512873880E-002   6.5270211912634449E-002  -8.4864059256294254E-005  0.97696892315676265        3390006.8490829859        232.81876606981328        16.183954172316042       0.74671633378685431                0           0   1387.7008121435813        1.4110585494170628E-003  0.50000000000000000              920  0.32169463965349254                0
         143         144  0.25022565110097550       0.15769561095085233       -3.9893226177458845E-004  0.97378367469115990        4047244.7606835263        368.61381757316616        9.1706253515762786       0.64328263899463434                0           0   1162.3500766111972        2.2305190603367172E-003  0.50000000000000000              846  0.21915145558543309                0
          61          62  0.16574606629006447        5.1105325148539382E-002  -1.0680914848388477E-004  0.98146224652464376        3985102.7316611102        295.54272204541036        6.0156991268370428       0.43967795703980028                0           0   1180.4752786595950        1.7952874583487142E-003  0.50000000000000000              764  0.27991228211126251                0
          29          30   9.2064989403419284E-002   3.8673592252436655E-002  -4.8326417632826574E-005  0.98790084533106615        4595724.3541263249        274.56410217347485        6.6253792500900897       0.82668387414768496                0           0   1023.6286807368981        1.6733196375634911E-003  0.25000000000000000              732  0.51034115426231597                0
         405         406   8.7236661288412828E-002   5.5735761705262711E-002  -1.4072219982536795E-005  0.99445045527554632        44632234.652881853        1287.6258805654079        9.9255228142374747       0.66431877291614105                0           0   105.40174145954420        7.8733128566099032E-003  0.50000000000000000             1108   1.2953825581263674                0
          45          46   8.6894120985331738E-002   8.6164685909330241E-002  -8.2040856412477007E-005  0.98387083180607882        5506893.1944410549        340.10174038637848        7.5662961248609362       0.63905649149188237                0           0   854.25939664011355        2.0685513436049150E-003  0.25000000000000000              748  0.47196777591608480                0
         161         162   9.3309048906446132E-002   9.2827486138433946E-002  -9.1369578912518535E-005  0.98826420264961645        5621490.8648518119        353.27919721697708        7.2063277240765302       0.48801123243988404                0           0   836.84477494366149        4.2653720069466130E-004   2.8155868218313403E-005         864  0.13998874987887566                0
         289         290  0.10428359770713377        2.3242149003040714E-002  -2.7029455281889159E-005  0.98098876691593317        6248169.1869317871        334.17528658819003        17.251428600469978       0.16364128993163343                0           0   752.91099150835475        2.0050468680204844E-003   5.6183730640277829E-004         992  -4.6018342329039508E-002           0
         115         116   9.5073144526220191E-002   4.6025486525321645E-002  -4.6726263478262970E-005  0.98361077625756288        6339435.9430684811        348.99124241529205        12.761850606186988       0.47631586367602408                0           0   742.07158174513086        2.1223306805025111E-003  0.12500000000000000              818  0.16990488494165840                0
         223         224  0.13901763968801717        6.0776114313866474E-002  -7.7058782181481755E-005  0.98945846680689964        6749153.7929425258        408.60157434463559        4.2275292749044064       0.33761215273936812                0           0   697.02297531936313        1.8256781125308625E-003   4.3502530573805479E-004         926  0.10423143364435733                0
         199         200  0.11230093762090229        4.7925291740752780E-002  -4.9845320530023470E-005  0.98557578802919299        7365259.5215128316        402.38621163417127        8.9570731593988455       0.36407736364641030                0           0   638.71683596540686        2.4494184751019071E-003  0.50000000000000000              902  0.76389655124962330                0
         373         374  0.15845034820673778       0.15233439132851201       -1.7085703948469051E-004  0.97949748304246165        7914560.6222266331        526.47483691403522        3.8008596972063740       0.40651674948073624                0           0   594.38741860584548        3.1315262526233783E-003   5.6785287700833534E-005        1076  0.10375192708791110                0
          69          70  0.10464422723177559       0.10349050793134676       -8.6377732787562200E-005  0.98042651398566583        8085705.8082159301        467.23280664956275        11.954917349228314       0.16859561092436742                0           0   581.80638391081243        2.8368343572848856E-003  0.50000000000000000              772 -0.16213868226490102                0
          51          52  0.11606384615255892        9.5064690585184505E-002  -1.2276543213329298E-004  0.98205345115529663        4872545.5793825211        334.93415447263214        5.3635620935380297       0.45385571439697248                0           0   965.47383313362923        1.9892380511386115E-004  0.25000000000000000              754   6.4226170917114953E-002           0
         265         266   8.4095384718170976E-002   3.6296916915751078E-002  -2.5177933504016186E-005  0.98207403668097448        10108869.621749679        451.79472182964389        3.2506980581793674       0.50588026175987244                0           0   465.36511337758492        2.3943827739718411E-003   6.3409634861054224E-004         968  0.21603014204802395                0
         367         368  0.20322917187314732       0.17631903439505672       -1.9839422402765896E-004  0.98268898751426981        10353092.404768026        673.09375039670681        13.085478415350357       0.52436840225198678                0           0   454.38745002200801        2.8517536648623781E-003   3.9681544826349215E-004        1070   1.5319041208036481                0
         305         306   8.5255713978393793E-002   1.6586699482616780E-002  -1.1931200371230782E-005  0.97557216214542408        10624387.113807641        441.69112072417624        12.232851136291002       0.26146255841910071                0           0   442.78462439785847        2.6751951435917505E-003  0.50000000000000000             1008   7.8403234978701275E-002           0
         325         326  0.14296285691723640        1.8018411898666035E-002  -1.7591034512000332E-005  0.98525910189351285        11605238.715074902        545.71725305743564        8.1683332855904105       0.37654856796166214                0           0   405.36135215676182        1.9976652747874619E-004  0.25000000000000000             1028   2.6618728045048334E-002           0
         119         120  0.12744757891135747        8.2887871857059842E-002  -6.3848789170769046E-005  0.98269985033698937        12193204.574003790        616.57973866081329        10.322286551717850       0.25570981366936285                0           0   385.81451078697370        3.7479255214838184E-003  0.12500000000000000              822   6.7845519682622674E-002           0
         133         134  0.13034205300579016        4.8697333779162973E-002  -3.8327327529061700E-005  0.98105277826167425        13234780.487816961        617.16393463734482        5.6491402277863640       0.47580198025258441                0           0   355.45094699343417        3.1001223258009425E-003   6.0221536540333923E-004         836  0.20952720917883036                0
          17          18   8.8310858010865509E-002   3.6165089814597706E-002  -2.2321003472730643E-005  0.98140412768925933        12747100.610456508        533.22349031307033        9.0208220059391575       0.36394175983583787                0           0   369.04982563531280        3.2391129273980847E-003  0.50000000000000000              720  -4.3248283508564675E-002           0
         275         276  0.13196141201412448        6.9014568623332620E-002  -4.7734062873895855E-005  0.97885649179771972        15446715.467770252        711.01484280082218        9.9968894156982238       0.42020009595631802                0           0   304.55116930588707        4.2534572733194161E-003   6.5916671635208235E-004         978  0.37088030228327484                0
         221         222  0.10685030920939192        6.9974509155263417E-002  -3.1625801599313040E-005  0.98443210751302013        22714792.361805663        881.03556078484428        12.601620857616576       0.19352239668728147                0           0   207.10359939520944        4.1650737904624100E-003   4.2876516116656243E-005         924 -0.20276237133098124                0
         157         158  0.17882018552997023        8.7937108552675433E-002  -4.2075685974284157E-005  0.98507408761071713        36757617.423769049        1392.7618222178917        6.2268658929818130       0.37189400774194664                0           0   127.98205072461393        7.8116733563211036E-003   3.8781057549545060E-004         860   8.1346176815892835E-003           0
         145         146  0.11284151051838727        7.1741434973604884E-002  -2.4259721688765104E-005  0.99378764121744634        37282338.624324642        1243.5764012665784        10.994380234669579       0.41458221085643571                0           0   126.18079850214814        6.4245794671398369E-003   2.1327833739851002E-004         848  0.14863996272570590                0
         399         400  0.17014458503807270        6.6018282057290864E-002  -2.6984360588032680E-005  0.99072834179434921        45921783.958586082        1551.2777205697364        11.371327375965709       0.22718227433672344                0           0   102.44190996341266        8.9839398472638179E-003   1.1151353956801656E-004        1102 -0.12836146293310918                0
         267         268  0.11152016154947933        1.9237634443879208E-002  -2.0555967061389473E-005  0.97570798075852327        7747938.2350632083        388.94346668736313        2.5166492556878857       0.54402137138605866                0           0   607.16994830385158        1.8360105805659806E-003   5.2405179358325563E-004         970  0.15215621615349800                0
