 122 751   1   452 102   0      0.8   0.46   4.88  5.788     0.0  -0.2385   0.0000
  -1.209976   0.000000   0.288333   0.062472  -0.571267   0.053723   0.000000   0.000000   0.000000   0.000000
   0.00000   0.00000   0.15217   0.03455   0.00000  -1.20998   0.00000   0.00000  -0.92164   0.77512   0.21060   0.00000   0.00000
 NAME(I1)    NAME(I2)    M1[M*]                    M2[M*]                    EB[NB]                    ECC                       P[Days]                   SEMI[AU]                  RI[PC]                    VI[km/s]                  K*(I1)      K*(I2)      ZN[NB]                    RP[NB]                    STEP(I1)[NB]              NAME(ICM)                 ECM[NB]                   K*(ICM)      
           3           4   8.7970317491499028E-002   4.9196061553816367E-002  -9.2897646351125171E-004  0.98018963898304645        71340.815372945974        17.361255191394889        7.4798140124555275       0.18453297068934493                0           0   65941.428242054317        1.0539810829294615E-004  0.50000000000000000              706  0.11010835137845472                0
          57          58   8.8793517676333700E-002   7.4789808565780366E-002  -1.3944536633748324E-003  0.99288618157622466        67519.482439442989        17.747571380570307        13.417783573408871       0.65807448335075169                0           0   69673.449613065080        1.0843421479498632E-004  0.50000000000000000              760   1.1518828003737418                0
          59          60  0.52934127945164156       0.11516011942956719       -3.1001072744619322E-002  0.99635260950274573        9025.0375450904266        7.3279160146024838        16.834925732838499       0.83252353985930438                0           0   521251.59969045070        4.4850020571511419E-005  0.50000000000000000              762   1.4518355186545022                0
          63          64  0.11284127030153632        5.3401276685359052E-002  -1.4468849236327175E-003  0.97984293960292113        54774.265105649982        15.520472950299069        12.080732217407920       0.38756647062340960                0           0   85885.502043175962        9.4206442072616631E-005  0.50000000000000000              766  0.23326053468878274                0
          83          84  0.10272953417562042        4.1373672231505683E-002  -1.2819188696754095E-003  0.97370419826673227        41789.837138321200        12.356008093958177        13.929082130426409       0.36585023329407973                0           0   112570.79662870750        7.4766174595093939E-005  0.50000000000000000              786  0.23216226447849198                0
          87          88  0.10306885414503236        3.0345968261083246E-002  -4.1821248241819420E-003  0.98428134930470224        4652.7998571211401        2.7870887101701558        15.224146175052310       0.31193270982463328                0           0   1011071.9141389197        1.6955045282497800E-005  0.50000000000000000              790   8.7734011696918177E-002           0
         105         106  0.12790761581087476        8.1406408734692293E-002  -3.3640542461646258E-002  0.96974758674909145        989.02684361157492        1.1534833915785283        18.631948194217092       0.31781025284163211                0           0   4756509.1767037120        6.9657331703446991E-006  0.50000000000000000              808  0.11607083019115419                0
         131         132   8.4797441590329786E-002   6.4637458177469395E-002  -7.7121942017657882E-004  0.98912831439601701        128788.41655396212        26.485513546867381        8.0802674798780210       0.44443565837648402                0           0   36527.471829531067        1.6151620773559698E-004  0.25000000000000000              834  0.12152615391786624                0
         137         138  0.13717930409073115       0.13193897190263901       -4.0334545728335997E-003  0.97817964388784162        48147.574536657077        16.722602131164937        11.679291525331427       0.20868404471924556                0           0   97706.173216745112        1.0141787278782275E-004  0.50000000000000000              840  0.66873709951056337                0
         167         168  0.11739175763496201        6.6852661947444644E-002  -1.3371095085191684E-003  0.97921691183512483        87047.450602289726        21.873015901955345        12.758645379532009       0.67918683491453447                0           0   54043.113555826756        1.3272323952673876E-004  0.50000000000000000              870  0.41892394714478354                0
         177         178  0.17518944591650459       0.15841447355487015       -4.8844045916293037E-002  0.97081544669269548        1948.4551180766894        2.1174370246531056        3.7735338133477843       0.80641250249011487                0           0   2414382.1502485364        1.2793853451865820E-005  0.50000000000000000              880  0.50984911300380398                0
         181         182  0.16494482085752635        4.8117280213717237E-002  -2.2342341753636167E-003  0.98308070947828008        38113.841390388654        13.238244572811659        5.3451072573370713       0.30983826669040193                0           0   123428.00111539195        8.0485139620415977E-005  0.50000000000000000              884   4.9188124814791831E-002           0
         193         194  0.13607741833753259        1.4509867592654014E-002  -3.3139095177587647E-004  0.98026160729439438        98477.807758994706        22.203845682541278        15.673452296965543       0.72864598088408850                0           0   47770.308506030713        1.3480179630591914E-004  0.50000000000000000              896   1.1884169726749207                0
         195         196  0.23980714281985319       0.16746154432118399       -1.7866781603804005E-002  0.96643523058497638        13874.745800257982        8.3762612435180923        10.976640469058520       0.99122822957120171                0           0   339055.96004197007        5.0498069052990366E-005  0.50000000000000000              898  0.75049228889781028                0
         207         208   9.9440827635248155E-002   5.0100703362626467E-002  -8.7683211256005204E-003  0.98112175417415370        2910.2243960466299        2.1174416066239212        4.0503814593915672       0.73268211568482844                0           0   1616478.5313583727        1.2860786271453537E-005  0.50000000000000000              910  0.45651053315816797                0
         225         226  0.11258739991983015        4.7810171057872303E-002  -9.4939383745014589E-004  0.98185672257896206        88575.957032427817        21.129198100363176        15.833567893232772       0.65149641463863261                0           0   53110.521356517827        1.2838083044770557E-004  0.50000000000000000              928   1.1134525046546555                0
         235         236   9.9158490776633662E-002   3.5661683213779022E-002  -5.1301121046354124E-003  0.96614283730650707        4095.4263718306088        2.5687641194955386        6.7835957152760811       0.30533972067626342                0           0   1148675.3345151674        1.5484037106406675E-005  0.50000000000000000              938  0.12398716039003735                0
         239         240   8.3253089810449737E-002   5.9845060969569666E-002  -7.4110620056441019E-004  0.97866503909393976        121080.59857328323        25.053451414275163        15.571700185300370       0.48131519139645174                0           0   38852.758518512826        1.5197941044801133E-004  0.50000000000000000              942  0.14811508231967857                0
         247         248  0.12867704596478571        5.6124925773135610E-002  -4.8755267774440045E-002  0.97148621675522984        348.47281385192167       0.55201979559906922        19.220667978889342       0.60337239918516694                0           0   13499805.639483234        3.3365167437779866E-006  0.50000000000000000              950  0.54687220899798028                0
         249         250   8.3325272192247987E-002   6.4931060179189190E-002  -5.9417119074347373E-003  0.97581540753508467        5929.7866670524481        3.3934150410168407        16.650458941299735       0.47304560943829538                0           0   793336.34104971308        2.0555510157367267E-005  0.50000000000000000              952   1.3358542706591749                0
         271         272  0.13618545113931463       0.10282415591629936       -1.7643068358636144E-003  0.98806680624688603        120181.93023047518        29.578155387187675        6.5322827854998531       0.49404821515533731                0           0   39143.282593508091        1.8027976026539725E-004  0.50000000000000000              974   8.5856934317050812E-002           0
         287         288   8.8414603939471620E-002   4.2704642040310346E-002  -5.8515194294090581E-004  0.98093659039144399        118941.02246670357        24.046383900145148        2.9169971034025144       0.61278070094199799                0           0   39551.663169548527        1.4603779329379048E-004  0.50000000000000000              990  0.21287437890780578                0
         291         292  0.10251315781699964        2.9651563345757474E-002  -1.1831110334550475E-003  0.98075559013170377        29765.556837160901        9.5746088155111213        9.5177038206852078       0.59255861811299493                0           0   158045.59892431262        5.8142920318824777E-005   6.2500000000000000E-002         994  0.24135725925326867                0
         303         304  0.77980953382043972       0.33783563817501155       -5.2382472905160467E-002  0.97671789874474535        28033.625192942258        18.742492285908785        5.9168208289625559       0.63397359595843805                0           0   167809.73653129677        1.1358394461059082E-004  0.50000000000000000             1006  0.22973853405063277                0
         311         312  0.16827131513595273       0.11782564957455051       -9.1314488263872420E-003  0.97485864189666582        15717.300866973132        8.0915100549741776        14.455256231536824       0.17220380500485236                0           0   299308.08714936365        4.8990345746074786E-005  0.50000000000000000             1014 -0.14267456355642602                0
         321         322  0.12252965187021556        4.0765808550071510E-002  -1.0952504619379879E-003  0.97557453106160041        63331.226025514967        16.995860241612995        16.812054862090925       0.43171279967194792                0           0   74281.133539866772        1.0293936416602254E-004  0.50000000000000000             1024  0.78460485338964314                0
         323         324  0.13577855073708561        2.1714876777924844E-002  -1.0672784058174505E-003  0.97737634574565457        30402.145619620234        10.295090097572151        12.198448775205328       0.61655574233368415                0           0   154736.29119810546        6.2411468000077191E-005  0.50000000000000000             1026  0.38849104597073147                0
         337         338  0.14234346256931027        4.8688670540606271E-002  -2.7220309402593351E-003  0.98436219341894415        24424.438780536861        9.4883723855236379        16.376875597562368       0.43262833945667239                0           0   192606.89262565569        5.7724153992768256E-005  0.50000000000000000             1040   1.5593141622199871                0
         357         358   7.9717634398698847E-002   3.5168480550120958E-002  -1.1543449013877967E-003  0.99034897964864510        29342.295402160125        9.0508997532508531        13.566065439971263       0.51394800565762333                0           0   160325.40035359471        5.5228836842580753E-005  0.50000000000000000             1060  0.89404521876239884                0
         363         364   8.0030474895858961E-002   2.5241398542184282E-002  -3.2505135387658957E-004  0.96900162088983910        125469.53716214608        23.159872534501439        10.090665377555114       0.68644736894778191                0           0   37493.684634903126        1.3980643129274424E-004  0.50000000000000000             1066  0.47941975073110704                0
         371         372   9.0756420354949963E-002   8.9399293653254358E-002  -1.4941626717007766E-003  0.97790038526241019        78336.750524128642        20.236383406048532        7.8547980656069196       0.41362049532113032                0           0   60052.468683849453        1.2271064128272370E-004  0.50000000000000000             1074  0.20617088744925854                0
         383         384   9.3433970454860987E-002   6.5975786712685114E-002  -2.9999592269293533E-003  0.97176827062077331        19385.313257799193        7.6576121486429507        12.861300797897803       0.49902274651323769                0           0   242674.19334851863        4.6290742961604388E-005  0.50000000000000000             1086  0.51454988524762335                0
         395         396  0.10118924464727580        7.2387835402996439E-002  -4.0679476328368365E-003  0.98184110250843104        15239.121285685993        6.7103307468978812        7.7079094701676691       0.47392531031607366                0           0   308699.90266850201        4.0771591993552411E-005  0.50000000000000000             1098   5.7620664183924142E-002           0
         401         402  0.11008182267075275        8.1520559788653676E-002  -2.1754919003101718E-003  0.98946501741247106        50292.904508829961        15.372504553420699        9.5944651900960327       0.45615792377362768                0           0   93538.349069078395        9.3761781152373525E-005  0.50000000000000000             1104  0.16398000524669062                0
         219         220   5.9461379470541447        2.5291364086335988      -0.75299076982192070       0.98221912150944157        80559.862777643633        74.428097414589246        9.4305708956245446       0.23289368237477701                0           0   58395.273967004177        4.5230718866207646E-004  0.50000000000000000              922  0.17286772244680246                0
         159         160  0.52009082554844766       0.13749382338007102       -6.8562166579241961E-003  0.98252657550525302        109146.58921206869        38.868446659729038        4.8962065688762095       0.57005681953803156                0           0   43100.891119047374        2.3624417772278330E-004  0.50000000000000000              862  0.21648574281673708                0
           1           2   2.0244841138268650       0.61000484406818434       -7.0741485713423660E-002  0.98738152934187551        118081.33591071346        65.056817812538299        13.897449193768079       0.47011370565378752                0           0   39839.617509086311        3.9638661146352313E-004  0.50000000000000000              704  0.10254582837242951                0
         283         284  0.18094602805437388        8.1870494517192083E-002  -1.6064068193646895E-003  0.97697797871714775        143540.44546752289        34.366892541613126        5.2348325225335657       0.29715786758579144                0           0   32773.447527785116        2.0829891525217590E-004  0.50000000000000000              986  -4.4809702414375638E-002           0
         185         186  0.24628085064239766        6.9358336926096664E-002  -1.8551080494142963E-003  0.99057546901522908        130681.44545928008        34.314639623851313        10.619302599608593       0.55505499942023517                0           0   35998.341165507023        2.0941269287605858E-004  0.50000000000000000              888  0.25126030988038850                0
         191         192  0.17819880543248182        5.0730547014061628E-002  -8.9966543292994278E-004  0.98450778698896024        174927.64032278312        37.446621017460309        16.053580038987100       0.61938655076831650                0           0   26892.921261409472        2.2782970840593575E-004  0.50000000000000000              894  0.50375376050499820                0
          71          72  0.16939743337267674        2.6319217633798585E-002  -4.7647967898261517E-004  0.96976219828091648        170003.73667627125        34.870225322542275        10.055803002097086       0.27012856717480443                0           0   27671.834452691655        1.5082883319385277E-004  0.50000000000000000              774 -0.14233501125410808                0
          53          54  0.10539273585624893        8.3691576402142989E-002  -9.4861616487088496E-004  0.98840746126056767        171334.30925667207        34.651436372167325        12.382933108730235       0.28896880147221976                0           0   27456.936547351612        2.1096666920612941E-004  0.50000000000000000              756 -0.17520419858249187                0
         245         246  0.10614450888457336        7.9534736728126665E-002  -8.8338078697462622E-004  0.97533507163214717        180155.36208468804        35.614411017835778        12.494671561237043       0.20275187899556368                0           0   26112.546433302068        2.1568078356416255E-004  0.50000000000000000              948  0.14743845655244259                0
         331         332  0.12214104311112879        9.8521910482032543E-002  -1.1537755047203683E-003  0.97154055198387024        188414.45473505274        38.868024797675822        13.386993938758492       0.29591039370249284                0           0   24967.910579153504        2.3493249830021899E-004  0.50000000000000000             1034   2.9496272389197900E-002           0
         203         204  0.10958957416913398        5.6611292613942377E-002  -6.2817234305771752E-004  0.98494187057407623        200051.97130642890        36.805509599966030        13.040154739124565       0.15933149613354733                0           0   23515.465640870621        1.6988547057778460E-004  0.50000000000000000              906 -0.19267667663455920                0
          21          22  0.17137201111473407        1.8580527211685235E-002  -2.8964617018065918E-004  0.97725619083110171        219756.57682243298        40.968444197440832        7.7340607974961282       0.24132840604488609                0           0   21406.937283364805        1.8343950172520064E-004  0.50000000000000000              724   9.6045364191134963E-002           0
         369         370  0.35577330781196675       0.28758888866695975       -6.5923629871082615E-003  0.96841922705639494        200307.85819162280        57.839387851881206        17.413864916950015       0.43364899730334050                0           0   23485.425385280789        3.4904883910831302E-004  0.50000000000000000             1072   1.6797072748384525                0
          77          78   9.3430964505624117E-002   2.0354482771848002E-002  -1.6334883162896549E-004  0.97425183352183942        309441.22681298596        43.386459025179242        13.716689374831319       0.52201847683985925                0           0   15202.613129787858        1.8457846561722538E-004  0.50000000000000000              780  0.92312100231616889                0
         315         316  0.30834333591613694       0.21242803698149326       -3.5544000840579989E-003  0.96932722246065328        288048.63087816222        68.675120176768687        10.262469395168036       0.36249575589679850                0           0   16331.670257563481        4.1463143421502049E-004   3.1250000000000000E-002        1018  0.22003875050045305                0
          89          90  0.20842321107894346       0.10223825271363279       -1.3435582502014560E-003  0.98702482580270168        297769.38109927031        59.104743533761280        7.8867954089488741       0.77189631819420990                0           0   15798.519109916271        3.6005640583131949E-004  0.50000000000000000              792  0.42825546762600963                0
         155         156  0.50373356431637750       0.18870347651975347       -4.6345267489272665E-003  0.98128177235206437        293320.33962033020        76.435433608783669        11.073868473529455       0.69054568269350380                0           0   16038.148816184937        4.6428632181207922E-004  0.50000000000000000              858  0.41940310192887642                0
         187         188  0.16652052450678573        4.4390738220572948E-002  -5.1200105471243477E-004  0.98740860044556455        313872.49940009229        53.803263366689940        7.5060385416002502       0.67864029037360385                0           0   14987.981637882163        1.5401396217716847E-004  0.50000000000000000              890  0.31139694358418413                0
         255         256   8.3811449474318997E-002   3.0344259974373743E-002  -1.9498774621546684E-004  0.99476358635673934        366335.73421504453        48.606227887337262        11.508297925915535       0.46386349002531541                0           0   12841.540746017587        1.7373772739312873E-004  0.50000000000000000              958  0.28231688849774444                0
          93          94   8.5361728603296438E-002   7.1347741082274679E-002  -4.1080252103106030E-004  0.97812880800934654        378910.90214675880        55.249666982163497        13.084173717059523       0.40227105678188246                0           0   12415.359998859836        1.7179347800011020E-004  0.50000000000000000              796  0.39437083963634806                0
          95         546  0.62290701776509083       0.52092362269304604       -3.7742804252094094E-003  0.93635264821985986        1958542.6459729990        320.39257822568482        10.630458661465742       0.50442488505026661                0           0   2401.9468084176801        1.8865869554709070E-003   1.2839314654169204E-003         798  0.36829280745358539                0
          67          68  0.52597586808430075       0.46375414949012228       -9.5351984985231255E-003  0.98266064699714351        341740.68956755206        95.332992401100725        16.850726545693899       0.41455970019249577                0           0   13765.745201713413        5.7947742737167690E-004  0.50000000000000000              770  0.11793127849545063                0
         213         214   8.6717284611907239E-002   1.7710005955573944E-002  -1.1427078035879827E-004  0.98213695314694749        400632.33674856107        50.085097135765906        8.0761012635565503       0.35160529774906774                0           0   11742.225542311169        1.5552041722878169E-004  0.50000000000000000              916  0.17847816163994146                0
         313         314  0.11479116130453372        5.7685466757393881E-002  -3.9453446450446250E-004  0.99253727403468150        435049.79924732697        62.547398305763593        4.8020250976178911       0.39861188101654593                0           0   10813.279918261374        1.7042172232509015E-004  0.50000000000000000             1016   9.1087997328560252E-002           0
         365         366  0.29906545429998188       0.27572229150032296       -3.4223050706489746E-003  0.97703614846779008        409915.73603235272        89.792227251814452        13.626723375971000       0.29697610813000208                0           0   11476.298283102440        5.4424978456707430E-004  0.50000000000000000             1068 -0.23172180784659627                0
         201         202  0.41909726131645580       0.36316033186407948       -5.4401348907038797E-003  0.97784193266974673        439642.50440806977        104.26124217537117        13.008418380370319       0.39108585244712024                0           0   10700.319487940789        6.3220712582260643E-004  0.50000000000000000              904   4.8695531127842542E-002           0
         171         172  0.11855449161888632       0.10910379859810015       -6.3808363105355751E-004  0.99690688946593098        502629.43037454027        75.543937317710842        3.1284258209275539       0.22931116210763833                0           0   9359.4106778413025        1.6222029374787257E-004  0.25000000000000000              874  -8.3127634799335895E-002           0
         347         348  0.19457293008789711        9.8264029982305379E-002  -8.4213227326918961E-004  0.97623178622328566        525292.62380639045        84.608893442837001        5.9600730108482072       0.41850782346949111                0           0   8955.6088253366652        5.1262384884362530E-004   6.2500000000000000E-002        1050  0.17593174640711756                0
         343         344   9.9716206803828866E-002   3.9838043689421537E-002  -1.9541286924161294E-004  0.98547806040898511        644708.77578794607        75.758248904357316        17.545226784193321       0.61540286275929335                0           0   7296.8066114739531        4.6110969753691106E-004  0.50000000000000000             1046   1.8251169583682962                0
          55          56   8.3915877860446200E-002   1.7498204653530233E-002  -7.7740196882517218E-005  0.96898154446861051        677342.13462491788        70.390059717499767        13.544302694070876       0.15501901621718148                0           0   6945.2570823012566        1.8325936041652929E-004  0.50000000000000000              758 -0.19780147393030373                0
          99         100  0.11123848720615616        3.9011678252708890E-002  -1.9764343022701515E-004  0.98119635498491209        697449.45099556562        81.825121918085514        10.378860115334634       0.54305423475831571                0           0   6745.0268272914218        1.9609050585244134E-004  0.50000000000000000              802  0.14080690916684560                0
         391         392  0.13558686976987694        5.7578981684498085E-002  -2.5446740011902898E-004  0.98428057182237338        1015963.8259505472        114.33226250480101        12.930907032458748       0.35225653598493573                0           0   4630.3964151906221        1.9855493643177781E-004  0.50000000000000000             1094  0.14429836618689140                0
         385         386  0.12648191059682606        5.9749107023494945E-002  -2.5030111744847215E-004  0.99192399726360403        1010156.8010307509        112.51654391747591        14.254336738348867       0.28173762814005365                0           0   4657.0148840700185        1.9971473045980897E-004  0.50000000000000000             1088  -1.1011185462919220E-002           0
          41          42  0.11122608390456809        8.6847116325004775E-002  -3.0034655602715249E-004  0.97689552612968544        1076875.4069236529        119.85571002551679        3.3481777130266406       0.81644737637678078                0           0   4368.4861102769009        1.9934720720389158E-004  0.50000000000000000              744  0.51139672658980473                0
         345         346  0.55774375829353751       0.47607345656862060       -4.7923803546830179E-003  0.97923176074338625        1065819.0059203701        206.47940675782556        2.1980582484030999       0.24331832160921704                0           0   4413.8031237137029        1.2529054742208931E-003  0.50000000000000000             1048  -3.1659462139345958E-002           0
          73          74  0.94128231410560004       0.69908498357263338       -1.0547991353088345E-002  0.98595090542721642        1010924.7705775029        232.48741209934116        13.211334517612514       0.48826138307123595                0           0   4653.4770880699325        1.4155097427745917E-003  0.50000000000000000              776  0.32407874338566728                0
         285         286   8.9462339041284894E-002   4.2834040765278178E-002  -1.2838168338598593E-004  0.97556116315563901        1178106.6063545495        111.23605151706303        8.5243170890922695       0.65511009698206812                0           0   3993.1150816660524        1.4410236536712358E-004  0.25000000000000000              988  0.21665853596413728                0
         293         294  0.55382231722128972       0.12326253909399966       -1.3046202120956597E-003  0.97555013427591697        1208714.8768618368        195.00098063437505        13.200301366112001       0.47515224835818148                0           0   3891.9974823661364        1.1809822740092247E-003  0.50000000000000000              996  0.99428444450254161                0
         123         124  0.67985937278035102       0.12376754478802159       -1.4259437356367586E-003  0.97763450747397851        1328700.8239903566        219.90890269502705        10.170195787130643       0.54031821733638363                0           0   3540.5376234484115        1.3330674591925293E-003  0.25000000000000000              826  0.34982549228860210                0
           7           8  0.10772050310063933        1.1526931384030817E-002  -3.7943697728780554E-005  0.99082248886431246        1424470.1409572540        121.95279694780302        9.3347185133322963       0.43768176961089339                0           0   3302.5018372680170        1.6260639909577266E-004  0.25000000000000000              710  -2.5116674312968171E-002           0
         355         356  0.32294731613854971       0.22153041596011064       -1.4146791448691402E-003  0.98835597978780254        1280677.5733209376        188.46314208734015        6.5781596253890342       0.41722266936583263                0           0   3673.3018174480535        1.1488556879049804E-003  0.50000000000000000             1058   6.7339104873780600E-002           0
         117         118  0.40216802461087314       0.11268199431891886       -9.3948131643061938E-004  0.97690707695788359        1226845.1060164988        179.76007936485891        15.324599047301733       0.50502339071011160                0           0   3834.4818221751120        1.0894929361876689E-003  0.50000000000000000              820  0.95826557609733809                0
          85          86   8.0567479673496034E-002   7.0359839832317903E-002  -1.6540594186675728E-004  0.98642166572395873        1357017.8794508749        127.71821781941760        6.9139215729236438       0.30500084878690892                0           0   3466.6567986181526        1.9401392259058692E-004  0.25000000000000000              788  -7.2528650587967064E-002           0
          47          48   9.8900608463481726E-002   3.1153535981132970E-002  -9.0443949087021743E-005  0.96929450295796848        1448762.9164048610        126.95392421516813        15.581540821059901       0.80636175690153333                0           0   3247.1256714098058        1.9207619232510233E-004  0.50000000000000000              750  0.40654304395761826                0
         387         388  0.11696728908539532        8.3148869844046139E-002  -2.2937298740156756E-004  0.98767037188455065        1621794.8085015793        158.01482710523334        7.6730565755859361       0.30989934463944002                0           0   2900.6846198941835        7.3719681945542785E-004   1.5537343063328719E-005        1090 -0.17774622102361873                0
         103         104   9.4240900685283069E-002   8.1646476448274677E-002  -1.9581474411928143E-004  0.97430932578693863        1543295.6101144454        146.43699954217337        6.5670238936098970       0.15605553569459341                0           0   3048.2269416265021        8.8618227905427590E-004  0.25000000000000000              806  -4.3380522445900072E-002           0
         215         216   9.9764396033006283E-002   5.7531129034738331E-002  -1.3467170227244636E-004  0.99202500142069505        1843377.2888768672        158.82594977762659        17.706124778626560       0.29236076274362849                0           0   2552.0089056272404        1.9606910170443681E-004  0.50000000000000000              918 -0.28045972837043254                0
          65          66   8.1196656538748205E-002   3.2700733033609646E-002  -6.2627861262289943E-005  0.98184767372588766        2149336.5504112290        157.99647215383459        10.570667535762839       0.55813355656896546                0           0   2188.7290088398181        1.9363885980735446E-004  0.50000000000000000              768  0.14569358971935290                0
          15          16  0.12041882448822794        4.7134796559794988E-002  -1.1370748620294229E-004  0.97825164521118502        2263928.7909641471        186.02285177799217        12.496259487820442       0.58261251133144509                0           0   2077.9431210119114        1.1281688166013199E-003  0.25000000000000000              718  0.22020741504550859                0
         243         244  0.10897784068549871        6.2870305948584129E-002  -1.2688985103554134E-004  0.99345305026723485        2514966.0648626112        201.22235189126619        11.895062772688897       0.35266085658881163                0           0   1870.5283237695505        1.2297376519750148E-003  0.50000000000000000              946   8.9422454173181218E-002           0
          37          38  0.10983277472157330        9.0349772612143470E-002  -1.6313461273031012E-004  0.98167519740275366        2786284.6185355540        226.68993556755197        16.129751196949890       0.58613476722431890                0           0   1688.3828831949368        1.3772225981147541E-003  0.50000000000000000              740  -8.2746179463031144E-002           0
         403         404  0.17519688796893346        3.8994197612049461E-002  -1.0593099759533003E-004  0.98389425317381374        2940515.7031074623        240.33811441919002        13.534157227837547       0.45836757339586742                0           0   1599.8266061539350        3.9848111089572138E-004   3.8480908117571530E-004        1106  0.12897001738814950                0
         127         128  0.41687934908818136       0.27898104023835063       -1.0601324713850049E-003  0.99434194081511351        3619474.9262651657        408.83142482301037        11.706176096042075       0.25454939422671335                0           0   1299.7231237899509        2.4997052625840904E-003  0.50000000000000000              830   2.8425344326053613E-002           0
         217         218   8.1228311512873880E-002   6.5270211912634449E-002  -8.4864059256294254E-005  0.97696892315676265        3390006.8490829859        232.81876606981328        14.911528061454453       0.76768375346464079                0           0   1387.7008121435813        1.4110585494170628E-003  0.50000000000000000              920  0.28185039280548568                0
         175         176   8.2952047495663137E-002   3.6571247402372269E-002  -5.1727433803986075E-005  0.99014129699275444        3413594.0735600172        218.55728468751826        15.799045878217086       0.59225610195417211                0           0   1378.1120883944645        5.4185982481549553E-004   1.2624327128486041E-003         878   4.0494218714220653E-002           0
         143         144  0.25022565110097550       0.15769561095085233       -3.9893226177458845E-004  0.97378367469115990        4047244.7606835263        368.61381757316616        8.3216554308093400       0.62856816791120829                0           0   1162.3500766111972        2.2305190603367172E-003  0.50000000000000000              846  0.20593125709694668                0
          61          62  0.16574606629006447        5.1105325148539382E-002  -1.0680914848388477E-004  0.98146224652464376        3985102.7316611102        295.54272204541036        9.2469444196185080       0.42647291835935824                0           0   1180.4752786595950        1.7952874583487142E-003  0.50000000000000000              764  0.31668491453217873                0
          29          30   9.2064989403419284E-002   3.8673592252436655E-002  -4.8326417632826574E-005  0.98790084533106615        4595724.3541263249        274.56410217347485        5.6304428521148573       0.79893279192816724                0           0   1023.6286807368981        1.6733196375634911E-003  0.25000000000000000              732  0.46478441184490571                0
         237         238  0.17519413512811899        4.8620481183886892E-002  -9.6133046925272949E-005  0.99516489023133436        4632593.2409340926        330.20636827131904        17.236141360809825       0.57077929602227795                0           0   1015.4820449326151        1.9984115928462558E-004  0.50000000000000000              940  0.71359472096453302                0
         147         148  0.31456825641218544       0.25964081492902225       -6.6243600918377415E-004  0.98456015427272825        4747337.3481747657        459.47645601886813        15.490937758903195       0.46194227654683312                0           0   990.93763780099937        1.9668248657376449E-004  0.50000000000000000              850  0.11985029036007264                0
         399         400  0.17014458503807270        6.6018282057290864E-002  -2.6982325096707425E-005  0.99086029635694528        45926980.424535058        1551.3947457827958        10.289531365484995       0.22528552914137037                0           0   102.43031904469882        5.5549867746359531E-003   8.6356959803526287E-005        1102 -0.15318892426237840                0
         281         282   8.0478030877779258E-002   1.6466831233086777E-002  -1.7957698567316167E-005  0.98263067985136365        5350099.7360445280        275.01478015245783        14.053327726890904       0.54902194315647235                0           0   879.29487107520526        1.4240367612338215E-003   2.1798010118037840E-003         984  0.45247785725686707                0
          45          46   8.6894120985331738E-002   8.6164685909330241E-002  -8.2040856412477007E-005  0.98387083180607882        5506893.1944410549        340.10174038637848        9.4016836086345883       0.61410888776000483                0           0   854.25939664011355        2.0685513436049150E-003  0.50000000000000000              748  0.51222270688032667                0
         161         162   9.3309048906446132E-002   9.2827486138433946E-002  -9.1370348066435484E-005  0.98811263591181309        5621419.8825904457        353.27622331916376        7.9647046519968132       0.49732698179110163                0           0   836.85534187083965        4.6107921673832985E-004   1.1081151340063576E-004         864  0.15924967910730078                0
         309         310  0.10545420084030525        5.3264404142991120E-002  -5.7855495593977865E-005  0.98363597107776712        6309425.5400360068        361.80592593708820        13.935655004493681       0.53710008359019024                0           0   745.60120058377254        2.2003001492994592E-003  0.50000000000000000             1012  -2.5040517104872512E-002           0
         189         190  0.11107991559331475        5.1209466390144058E-002  -5.9401457297079668E-005  0.98671314114777653        6112335.9088638304        356.86834591407722        18.258899952222961       0.16062601627891326                0           0   769.64278923590894        2.1736268209196817E-003  0.50000000000000000              892 -0.14537968957786321                0
         289         290  0.10428359770713377        2.3242149003040714E-002  -2.7029416928418966E-005  0.98098709016555907        6248182.4857234154        334.17576076719018        14.743198753499472       0.16160450727443984                0           0   752.90938899331741        1.8281456764253734E-003   1.0763253098052400E-003         992  -6.0562137040608276E-002           0
         115         116   9.5073144526220191E-002   4.6025486525321645E-002  -4.6726263478262970E-005  0.98361077625756288        6339435.9430684811        348.99124241529205        11.019448397368203       0.45700603331112960                0           0   742.07158174513086        2.1223306805025111E-003  0.50000000000000000              818  0.19412444640286597                0
         223         224  0.13901763968801717        6.0776114313866474E-002  -7.7058781699042728E-005  0.98944813416602606        6749153.8563237870        408.60157690275219        8.1822486316406771       0.37680363204131695                0           0   697.02296877362471        1.2951360422222124E-003   7.4138517685724988E-004         926  0.15105687955401251                0
         299         300   9.2079428251349071E-002   8.2023039557947389E-002  -6.9096078597017082E-005  0.98687483882854987        7196716.1508026021        407.34689334133577        17.401894600446155       0.10557779743754785                0           0   653.67525397262216        9.9148185215773240E-004   6.7973215782421892E-004        1002 -0.35603866597749440                0
         199         200  0.11230093762090229        4.7925291740752780E-002  -4.9845320530023470E-005  0.98557578802919299        7365259.5215128316        402.38621163417127        12.752603488478215       0.29479251023136788                0           0   638.71683596540686        2.4494184751019071E-003  0.50000000000000000              902  0.84866372264379997                0
         373         374  0.15845034820673778       0.15233439132851201       -1.7085725448768855E-004  0.97951231387392901        7914545.6829687245        526.47417440972026        7.2921742989181668       0.43626957459710203                0           0   594.38854055362367        3.0466544137938236E-003   2.2466085768425314E-004        1076  0.13628432396077284                0
          69          70  0.10464422723177559       0.10349050793134676       -8.6377732787562200E-005  0.98042651398566583        8085705.8082159301        467.23280664956275        12.293298021871072       0.17621521497169784                0           0   581.80638391081243        2.8368343572848856E-003  0.50000000000000000              772 -0.15186276397748738                0
         267         268  0.11152016154947933        1.9237634443879208E-002  -2.0549618940687832E-005  0.97571375646869318        7751528.7137156408        389.06361782397408        4.4531513676947423       0.52587522754095428                0           0   606.88870949041257        3.3851118409324341E-004   2.3700823063799284E-004         970  0.14514274546684314                0
         183         184  0.10185732075756881        5.4219839429199369E-002  -4.3501389470959006E-005  0.97501206099491522        9514162.6414171271        473.11496201833927        16.702692691424904       0.35137994717043036                0           0   494.45394565422936        2.6632182315211963E-004   2.4743458009000741E-005         886   1.2764635551963863                0
         265         266   8.4095384718170976E-002   3.6296916915751078E-002  -2.5177838045509710E-005  0.98207818764716859        10108927.111505698        451.79643475071765        6.3713793780211585       0.46899871308045032                0           0   465.36246683294831        2.2228680956116712E-003   1.2278635679045041E-003         968  0.24145745573843702                0
         367         368  0.20322917187314732       0.17631903439505672       -1.9839401737522505E-004  0.98270274624658760        10353108.580852842        673.09445150888564        16.789171805678468       0.52791816733511632                0           0   454.38674007002857        2.5643292398427465E-003   3.7855179065994835E-004        1070   1.6207739006175523                0
         305         306   8.5255713978393793E-002   1.6586699482616780E-002  -1.1931200371230782E-005  0.97557216214542408        10624387.113807641        441.69112072417624        14.300555490803877       0.29083777819322326                0           0   442.78462439785847        2.6751951435917505E-003  0.50000000000000000             1008  0.11352027359305110                0
         325         326  0.14296285691723640        1.8018411898666035E-002  -1.7591034512000332E-005  0.98525910189351285        11605238.715074902        545.71725305743564        6.0530176578481498       0.35175223783343668                0           0   405.36135215676182        1.9976652747874619E-004  0.25000000000000000             1028   2.7695041492273670E-002           0
         119         120  0.12744757891135747        8.2887871857059842E-002  -6.3848789170769046E-005  0.98269985033698937        12193204.574003790        616.57973866081329        6.2395166738339309       0.27171407043870727                0           0   385.81451078697370        3.7479255214838184E-003  0.50000000000000000              822   2.7189317583089595E-002           0
         133         134  0.13034205300579016        4.8697333779162973E-002  -3.8327222395973017E-005  0.98105629020474994        13234834.943144705        617.16562754245535        9.4568151892573358       0.43474027915609192                0           0   355.44948447441527        2.4731783569801897E-003   5.4071899780546481E-004         836  0.24138966771905185                0
          17          18   8.8310858010865509E-002   3.6165089814597706E-002  -2.2321003472730643E-005  0.98140412768925933        12747100.610456508        533.22349031307033        9.7911763825033535       0.36357012706815939                0           0   369.04982563531280        3.2391129273980847E-003  0.50000000000000000              720  -4.7141774662424918E-002           0
         275         276  0.13196141201412448        6.9014568623332620E-002  -4.7733890081313394E-005  0.97883820874319871        15446799.341521185        711.01741661348763        12.547354407263189       0.40312872216565299                0           0   304.54951563975499        3.4718509263660636E-003   5.9494626226219097E-004         978  0.41740078472366837                0
         221         222  0.10685030920939192        6.9974509155263417E-002  -3.1625746083305857E-005  0.98416828658003941        22714852.172337528        881.03710735947345        11.467242046969435       0.17216721969026205                0           0   207.10305407022395        3.9553819751142628E-003   4.2247548648797174E-005         924 -0.22573513584416627                0
         157         158  0.17882018552997023        8.7937108552675433E-002  -4.2075758795484704E-005  0.98508433272698692        36757521.998300247        1392.7594117423380        7.2524097443117146       0.37196829640294388                0           0   127.98238297625997        8.3069739566448558E-003   4.0032605902638383E-004         860   2.3012396680121915E-002           0
         145         146  0.11284151051838727        7.1741434973604884E-002  -2.4259730122891029E-005  0.99377691262799228        37282319.181986891        1243.5759689254144        13.350196506489569       0.40144328343141300                0           0   126.18086430410888        7.3379164869142163E-003   4.5566412521148738E-004         848  0.16433285709936177                0
         405         406   8.7236661288412828E-002   5.5735761705262711E-002  -1.4072219982536795E-005  0.99445045527554632        44632234.652881853        1287.6258805654079        14.727125368416225       0.61435384237463853                0           0   105.40174145954420        7.8733128566099032E-003  0.50000000000000000             1108   1.3789361211265390                0
          51          52  0.11606384615255892        9.5064690585184505E-002  -1.2276543213329298E-004  0.98205345115529663        4872545.5793825211        334.93415447263214        1.9007043050590542       0.44137611022186318                0           0   965.47383313362923        1.9892380511386115E-004   3.1250000000000000E-002         754   4.7731545030533756E-002           0
