 122 543   1   452 102   0      0.5   0.46   4.88  5.695     0.0  -0.2385   0.0000
  -1.210356   0.000000   0.288713   0.062472  -0.571267   0.053723   0.000000   0.000000   0.000000   0.000000
   0.00000   0.00000   0.15155   0.03393   0.00000  -1.21036   0.00000   0.00000  -0.92164   0.77512   0.21060   0.00000   0.00000
 NAME(I1)    NAME(I2)    M1[M*]                    M2[M*]                    EB[NB]                    ECC                       P[Days]                   SEMI[AU]                  RI[PC]                    VI[km/s]                  K*(I1)      K*(I2)      ZN[NB]                    RP[NB]                    STEP(I1)[NB]              NAME(ICM)                 ECM[NB]                   K*(ICM)      
           3           4   8.7970317491499028E-002   4.9196061553816367E-002  -9.2897646351125171E-004  0.98018963898304645        71340.815372945974        17.361255191394889        7.5479194151573328       0.17944870548563710                0           0   65941.428242054317        1.0539810829294615E-004  0.50000000000000000              706  0.11111100972813476                0
          57          58   8.8793517676333700E-002   7.4789808565780366E-002  -1.3944536633748324E-003  0.99288618157622466        67519.482439442989        17.747571380570307        13.671885118926376       0.62328133845579992                0           0   69673.449613065080        1.0843421479498632E-004  0.50000000000000000              760   1.1529973384612755                0
          59          60  0.52934127945164156       0.11516011942956719       -3.1001072744619322E-002  0.99635260950274573        9025.0375450904266        7.3279160146024838        17.182067336230901       0.81678053003331808                0           0   521251.59969045070        4.4850020571511419E-005  0.50000000000000000              762   1.4517953749458203                0
          63          64  0.11284127030153632        5.3401276685359052E-002  -1.4468849236327175E-003  0.97984293960292113        54774.265105649982        15.520472950299069        12.044329051155744       0.39044140165104113                0           0   85885.502043175962        9.4206442072616631E-005  0.50000000000000000              766  0.23326464999539648                0
          83          84  0.10272953417562042        4.1373672231505683E-002  -1.2819188696754095E-003  0.97370419826673227        41789.837138321200        12.356008093958177        13.951441355573243       0.35813174773860318                0           0   112570.79662870750        7.4766174595093939E-005  0.50000000000000000              786  0.23220417334063434                0
          87          88  0.10306885414503236        3.0345968261083246E-002  -4.1821248241819420E-003  0.98428134930470224        4652.7998571211401        2.7870887101701558        15.217499357184417       0.30605439616424374                0           0   1011071.9141389197        1.6955045282497800E-005  0.50000000000000000              790   8.8062226760879436E-002           0
         105         106  0.12790761581087476        8.1406408734692293E-002  -3.3640542461646258E-002  0.96974758674909145        989.02684361157492        1.1534833915785283        18.537410167922818       0.32606145974335315                0           0   4756509.1767037120        6.9657331703446991E-006  0.50000000000000000              808  0.11608261170153614                0
         131         132   8.4797441590329786E-002   6.4637458177469395E-002  -7.7121942017657882E-004  0.98912831439601701        128788.41655396212        26.485513546867381        7.9744298600440606       0.45176579503188025                0           0   36527.471829531067        1.6151620773559698E-004  0.25000000000000000              834  0.12241646897806145                0
         137         138  0.13717930409073115       0.13193897190263901       -4.0334545728335997E-003  0.97817964388784162        48147.574536657077        16.722602131164937        11.743422343375258       0.18614792977620695                0           0   97706.173216745112        1.0141787278782275E-004  0.50000000000000000              840  0.66860103552643702                0
         167         168  0.11739175763496201        6.6852661947444644E-002  -1.3371095085191684E-003  0.97921691183512483        87047.450602289726        21.873015901955345        12.755839219615780       0.67586821143715448                0           0   54043.113555826756        1.3272323952673876E-004  0.50000000000000000              870  0.41894249690226076                0
         177         178  0.17518944591650459       0.15841447355487015       -4.8844045916293037E-002  0.97081544669269548        1948.4551180766894        2.1174370246531056        3.7430733453131517       0.80610580759837835                0           0   2414382.1502485364        1.2793853451865820E-005  0.50000000000000000              880  0.50980828823846247                0
         181         182  0.16494482085752635        4.8117280213717237E-002  -2.2342341753636167E-003  0.98308070947828008        38113.841390388654        13.238244572811659        5.2895162573353147       0.30800191433800278                0           0   123428.00111539195        8.0485139620415977E-005  0.50000000000000000              884   5.0677840655363640E-002           0
         193         194  0.13607741833753259        1.4509867592654014E-002  -3.3139095177587647E-004  0.98026160729439438        98477.807758994706        22.203845682541278        15.672897724775501       0.71390236320588341                0           0   47770.308506030713        1.3480179630591914E-004  0.50000000000000000              896   1.1925281877324903                0
         195         196  0.23980714281985319       0.16746154432118399       -1.7866781603804005E-002  0.96643523058497638        13874.745800257982        8.3762612435180923        11.004443756996123       0.98616900611161673                0           0   339055.96004197007        5.0498069052990366E-005  0.50000000000000000              898  0.74908390854556917                0
         207         208   9.9440827635248155E-002   5.0100703362626467E-002  -8.7683211256005204E-003  0.98112175417415370        2910.2243960466299        2.1174416066239212        3.9800553375429288       0.73884357899785735                0           0   1616478.5313583727        1.2860786271453537E-005  0.50000000000000000              910  0.45621028519072804                0
         225         226  0.11258739991983015        4.7810171057872303E-002  -9.4939383745014589E-004  0.98185672257896206        88575.957032427817        21.129198100363176        15.868157840548406       0.63020813529748065                0           0   53110.521356517827        1.2838083044770557E-004  0.50000000000000000              928   1.1138154460678398                0
         235         236   9.9158490776633662E-002   3.5661683213779022E-002  -5.1301121046354124E-003  0.96614283730650707        4095.4263718306088        2.5687641194955386        6.8976214699013330       0.29874056658194664                0           0   1148675.3345151674        1.5484037106406675E-005  0.50000000000000000              938  0.12544047315148310                0
         239         240   8.3253089810449737E-002   5.9845060969569666E-002  -7.4110620056441019E-004  0.97866503909393976        121080.59857328323        25.053451414275163        15.681820186589055       0.47541290897567767                0           0   38852.758518512826        1.5197941044801133E-004  0.50000000000000000              942  0.14830492997968026                0
         247         248  0.12867704596478571        5.6124925773135610E-002  -4.8755267774440045E-002  0.97148621675522984        348.47281385192167       0.55201979559906922        19.043715926908032       0.61161242014497641                0           0   13499805.639483234        3.3365167437779866E-006  0.50000000000000000              950  0.54684842122985156                0
         249         250   8.3325272192247987E-002   6.4931060179189190E-002  -5.9417119074347373E-003  0.97581540753508467        5929.7866670524481        3.3934150410168407        16.500373811205854       0.49602772100374132                0           0   793336.34104971308        2.0555510157367267E-005  0.50000000000000000              952   1.3356895764773233                0
         271         272  0.13618545113931463       0.10282415591629936       -1.7643068358636144E-003  0.98806680624688603        120181.93023047518        29.578155387187675        6.5903744988336914       0.49921752855255797                0           0   39143.282593508091        1.8027976026539725E-004  0.50000000000000000              974   8.5818693008149274E-002           0
         287         288   8.8414603939471620E-002   4.2704642040310346E-002  -5.8515194294090581E-004  0.98093659039144399        118941.02246670357        24.046383900145148        2.9657730144098382       0.61432534555336693                0           0   39551.663169548527        1.4603779329379048E-004  0.50000000000000000              990  0.21364728849305434                0
         291         292  0.10251315781699964        2.9651563345757474E-002  -1.1831110334550475E-003  0.98075559013170377        29765.556837160901        9.5746088155111213        9.3411689632283323       0.59211443092911009                0           0   158045.59892431262        5.8142920318824777E-005   6.2500000000000000E-002         994  0.24136026034731489                0
         303         304  0.77980953382043972       0.33783563817501155       -5.2382472905160467E-002  0.97671789874474535        28033.625192942258        18.742492285908785        5.9201981253269720       0.63489401029883896                0           0   167809.73653129677        1.1358394461059082E-004  0.50000000000000000             1006  0.23019454738789777                0
         311         312  0.16827131513595273       0.11782564957455051       -9.1314488263872420E-003  0.97485864189666582        15717.300866973132        8.0915100549741776        14.442509308115943       0.17586829546444574                0           0   299308.08714936365        4.8990345746074786E-005  0.50000000000000000             1014 -0.14240772940202084                0
         321         322  0.12252965187021556        4.0765808550071510E-002  -1.0952504619379879E-003  0.97557453106160041        63331.226025514967        16.995860241612995        16.709924799169059       0.44464916784175618                0           0   74281.133539866772        1.0293936416602254E-004  0.50000000000000000             1024  0.78490118977582468                0
         323         324  0.13577855073708561        2.1714876777924844E-002  -1.0672784058174505E-003  0.97737634574565457        30402.145619620234        10.295090097572151        12.093506521746352       0.60700830964343322                0           0   154736.29119810546        6.2411468000077191E-005  0.50000000000000000             1026  0.38851274789084078                0
         337         338  0.14234346256931027        4.8688670540606271E-002  -2.7220309402593351E-003  0.98436219341894415        24424.438780536861        9.4883723855236379        16.331439317294304       0.45310917022999120                0           0   192606.89262565569        5.7724153992768256E-005  0.50000000000000000             1040   1.5593793962677553                0
         357         358   7.9717634398698847E-002   3.5168480550120958E-002  -1.1543449013877967E-003  0.99034897964864510        29342.295402160125        9.0508997532508531        13.591562736851563       0.51082113987915079                0           0   160325.40035359471        5.5228836842580753E-005  0.50000000000000000             1060  0.89535396698873992                0
         363         364   8.0030474895858961E-002   2.5241398542184282E-002  -3.2505135387658957E-004  0.96900162088983910        125469.53716214608        23.159872534501439        9.9896503082610142       0.68481667415106473                0           0   37493.684634903126        1.3980643129274424E-004  0.50000000000000000             1066  0.47894615863570278                0
         371         372   9.0756420354949963E-002   8.9399293653254358E-002  -1.4941626717007766E-003  0.97790038526241019        78336.750524128642        20.236383406048532        7.8857445770474026       0.40377778675685783                0           0   60052.468683849453        1.2271064128272370E-004  0.50000000000000000             1074  0.20564678809179401                0
         383         384   9.3433970454860987E-002   6.5975786712685114E-002  -2.9999592269293533E-003  0.97176827062077331        19385.313257799193        7.6576121486429507        12.642247591886624       0.51342977485434049                0           0   242674.19334851863        4.6290742961604388E-005  0.50000000000000000             1086  0.51553035551069459                0
         395         396  0.10118924464727580        7.2387835402996439E-002  -4.0679476328368365E-003  0.98184110250843104        15239.121285685993        6.7103307468978812        7.5228766463831844       0.47364671591759488                0           0   308699.90266850201        4.0771591993552411E-005  0.50000000000000000             1098   5.7885305694153642E-002           0
         401         402  0.11008182267075275        8.1520559788653676E-002  -2.1754919003101718E-003  0.98946501741247106        50292.904508829961        15.372504553420699        9.5108036708587012       0.46641714346600771                0           0   93538.349069078395        9.3761781152373525E-005  0.50000000000000000             1104  0.16357546096650880                0
         219         220   5.9461379470541447        2.5291364086335988      -0.75299076982192070       0.98221912150944157        80559.862777643633        74.428097414589246        9.4311725786082228       0.24422095392810689                0           0   58395.273967004177        4.5230718866207646E-004  0.50000000000000000              922  0.17380704604824054                0
         159         160  0.52009082554844766       0.13749382338007102       -6.8562166579241961E-003  0.98252657550525302        109146.58921206869        38.868446659729038        4.8655864593209825       0.56902877032392896                0           0   43100.891119047374        2.3624417772278330E-004  0.50000000000000000              862  0.22328429106267256                0
           1           2   2.0244841138268650       0.61000484406818434       -7.0741485713423660E-002  0.98738152934187551        118081.33591071346        65.056817812538299        13.970659604019268       0.46521508133540840                0           0   39839.617509086311        3.9638661146352313E-004  0.50000000000000000              704  0.10263200614076681                0
         283         284  0.18094602805437388        8.1870494517192083E-002  -1.6064068193646895E-003  0.97697797871714775        143540.44546752289        34.366892541613126        5.2295270518589199       0.30138441046745329                0           0   32773.447527785116        2.0829891525217590E-004  0.50000000000000000              986  -4.4389776916688044E-002           0
         185         186  0.24628085064239766        6.9358336926096664E-002  -1.8551080494142963E-003  0.99057546901522908        130681.44545928008        34.314639623851313        10.368213172942957       0.56200775496912780                0           0   35998.341165507023        2.0941269287605858E-004  0.50000000000000000              888  0.25142840704068148                0
         191         192  0.17819880543248182        5.0730547014061628E-002  -8.9966543292994278E-004  0.98450778698896024        174927.64032278312        37.446621017460309        15.908549791058940       0.61886537411261366                0           0   26892.921261409472        2.2782970840593575E-004  0.50000000000000000              894  0.50377373808662451                0
          71          72  0.16939743337267674        2.6319217633798585E-002  -4.7647967898261517E-004  0.96976219828091648        170003.73667627125        34.870225322542275        10.038322589453111       0.26724805496318410                0           0   27671.834452691655        1.5082883319385277E-004  0.50000000000000000              774 -0.14218729234653335                0
          53          54  0.10539273585624893        8.3691576402142989E-002  -9.4861616487088496E-004  0.98840746126056767        171334.30925667207        34.651436372167325        12.320769035681447       0.29883835035295947                0           0   27456.936547351612        2.1096666920612941E-004  0.25000000000000000              756 -0.17258216659477529                0
         245         246  0.10614450888457336        7.9534736728126665E-002  -8.8338078697462622E-004  0.97533507163214717        180155.36208468804        35.614411017835778        12.406349716013889       0.21960906453391141                0           0   26112.546433302068        2.1568078356416255E-004  0.50000000000000000              948  0.14737947286265896                0
         331         332  0.12214104311112879        9.8521910482032543E-002  -1.1537755047203683E-003  0.97154055198387024        188414.45473505274        38.868024797675822        13.515060997187760       0.29775366908101147                0           0   24967.910579153504        2.3493249830021899E-004  0.50000000000000000             1034   2.9247003415002762E-002           0
         203         204  0.10958957416913398        5.6611292613942377E-002  -6.2817234305771752E-004  0.98494187057407623        200051.97130642890        36.805509599966030        13.037854851904159       0.16614446807915187                0           0   23515.465640870621        1.6988547057778460E-004  0.50000000000000000              906 -0.19243957181857121                0
          21          22  0.17137201111473407        1.8580527211685235E-002  -2.8964617018065918E-004  0.97725619083110171        219756.57682243298        40.968444197440832        7.7571244527427288       0.24699558404801378                0           0   21406.937283364805        1.8343950172520064E-004  0.50000000000000000              724   9.7158939705622324E-002           0
         369         370  0.35577330781196675       0.28758888866695975       -6.5923629871082615E-003  0.96841922705639494        200307.85819162280        57.839387851881206        17.394218932220777       0.45777146654862272                0           0   23485.425385280789        3.4904883910831302E-004  0.50000000000000000             1072   1.6838042507128137                0
          77          78   9.3430964505624117E-002   2.0354482771848002E-002  -1.6334883162896549E-004  0.97425183352183942        309441.22681298596        43.386459025179242        13.708458982607311       0.51730617702114323                0           0   15202.613129787858        1.8457846561722538E-004  0.50000000000000000              780  0.92428750011039695                0
         315         316  0.30834333591613694       0.21242803698149326       -3.5544000840579989E-003  0.96932722246065328        288048.63087816222        68.675120176768687        10.155152828267591       0.36891546935925967                0           0   16331.670257563481        4.1463143421502049E-004   6.2500000000000000E-002        1018  0.22410869278894846                0
          89          90  0.20842321107894346       0.10223825271363279       -1.3435582502014560E-003  0.98702482580270168        297769.38109927031        59.104743533761280        7.5953207823825437       0.77420564491285848                0           0   15798.519109916271        3.6005640583131949E-004  0.50000000000000000              792  0.42909978547407324                0
         155         156  0.50373356431637750       0.18870347651975347       -4.6345267489272665E-003  0.98128177235206437        293320.33962033020        76.435433608783669        11.302512065949054       0.68019933244797404                0           0   16038.148816184937        4.6428632181207922E-004  0.50000000000000000              858  0.41892535537789921                0
         187         188  0.16652052450678573        4.4390738220572948E-002  -5.1200105471243477E-004  0.98740860044556455        313872.49940009229        53.803263366689940        7.2431995984476947       0.67973381962110391                0           0   14987.981637882163        1.5401396217716847E-004  0.50000000000000000              890  0.30962288967000845                0
         255         256   8.3811449474318997E-002   3.0344259974373743E-002  -1.9498774621546684E-004  0.99476358635673934        366335.73421504453        48.606227887337262        11.374828015446280       0.46838860608818755                0           0   12841.540746017587        1.7373772739312873E-004  0.50000000000000000              958  0.28337558604898594                0
          93          94   8.5361728603296438E-002   7.1347741082274679E-002  -4.1080252103106030E-004  0.97812880800934654        378910.90214675880        55.249666982163497        13.050457547614219       0.38800120392225190                0           0   12415.359998859836        1.7179347800011020E-004  0.50000000000000000              796  0.39398850856583273                0
          51          52  0.11606384615255892        9.5064690585184505E-002  -1.2277047817380282E-004  0.98216546894862911        4872245.1796842050        334.92038820457867        2.0522345232878743       0.44144633454004178                0           0   965.53335970454452        1.9588536546835959E-004   3.1250000000000000E-002         754   4.7775469903039526E-002           0
          67          68  0.52597586808430075       0.46375414949012228       -9.5351984985231255E-003  0.98266064699714351        341740.68956755206        95.332992401100725        16.823826641325354       0.40248189689600583                0           0   13765.745201713413        5.7947742737167690E-004  0.50000000000000000              770  0.11796157922998174                0
         213         214   8.6717284611907239E-002   1.7710005955573944E-002  -1.1427078035879827E-004  0.98213695314694749        400632.33674856107        50.085097135765906        8.0789751178348332       0.35898594829537317                0           0   11742.225542311169        1.5552041722878169E-004  0.50000000000000000              916  0.17873747618528277                0
         313         314  0.11479116130453372        5.7685466757393881E-002  -3.9453446450446250E-004  0.99253727403468150        435049.79924732697        62.547398305763593        4.7900890118134472       0.39166871640792311                0           0   10813.279918261374        1.7042172232509015E-004  0.50000000000000000             1016   9.1498998397059605E-002           0
         365         366  0.29906545429998188       0.27572229150032296       -3.4223050706489746E-003  0.97703614846779008        409915.73603235272        89.792227251814452        13.560341070765135       0.29301173586235646                0           0   11476.298283102440        5.4424978456707430E-004  0.50000000000000000             1068 -0.23200903794937322                0
         201         202  0.41909726131645580       0.36316033186407948       -5.4401348907038797E-003  0.97784193266974673        439642.50440806977        104.26124217537117        13.176648843804731       0.39152448979329435                0           0   10700.319487940789        6.3220712582260643E-004  0.50000000000000000              904   4.8435548594734305E-002           0
         171         172  0.11855449161888632       0.10910379859810015       -6.3808363105355751E-004  0.99690688946593098        502629.43037454027        75.543937317710842        3.0069945035710477       0.22995616846852743                0           0   9359.4106778413025        1.6222029374787257E-004  0.25000000000000000              874  -8.2538889781826941E-002           0
         347         348  0.19457293008789711        9.8264029982305379E-002  -8.4213227326918961E-004  0.97623178622328566        525292.62380639045        84.608893442837001        5.8663620830801220       0.43030717234484261                0           0   8955.6088253366652        5.1262384884362530E-004   6.2500000000000000E-002        1050  0.17573370304725380                0
         343         344   9.9716206803828866E-002   3.9838043689421537E-002  -1.9541286924161294E-004  0.98547806040898511        644708.77578794607        75.758248904357316        17.479399647302436       0.63968244903326865                0           0   7296.8066114739531        4.6110969753691106E-004  0.50000000000000000             1046   1.8221394134985232                0
          55          56   8.3915877860446200E-002   1.7498204653530233E-002  -7.7740196882517218E-005  0.96898154446861051        677342.13462491788        70.390059717499767        13.554557648947270       0.15105925673783979                0           0   6945.2570823012566        1.8325936041652929E-004  0.50000000000000000              758 -0.19785039416297129                0
          99         100  0.11123848720615616        3.9011678252708890E-002  -1.9764343022701515E-004  0.98119635498491209        697449.45099556562        81.825121918085514        10.441258547777100       0.54320324999146097                0           0   6745.0268272914218        1.9609050585244134E-004  0.50000000000000000              802  0.14207771365173424                0
         391         392  0.13558686976987694        5.7578981684498085E-002  -2.5446740011902898E-004  0.98428057182237338        1015963.8259505472        114.33226250480101        12.784732271150338       0.36217868042896012                0           0   4630.3964151906221        1.9855493643177781E-004  0.50000000000000000             1094  0.14416098040617548                0
         385         386  0.12648191059682606        5.9749107023494945E-002  -2.5030111744847215E-004  0.99192399726360403        1010156.8010307509        112.51654391747591        14.163148288718455       0.28174385129805113                0           0   4657.0148840700185        1.9971473045980897E-004  0.50000000000000000             1088  -1.0896067897174613E-002           0
          41          42  0.11122608390456809        8.6847116325004775E-002  -3.0034655602715249E-004  0.97689552612968544        1076875.4069236529        119.85571002551679        3.4475636350971910       0.81616617617467968                0           0   4368.4861102769009        1.9934720720389158E-004  0.50000000000000000              744  0.51171997701007743                0
         345         346  0.55774375829353751       0.47607345656862060       -4.7923803546830179E-003  0.97923176074338625        1065819.0059203701        206.47940675782556        2.2457651369152209       0.23938822689345826                0           0   4413.8031237137029        1.2529054742208931E-003  0.50000000000000000             1048  -3.1385875856317823E-002           0
          73          74  0.94128231410560004       0.69908498357263338       -1.0547991353088345E-002  0.98595090542721642        1010924.7705775029        232.48741209934116        13.421215656485872       0.47787563391237220                0           0   4653.4770880699325        1.4155097427745917E-003  0.50000000000000000              776  0.32398612501671409                0
         285         286   8.9462339041284894E-002   4.2834040765278178E-002  -1.2838168338598593E-004  0.97556116315563901        1178106.6063545495        111.23605151706303        8.5859324222162652       0.65236211674582734                0           0   3993.1150816660524        1.4410236536712358E-004  0.25000000000000000              988  0.21695343219125585                0
         293         294  0.55382231722128972       0.12326253909399966       -1.3046202120956597E-003  0.97555013427591697        1208714.8768618368        195.00098063437505        13.186647565558674       0.46568904713469161                0           0   3891.9974823661364        1.1809822740092247E-003  0.50000000000000000              996  0.99388950996617642                0
         123         124  0.67985937278035102       0.12376754478802159       -1.4259437356367586E-003  0.97763450747397851        1328700.8239903566        219.90890269502705        10.140371221352760       0.53301832347057343                0           0   3540.5376234484115        1.3330674591925293E-003   6.2500000000000000E-002         826  0.34913992409733141                0
           7           8  0.10772050310063933        1.1526931384030817E-002  -3.7943697728780554E-005  0.99082248886431246        1424470.1409572540        121.95279694780302        9.2141733673114103       0.43424764478075273                0           0   3302.5018372680170        1.6260639909577266E-004  0.25000000000000000              710  -2.5190502765731426E-002           0
         355         356  0.32294731613854971       0.22153041596011064       -1.4146791448691402E-003  0.98835597978780254        1280677.5733209376        188.46314208734015        6.7492182489712649       0.41481447267915350                0           0   3673.3018174480535        1.1488556879049804E-003  0.50000000000000000             1058   6.7253304001633568E-002           0
         117         118  0.40216802461087314       0.11268199431891886       -9.3948131643061938E-004  0.97690707695788359        1226845.1060164988        179.76007936485891        15.104134247718552       0.53470504317172418                0           0   3834.4818221751120        1.0894929361876689E-003  0.50000000000000000              820  0.95885959652556385                0
          85          86   8.0567479673496034E-002   7.0359839832317903E-002  -1.6540594186675728E-004  0.98642166572395873        1357017.8794508749        127.71821781941760        6.8054445707618685       0.30012055397820758                0           0   3466.6567986181526        1.9401392259058692E-004  0.25000000000000000              788  -7.2618363627082239E-002           0
          47          48   9.8900608463481726E-002   3.1153535981132970E-002  -9.0443949087021743E-005  0.96929450295796848        1448762.9164048610        126.95392421516813        15.784683471259976       0.81501220392743112                0           0   3247.1256714098058        1.9207619232510233E-004  0.50000000000000000              750  0.40668918677937094                0
         387         388  0.11696728908539532        8.3148869844046139E-002  -2.2936972022994252E-004  0.98795067323964258        1621829.4602039268        158.01707788863635        7.7611849596923568       0.43228465878387323                0           0   2900.6226444137033        1.2425681193201679E-004   4.9197067631539803E-005        1090  0.16177524865155576                0
         103         104   9.4240900685283069E-002   8.1646476448274677E-002  -1.9581474411928143E-004  0.97430932578693863        1543295.6101144454        146.43699954217337        6.5010295777791436       0.16007863152700749                0           0   3048.2269416265021        8.8618227905427590E-004  0.25000000000000000              806  -4.4088236402700848E-002           0
         215         216   9.9764396033006283E-002   5.7531129034738331E-002  -1.3467170227244636E-004  0.99202500142069505        1843377.2888768672        158.82594977762659        17.616658920537191       0.28367182358627335                0           0   2552.0089056272404        1.9606910170443681E-004  0.50000000000000000              918 -0.28033403924318778                0
          65          66   8.1196656538748205E-002   3.2700733033609646E-002  -6.2627861262289943E-005  0.98184767372588766        2149336.5504112290        157.99647215383459        10.448045203910992       0.55560308095431288                0           0   2188.7290088398181        1.9363885980735446E-004  0.50000000000000000              768  0.14591272022731161                0
          15          16  0.12041882448822794        4.7134796559794988E-002  -1.1370748620294229E-004  0.97825164521118502        2263928.7909641471        186.02285177799217        12.278153338106433       0.57556300971300545                0           0   2077.9431210119114        1.1281688166013199E-003  0.25000000000000000              718  0.22031634715530787                0
         243         244  0.10897784068549871        6.2870305948584129E-002  -1.2688985103554134E-004  0.99345305026723485        2514966.0648626112        201.22235189126619        11.784268434019705       0.34792073448421229                0           0   1870.5283237695505        1.2297376519750148E-003  0.50000000000000000              946   8.9600076171453463E-002           0
          37          38  0.10983277472157330        9.0349772612143470E-002  -1.6313461273031012E-004  0.98167519740275366        2786284.6185355540        226.68993556755197        16.033601646632427       0.58421271879064041                0           0   1688.3828831949368        1.3772225981147541E-003  0.50000000000000000              740  -8.2864979424454033E-002           0
         403         404  0.17519688796893346        3.8994197612049461E-002  -1.0593115052824965E-004  0.98389633948282562        2940509.3352710824        240.33776744278740        13.416765078617804       0.46319808608128171                0           0   1599.8300706673583        1.1561296354111888E-003   6.7147264201404880E-004        1106  0.12984030646017525                0
         127         128  0.41687934908818136       0.27898104023835063       -1.0601324713850049E-003  0.99434194081511351        3619474.9262651657        408.83142482301037        11.689102492534062       0.24320203919722178                0           0   1299.7231237899509        2.4997052625840904E-003  0.50000000000000000              830   2.8444212377502880E-002           0
         217         218   8.1228311512873880E-002   6.5270211912634449E-002  -8.4864059256294254E-005  0.97696892315676265        3390006.8490829859        232.81876606981328        15.055425145152808       0.77527745339202947                0           0   1387.7008121435813        1.4110585494170628E-003  0.50000000000000000              920  0.28203164340505105                0
         175         176   8.2952047495663137E-002   3.6571247402372269E-002  -5.1727623064564394E-005  0.99014105068129232        3413575.3391345991        218.55648503202190        15.576109173188616       0.58294613091909375                0           0   1378.1196517658782        1.2469148996829035E-003   1.8830387560648180E-003         878   4.0056152787400268E-002           0
         143         144  0.25022565110097550       0.15769561095085233       -3.9893226177458845E-004  0.97378367469115990        4047244.7606835263        368.61381757316616        8.2609932762082376       0.62712564663773551                0           0   1162.3500766111972        2.2305190603367172E-003  0.50000000000000000              846  0.20678532464510724                0
          61          62  0.16574606629006447        5.1105325148539382E-002  -1.0680914848388477E-004  0.98146224652464376        3985102.7316611102        295.54272204541036        9.2259205492871743       0.42585338760074953                0           0   1180.4752786595950        1.7952874583487142E-003  0.50000000000000000              764  0.31640884292022520                0
          29          30   9.2064989403419284E-002   3.8673592252436655E-002  -4.8326417632826574E-005  0.98790084533106615        4595724.3541263249        274.56410217347485        5.7994622857679978       0.79352666280612860                0           0   1023.6286807368981        1.6733196375634911E-003  0.25000000000000000              732  0.46465536213254011                0
         237         238  0.17519413512811899        4.8620481183886892E-002  -9.6133046925272949E-005  0.99516489023133436        4632593.2409340926        330.20636827131904        17.460644953524167       0.56288078405209230                0           0   1015.4820449326151        1.9984115928462558E-004  0.50000000000000000              940  0.71363385265473989                0
         147         148  0.31456825641218544       0.25964081492902225       -6.6243600918377415E-004  0.98456015427272825        4747337.3481747657        459.47645601886813        15.558967212693084       0.45927117447479149                0           0   990.93763780099937        1.9668248657376449E-004  0.50000000000000000              850  0.11991333225809614                0
         399         400  0.17014458503807270        6.6018282057290864E-002  -2.6982673592282162E-005  0.99085754430046535        45926090.670354202        1551.3747086948576        10.381918060030950       0.23165921210197840                0           0   102.43230348977754        8.4773891611391542E-003   5.3051116222047778E-005        1102 -0.15306614979081104                0
         281         282   8.0478030877779258E-002   1.6466831233086777E-002  -1.7957731244887356E-005  0.98262932595140284        5350085.1327366503        275.01427970978318        14.285124869497702       0.53584687179892798                0           0   879.29727115172716        1.5435089487192467E-003   2.2555769108820339E-003         984  0.45143734387905443                0
          45          46   8.6894120985331738E-002   8.6164685909330241E-002  -8.2040856412477007E-005  0.98387083180607882        5506893.1944410549        340.10174038637848        9.4411509139698353       0.60882334291925921                0           0   854.25939664011355        2.0685513436049150E-003  0.50000000000000000              748  0.51231126119953374                0
         161         162   9.3309048906446132E-002   9.2827486138433946E-002  -9.1369760252117728E-005  0.98809630982793151        5621474.1295819860        353.27849607134800        7.8213209530920853       0.50366428817716957                0           0   836.84726625159749        2.1515767400145294E-003   4.9135688065774885E-004         864  0.15901554384388900                0
         309         310  0.10545420084030525        5.3264404142991120E-002  -5.7855495593977865E-005  0.98363597107776712        6309425.5400360068        361.80592593708820        13.806214782700478       0.52970233137115330                0           0   745.60120058377254        2.2003001492994592E-003  0.50000000000000000             1012  -2.5194657062809073E-002           0
         189         190  0.11107991559331475        5.1209466390144058E-002  -5.9401457297079668E-005  0.98671314114777653        6112335.9088638304        356.86834591407722        18.282337206799316       0.15109297996924761                0           0   769.64278923590894        2.1736268209196817E-003  0.50000000000000000              892 -0.14518658797646417                0
         289         290  0.10428359770713377        2.3242149003040714E-002  -2.7029437213058880E-005  0.98098646431890146        6248175.4521636488        334.17550998006055        14.727548043700214       0.16335878546015301                0           0   752.91023654205003        2.0286418703836782E-003   1.1309845612560126E-003         992  -6.0017072248178961E-002           0
         115         116   9.5073144526220191E-002   4.6025486525321645E-002  -4.6726263478262970E-005  0.98361077625756288        6339435.9430684811        348.99124241529205        10.915889784275008       0.45020846560031680                0           0   742.07158174513086        2.1223306805025111E-003  0.50000000000000000              818  0.19406958408849184                0
         223         224  0.13901763968801717        6.0776114313866474E-002  -7.7059023461116549E-005  0.98944567844439368        6749122.0945375655        408.60029497157581        8.1373751417207760       0.38691585126896405                0           0   697.02624900684827        2.3733977440001473E-003   9.9736956551928430E-004         926  0.15290654766518291                0
         299         300   9.2079428251349071E-002   8.2023039557947389E-002  -6.9096323863754341E-005  0.98687501858156101        7196677.8322621025        407.34544740850066        17.377336901415678       0.11413922322782923                0           0   653.67873445101463        2.0656842679095144E-003   9.9436138062031394E-004        1002 -0.35633031867517562                0
         199         200  0.11230093762090229        4.7925291740752780E-002  -4.9845320530023470E-005  0.98557578802919299        7365259.5215128316        402.38621163417127        12.830580881520884       0.26959536496643161                0           0   638.71683596540686        2.4494184751019071E-003  0.50000000000000000              902  0.84851292415367863                0
         373         374  0.15845034820673778       0.15233439132851201       -1.7085571564105299E-004  0.97952208606230384        7914652.6091494607        526.47891620608914        7.1542032080762512       0.44536526108809066                0           0   594.38051042271911        2.3307001258129432E-003   3.9405628008766118E-004        1076  0.13756819062173156                0
          69          70  0.10464422723177559       0.10349050793134676       -8.6377732787562200E-005  0.98042651398566583        8085705.8082159301        467.23280664956275        12.300978331389677       0.17882216604193488                0           0   581.80638391081243        2.8368343572848856E-003  0.50000000000000000              772 -0.15174119973137551                0
         267         268  0.11152016154947933        1.9237634443879208E-002  -2.0549581910695258E-005  0.97571203850057497        7751549.6659068773        389.06431890991058        4.5938892596817285       0.52491651646885118                0           0   606.88706908960899        1.3764863852086058E-003   9.2836916924955368E-004         970  0.14461544169292168                0
         183         184  0.10185732075756881        5.4219839429199369E-002  -4.3501511701079318E-005  0.97497883078979231        9514122.5422441792        473.11363266456590        16.719213289890753       0.33456556965647233                0           0   494.45602962930883        2.5927328497397629E-003   7.3275917086589360E-005         886   1.2709288699996157                0
         265         266   8.4095384718170976E-002   3.6296916915751078E-002  -2.5177816974940291E-005  0.98207955636483135        10108939.801300960        451.79681284577453        6.3864818699885397       0.45993428457898866                0           0   465.36188266145837        2.3120573070966534E-003   1.2459707548405864E-003         968  0.24251294389966796                0
         367         368  0.20322917187314732       0.17631903439505672       -1.9839494858802688E-004  0.98270737556123600        10353035.688856311        673.09129218363796        16.790460047875921       0.54040800917665932                0           0   454.38993924345721        2.5101127213724888E-003   1.8600466904956521E-004        1070   1.6174730831759305                0
         305         306   8.5255713978393793E-002   1.6586699482616780E-002  -1.1931200371230782E-005  0.97557216214542408        10624387.113807641        441.69112072417624        14.253705162527767       0.30044880060550350                0           0   442.78462439785847        2.6751951435917505E-003  0.50000000000000000             1008  0.11407767525899082                0
         325         326  0.14296285691723640        1.8018411898666035E-002  -1.7591034512000332E-005  0.98525910189351285        11605238.715074902        545.71725305743564        6.0958023987984920       0.34535413432419665                0           0   405.36135215676182        1.9976652747874619E-004   3.1250000000000000E-002        1028   2.7510179779675906E-002           0
         119         120  0.12744757891135747        8.2887871857059842E-002  -6.3848789170769046E-005  0.98269985033698937        12193204.574003790        616.57973866081329        6.2864584648850439       0.27542119536612136                0           0   385.81451078697370        3.7479255214838184E-003  0.50000000000000000              822   2.6624304426729015E-002           0
         133         134  0.13034205300579016        4.8697333779162973E-002  -3.8327487838810059E-005  0.98105786869503075        13234697.453594105        617.16135326818551        9.5132280808704106       0.41833435216391945                0           0   355.45317708545173        3.6595789833916469E-003   6.5567548090868482E-004         836  0.24036023864651662                0
          17          18   8.8310858010865509E-002   3.6165089814597706E-002  -2.2321003472730643E-005  0.98140412768925933        12747100.610456508        533.22349031307033        9.8809601285329371       0.36976476795380198                0           0   369.04982563531280        3.2391129273980847E-003  0.50000000000000000              720  -4.7241551749885952E-002           0
         275         276  0.13196141201412448        6.9014568623332620E-002  -4.7733495874615382E-005  0.97882979850182283        15446990.692821471        711.02328854519715        12.423126573621980       0.40547110907798906                0           0   304.54574299905249        2.6097678455344049E-003   5.1856930595512471E-004         978  0.41803392070977829                0
         221         222  0.10685030920939192        6.9974509155263417E-002  -3.1625862453032381E-005  0.98408223152119789        22714726.800956380        881.03386551753488        11.468879967505499       0.17109827299330857                0           0   207.10419715224984        3.7178303403371136E-003   4.1094876669260396E-005         924 -0.22737828115382241                0
         157         158  0.17882018552997023        8.7937108552675433E-002  -4.2075533488296941E-005  0.98508572250907167        36757817.243932709        1392.7668697275440        7.3036138633339576       0.37274268540549299                0           0   127.98135499792940        5.0735478189833970E-003   3.1252533503310799E-004         860   2.4084522346026472E-002           0
         145         146  0.11284151051838727        7.1741434973604884E-002  -2.4259760946273870E-005  0.99377507974608104        37282248.128102541        1243.5743888926072        13.248914692023659       0.40299593196497913                0           0   126.18110478425666        4.9581724961774570E-003   3.7404145605706053E-004         848  0.16470166231205319                0
         405         406   8.7236661288412828E-002   5.5735761705262711E-002  -1.4072219982536795E-005  0.99445045527554632        44632234.652881853        1287.6258805654079        14.862719421777895       0.60392463370242100                0           0   105.40174145954420        7.8733128566099032E-003  0.50000000000000000             1108   1.3787457927425346                0
          95         546  0.62290701776509083       0.52092362269304604       -4.1543582982846456E-003  0.93269153008263983        1696009.7877612910        291.08019808471568        10.541948920765215       0.52211369080606140                0           0   2773.7547811291774        1.4723084824377435E-003   1.8635034306795114E-003         798  0.38707226096817926                0
