 1021536   1   373 106   0      1.5   7.73   4.63  5.417     0.0  -0.2148   0.0000
  -1.117620   0.000000   0.245586   0.096985  -0.663599   0.060150   0.000000   0.000000   0.000000   0.000000
   0.00000   0.00000   0.13576   0.02869   0.00000  -1.11762   0.00000   0.00000  -0.87203   0.66276   0.19224   0.00000   0.00000
 NAME(I1)    NAME(I2)    M1[M*]                    M2[M*]                    EB[NB]                    ECC                       P[Days]                   SEMI[AU]                  RI[PC]                    VI[km/s]                  K*(I1)      K*(I2)      ZN[NB]                    RP[NB]                    STEP(I1)[NB]              NAME(ICM)                 ECM[NB]                   K*(ICM)      
           3           4   8.7970317491499028E-002   4.9196061553816367E-002  -9.2897646351125171E-004  0.98018963898304645        71340.815372945974        17.361255191394889        3.5598605089945980       0.20247926558270066                0           0   65941.428242054317        1.0539810829294615E-004  0.50000000000000000              706   6.6951977948622163E-002           0
          59          60  0.52934127945164156       0.11516011942956719       -3.1001072744619322E-002  0.99635260950274573        9025.0375450904266        7.3279160146024838        14.321488390189268       0.90734397732580030                0           0   521251.59969045070        4.4850020571511419E-005  0.50000000000000000              762   1.3849581084312348                0
          63          64  0.11284127030153632        5.3401276685359052E-002  -1.4468849236327175E-003  0.97984293960292113        54774.265105649982        15.520472950299069        13.578932101448585       0.36621026962182779                0           0   85885.502043175962        9.4206442072616631E-005  0.25000000000000000              766  0.19064338200944791                0
          83          84  0.10272953417562042        4.1373672231505683E-002  -1.2819188696754095E-003  0.97370419826673227        41789.837138321200        12.356008093958177        16.614163002791742       0.41252899720495884                0           0   112570.79662870750        7.4766174595093939E-005  0.12500000000000000              786  0.30834364691871180                0
         131         132   8.4797441590329786E-002   6.4637458177469395E-002  -7.7121942017657882E-004  0.98912831439601701        128788.41655396212        26.485513546867381        6.7482448754436062       0.44475513257779664                0           0   36527.471829531067        1.6151620773559698E-004   1.5625000000000000E-002         834  0.10609836389866791                0
         137         138  0.13717930409073115       0.13193897190263901       -4.0334545728335997E-003  0.97817964388784162        48147.574536657077        16.722602131164937        7.8018600400651543       0.30406407225658139                0           0   97706.173216745112        1.0141787278782275E-004  0.50000000000000000              840  0.59676287466952549                0
         167         168  0.11739175763496201        6.6852661947444644E-002  -1.3371095085191684E-003  0.97921691183512483        87047.450602289726        21.873015901955345        14.761079218889662       0.69946176482208078                0           0   54043.113555826756        1.3272323952673876E-004  0.25000000000000000              870  0.41161954108971072                0
         177         178  0.17518944591650459       0.15841447355487015       -4.8844045916293037E-002  0.97081544669269548        1948.4551180766894        2.1174370246531056       0.53390160999930092       0.79633728060835085                0           0   2414382.1502485364        1.2793853451865820E-005  0.25000000000000000              880  0.48160784109607652                0
         181         182  0.16494482085752635        4.8117280213717237E-002  -2.2342341753636167E-003  0.98308070947828008        38113.841390388654        13.238244572811659        3.0944168814546296       0.33548234813907696                0           0   123428.00111539195        8.0485139620415977E-005  0.50000000000000000              884   3.0797263471096126E-002           0
         193         194  0.13607741833753259        1.4509867592654014E-002  -3.3139095177587647E-004  0.98026160729439438        98477.807758994706        22.203845682541278        15.419674788666720       0.77757211232894852                0           0   47770.308506030713        1.3480179630591914E-004  0.50000000000000000              896   1.0823655926622120                0
         195         196  0.23980714281985319       0.16746154432118399       -1.7866781603804005E-002  0.96643523058497638        13874.745800257982        8.3762612435180923        11.216273951738893        1.0223141088200116                0           0   339055.96004197007        5.0498069052990366E-005  0.50000000000000000              898  0.79190696222068258                0
         207         208   9.9440827635248155E-002   5.0100703362626467E-002  -8.7683211256005204E-003  0.98112175417415370        2910.2243960466299        2.1174416066239212        2.8622401275563463       0.72679867488107974                0           0   1616478.5313583727        1.2860786271453537E-005  0.25000000000000000              910  0.45390101488787005                0
         225         226  0.11258739991983015        4.7810171057872303E-002  -9.4939383745014589E-004  0.98185672257896206        88575.957032427817        21.129198100363176        15.404419748167692       0.72394411660584301                0           0   53110.521356517827        1.2838083044770557E-004  0.50000000000000000              928   1.0220830019868847                0
         235         236   9.9158490776633662E-002   3.5661683213779022E-002  -5.1301121046354124E-003  0.96614283730650707        4095.4263718306088        2.5687641194955386        2.4442543843700086       0.32636811216441941                0           0   1148675.3345151674        1.5484037106406675E-005   3.1250000000000000E-002         938   8.2968361820738468E-002           0
         249         250   8.3325272192247987E-002   6.4931060179189190E-002  -5.9417119074347373E-003  0.97581540753508467        5929.7866670524481        3.3934150410168407        15.474995096734409       0.42452452938031382                0           0   793336.34104971308        2.0555510157367267E-005  0.25000000000000000              952   1.2425035262105129                0
         271         272  0.13618545113931463       0.10282415591629936       -1.7643068358636144E-003  0.98806680624688603        120181.93023047518        29.578155387187675        7.4327103029437405       0.48419139519088716                0           0   39143.282593508091        1.8027976026539725E-004  0.25000000000000000              974   9.3088128516364499E-002           0
         287         288   8.8414603939471620E-002   4.2704642040310346E-002  -5.8515194294090581E-004  0.98093659039144399        118941.02246670357        24.046383900145148        2.4989961884780780       0.59920460505039064                0           0   39551.663169548527        1.4603779329379048E-004  0.25000000000000000              990  0.19621253076879863                0
         291         292  0.10251315781699964        2.9651563345757474E-002  -1.1831110334550475E-003  0.98075559013170377        29765.556837160901        9.5746088155111213        12.564145037943765       0.58843712815356031                0           0   158045.59892431262        5.8142920318824777E-005   3.1250000000000000E-002         994  0.23389927495932625                0
         303         304  0.77980953382043972       0.33783563817501155       -5.2382472905160467E-002  0.97671789874474535        28033.625192942258        18.742492285908785        5.0066382887695910       0.63417840129434100                0           0   167809.73653129677        1.1358394461059082E-004  0.25000000000000000             1006  0.23242975985552894                0
         311         312  0.16827131513595273       0.11782564957455051       -9.1314488263872420E-003  0.97485864189666582        15717.300866973132        8.0915100549741776        16.621593503880060       0.15708390787489820                0           0   299308.08714936365        4.8990345746074786E-005  0.50000000000000000             1014 -0.12920886663820902                0
         321         322  0.12252965187021556        4.0765808550071510E-002  -1.0952504619379879E-003  0.97557453106160041        63331.226025514967        16.995860241612995        17.081024935649527       0.41568064210161865                0           0   74281.133539866772        1.0293936416602254E-004  0.50000000000000000             1024  0.71935579935934824                0
         323         324  0.13577855073708561        2.1714876777924844E-002  -1.0672784058174505E-003  0.97737634574565457        30402.145619620234        10.295090097572151        13.929890433722882       0.66230025178483287                0           0   154736.29119810546        6.2411468000077191E-005  0.25000000000000000             1026  0.36420711835467767                0
         337         338  0.14234346256931027        4.8688670540606271E-002  -2.7220309402593351E-003  0.98436219341894415        24424.438780536861        9.4883723855236379        12.686315036557660       0.40515511015372563                0           0   192606.89262565569        5.7724153992768256E-005  0.50000000000000000             1040   1.4563689375711268                0
         363         364   8.0030474895858961E-002   2.5241398542184282E-002  -3.2505135387658957E-004  0.96900162088983910        125469.53716214608        23.159872534501439        12.560579900570502       0.70972990000253899                0           0   37493.684634903126        1.3980643129274424E-004  0.50000000000000000             1066  0.54668759551150903                0
         371         372   9.0756420354949963E-002   8.9399293653254358E-002  -1.4941626717007766E-003  0.97790038526241019        78336.750524128642        20.236383406048532        10.409783932692166       0.46794231155507138                0           0   60052.468683849453        1.2271064128272370E-004  0.25000000000000000             1074  0.26845496563006133                0
         383         384   9.3433970454860987E-002   6.5975786712685114E-002  -2.9999592269293533E-003  0.97176827062077331        19385.313257799193        7.6576121486429507        9.9681865302537798       0.47005957331568582                0           0   242674.19334851863        4.6290742961604388E-005  0.50000000000000000             1086  0.46670032379018311                0
         395         396  0.10118924464727580        7.2387835402996439E-002  -4.0679476328368365E-003  0.98184110250843104        15239.121285685993        6.7103307468978812        8.4639374045888918       0.49327614080427729                0           0   308699.90266850201        4.0771591993552411E-005  0.50000000000000000             1098   6.1968787560533603E-002           0
         401         402  0.11008182267075275        8.1520559788653676E-002  -2.1754919003101718E-003  0.98946501741247106        50292.904508829961        15.372504553420699        7.4811948825507155       0.42125080344130733                0           0   93538.349069078395        9.3761781152373525E-005  0.50000000000000000             1104  0.13759617467801832                0
         219         220   5.9461379470541447        2.5291364086335988      -0.75299076982192070       0.98221912150944157        80559.862777643633        74.428097414589246        6.1467343974477435       0.18934760501386536                0           0   58395.273967004177        4.5230718866207646E-004  0.50000000000000000              922  0.12486454935908090                0
         159         160  0.52009082554844766       0.13749382338007102       -6.8562166579241961E-003  0.98252657550525302        109146.58921206869        38.868446659729038        2.4670397878770873       0.57760093558968317                0           0   43100.891119047374        2.3624417772278330E-004  0.25000000000000000              862  0.18355231200568273                0
           1           2   2.0244841138268650       0.61000484406818434       -7.0741485713423660E-002  0.98738152934187551        118081.33591071346        65.056817812538299        16.376398408283691       0.49036316449562017                0           0   39839.617509086311        3.9638661146352313E-004  0.50000000000000000              704  0.12676600478208361                0
         283         284  0.18094602805437388        8.1870494517192083E-002  -1.6064068193646895E-003  0.97697797871714775        143540.44546752289        34.366892541613126        5.2173229781537991       0.28558512083190352                0           0   32773.447527785116        2.0829891525217590E-004   6.2500000000000000E-002         986  -5.1112738229988644E-002           0
         185         186  0.24628085064239766        6.9358336926096664E-002  -1.8551080494142963E-003  0.99057546901522908        130681.44545928008        34.314639623851313        8.3507312426979627       0.52837773029643631                0           0   35998.341165507023        2.0941269287605858E-004  0.50000000000000000              888  0.21750593168516164                0
         191         192  0.17819880543248182        5.0730547014061628E-002  -8.9966543292994278E-004  0.98450778698896024        174927.64032278312        37.446621017460309        17.989048360093843       0.62798351854673806                0           0   26892.921261409472        2.2782970840593575E-004  0.25000000000000000              894  0.46981370570439862                0
          71          72  0.16939743337267674        2.6319217633798585E-002  -4.7647967898261517E-004  0.96976219828091648        170003.73667627125        34.870225322542275        11.267504582423252       0.27505385452460884                0           0   27671.834452691655        1.5082883319385277E-004  0.25000000000000000              774 -0.11782367917712144                0
          53          54  0.10539273585624893        8.3691576402142989E-002  -9.4861616487088496E-004  0.98840746126056767        171334.30925667207        34.651436372167325        14.066537040422542       0.25210074701729485                0           0   27456.936547351612        2.1096666920612941E-004  0.25000000000000000              756 -0.17114559679024022                0
         245         246  0.10614450888457336        7.9534736728126665E-002  -8.8338078697462622E-004  0.97533507163214717        180155.36208468804        35.614411017835778        8.9314929065392050       0.15829524546552123                0           0   26112.546433302068        2.1568078356416255E-004  0.50000000000000000              948  0.11115854304606640                0
         331         332  0.12214104311112879        9.8521910482032543E-002  -1.1537755047203683E-003  0.97154055198387024        188414.45473505274        38.868024797675822        16.703023182115476       0.29036367251016321                0           0   24967.910579153504        2.3493249830021899E-004  0.50000000000000000             1034   6.9144553590815228E-002           0
         203         204  0.10958957416913398        5.6611292613942377E-002  -6.2817234305771752E-004  0.98494187057407623        200051.97130642890        36.805509599966030        15.037285831041507       0.12980569424144317                0           0   23515.465640870621        1.6988547057778460E-004  0.50000000000000000              906 -0.16865439852853403                0
          21          22  0.17137201111473407        1.8580527211685235E-002  -2.8964617018065918E-004  0.97725619083110171        219756.57682243298        40.968444197440832        3.3158175110202279       0.24082939515296739                0           0   21406.937283364805        1.8343950172520064E-004  0.25000000000000000              724   6.7659162517448357E-002           0
         369         370  0.35577330781196675       0.28758888866695975       -6.5923629871082615E-003  0.96841922705639494        200307.85819162280        57.839387851881206        14.002660580382290       0.41334396265660839                0           0   23485.425385280789        3.4904883910831302E-004  0.50000000000000000             1072   1.5689144107025144                0
          77          78   9.3430964505624117E-002   2.0354482771848002E-002  -1.6334883162896549E-004  0.97425183352183942        309441.22681298596        43.386459025179242        10.169559928879323       0.56369775311338821                0           0   15202.613129787858        1.8457846561722538E-004  0.50000000000000000              780  0.84521037345379746                0
         315         316  0.30834333591613694       0.21242803698149326       -3.5544000840579989E-003  0.96932722246065328        288048.63087816222        68.675120176768687        7.0833402310577336       0.40047435513847118                0           0   16331.670257563481        4.1463143421502049E-004   3.1250000000000000E-002        1018  0.20841140662865229                0
          89          90  0.20842321107894346       0.10223825271363279       -1.3435582502014560E-003  0.98702482580270168        297769.38109927031        59.104743533761280        6.2256127350294532       0.75726707473440447                0           0   15798.519109916271        3.6005640583131949E-004  0.50000000000000000              792  0.39962134885451628                0
         155         156  0.50373356431637750       0.18870347651975347       -4.6345267489272665E-003  0.98128177235206437        293320.33962033020        76.435433608783669        10.723454014227537       0.73091691600720865                0           0   16038.148816184937        4.6428632181207922E-004  0.50000000000000000              858  0.45969523281514646                0
         187         188  0.16652052450678573        4.4390738220572948E-002  -5.1200105471243477E-004  0.98740860044556455        313872.49940009229        53.803263366689940        5.5874605132481490       0.66710360258034318                0           0   14987.981637882163        1.5401396217716847E-004  0.50000000000000000              890  0.29296710104048551                0
         255         256   8.3811449474318997E-002   3.0344259974373743E-002  -1.9498774621546684E-004  0.99476358635673934        366335.73421504453        48.606227887337262        8.7117189441991751       0.45463457539096663                0           0   12841.540746017587        1.7373772739312873E-004  0.50000000000000000              958  0.23919970365707077                0
          93          94   8.5361728603296438E-002   7.1347741082274679E-002  -4.1080252103106030E-004  0.97812880800934654        378910.90214675880        55.249666982163497        9.2856161397742518       0.46217862915145214                0           0   12415.359998859836        1.7179347800011020E-004  0.50000000000000000              796  0.35119443956126795                0
          95         546  0.62290701776509083       0.52092362269304604       -3.7742912945274701E-003  0.93637649934064038        1958534.1855736955        320.39165554946163        7.3918734869607494       0.51769676025711753                0           0   2401.9571842534738        1.0626143261826748E-003   7.5155243428560677E-004         798  0.31999345734865103                0
          67          68  0.52597586808430075       0.46375414949012228       -9.5351984985231255E-003  0.98266064699714351        341740.68956755206        95.332992401100725        16.124520903810339       0.44893704580426685                0           0   13765.745201713413        5.7947742737167690E-004  0.50000000000000000              770   7.0853756745380136E-002           0
         213         214   8.6717284611907239E-002   1.7710005955573944E-002  -1.1427078035879827E-004  0.98213695314694749        400632.33674856107        50.085097135765906        3.7114291181831991       0.34601411996722670                0           0   11742.225542311169        1.5552041722878169E-004  0.25000000000000000              916  0.15244784648115028                0
         313         314  0.11479116130453372        5.7685466757393881E-002  -3.9453446450446250E-004  0.99253727403468150        435049.79924732697        62.547398305763593        2.5388713184136695       0.43190730333203564                0           0   10813.279918261374        1.7042172232509015E-004  0.50000000000000000             1016   7.7361761736301909E-002           0
         365         366  0.29906545429998188       0.27572229150032296       -3.4223050706489746E-003  0.97703614846779008        409915.73603235272        89.792227251814452        13.574346748100641       0.29610122785815346                0           0   11476.298283102440        5.4424978456707430E-004  0.50000000000000000             1068 -0.23627415230459595                0
         201         202  0.41909726131645580       0.36316033186407948       -5.4401348907038797E-003  0.97784193266974673        439642.50440806977        104.26124217537117        15.751135271144372       0.38863062752952415                0           0   10700.319487940789        6.3220712582260643E-004  0.50000000000000000              904   7.1946406846156608E-002           0
         171         172  0.11855449161888632       0.10910379859810015       -6.3808363105355751E-004  0.99690688946593098        502629.43037454027        75.543937317710842        4.0969596961293560       0.23565362101564394                0           0   9359.4106778413025        1.6222029374787257E-004  0.50000000000000000              874  -7.3788222970468359E-002           0
         347         348  0.19457293008789711        9.8264029982305379E-002  -8.4213227326918961E-004  0.97623178622328566        525292.62380639045        84.608893442837001        6.0472999670547640       0.38489538326127964                0           0   8955.6088253366652        5.1262384884362530E-004  0.25000000000000000             1050  0.15718673774271583                0
         343         344   9.9716206803828866E-002   3.9838043689421537E-002  -1.9541286924161294E-004  0.98547806040898511        644708.77578794607        75.758248904357316        14.222001737287993       0.56711710032836127                0           0   7296.8066114739531        4.6110969753691106E-004  0.50000000000000000             1046   1.7367014048800269                0
          99         100  0.11123848720615616        3.9011678252708890E-002  -1.9764343022701515E-004  0.98119635498491209        697449.45099556562        81.825121918085514        8.9722437341403047       0.54658249325014030                0           0   6745.0268272914218        1.9609050585244134E-004  0.25000000000000000              802  0.13409301834218962                0
         391         392  0.13558686976987694        5.7578981684498085E-002  -2.5446740011902898E-004  0.98428057182237338        1015963.8259505472        114.33226250480101        12.822373344131737       0.31179431635103283                0           0   4630.3964151906221        1.9855493643177781E-004  0.50000000000000000             1094  0.10370528493873536                0
         385         386  0.12648191059682606        5.9749107023494945E-002  -2.5030111744847215E-004  0.99192399726360403        1010156.8010307509        112.51654391747591        17.691767554737794       0.27584219203473176                0           0   4657.0148840700185        1.9971473045980897E-004  0.50000000000000000             1088   7.5902408794976152E-003           0
          41          42  0.11122608390456809        8.6847116325004775E-002  -3.0034655602715249E-004  0.97689552612968544        1076875.4069236529        119.85571002551679        1.4727859078543946       0.83467886737249419                0           0   4368.4861102769009        1.9934720720389158E-004  0.25000000000000000              744  0.52034089957234442                0
         345         346  0.55774375829353751       0.47607345656862060       -4.7923803546830179E-003  0.97923176074338625        1065819.0059203701        206.47940675782556        2.7367147383453054       0.25241620503486878                0           0   4413.8031237137029        1.2529054742208931E-003  0.50000000000000000             1048  -4.2359415202146380E-002           0
          73          74  0.94128231410560004       0.69908498357263338       -1.0547991353088345E-002  0.98595090542721642        1010924.7705775029        232.48741209934116        16.673952998976915       0.53273122803286765                0           0   4653.4770880699325        1.4155097427745917E-003  0.12500000000000000              776  0.38518179362651944                0
         285         286   8.9462339041284894E-002   4.2834040765278178E-002  -1.2838168338598593E-004  0.97556116315563901        1178106.6063545495        111.23605151706303        9.2582071608669043       0.66763711425857264                0           0   3993.1150816660524        1.4410236536712358E-004  0.50000000000000000              988  0.22770030524256687                0
         293         294  0.55382231722128972       0.12326253909399966       -1.3046202120956597E-003  0.97555013427591697        1208714.8768618368        195.00098063437505        9.3854094650134741       0.54079610062795147                0           0   3891.9974823661364        1.1809822740092247E-003  0.50000000000000000              996  0.92276132329767102                0
         123         124  0.67985937278035102       0.12376754478802159       -1.4259437356367586E-003  0.97763450747397851        1328700.8239903566        219.90890269502705        6.8431642418007188       0.57737451263787110                0           0   3540.5376234484115        1.3330674591925293E-003  0.50000000000000000              826  0.32054764809885972                0
           7           8  0.10772050310063933        1.1526931384030817E-002  -3.7943697728780554E-005  0.99082248886431246        1424470.1409572540        121.95279694780302        12.119530640581548       0.46550833727650809                0           0   3302.5018372680170        1.6260639909577266E-004   6.2500000000000000E-002         710  -9.6804045617939344E-003           0
         355         356  0.32294731613854971       0.22153041596011064       -1.4146791448691402E-003  0.98835597978780254        1280677.5733209376        188.46314208734015        6.3815593870475054       0.43725286484481568                0           0   3673.3018174480535        1.1488556879049804E-003  0.50000000000000000             1058   6.7285611206123308E-002           0
          85          86   8.0567479673496034E-002   7.0359839832317903E-002  -1.6540594186675728E-004  0.98642166572395873        1357017.8794508749        127.71821781941760        8.9304024098112613       0.31472973538561216                0           0   3466.6567986181526        1.9401392259058692E-004   6.2500000000000000E-002         788  -5.6292157084326513E-002           0
         387         388  0.11696728908539532        8.3148869844046139E-002  -2.2937308337085807E-004  0.96149207746520393        1621793.7906675863        158.01476099211044        3.0180366347223910       0.58466387006488574                0           0   2900.6864403570721        9.1571318233774350E-004   1.9334329097130500E-005        1090  0.19191772989502454                0
         103         104   9.4240900685283069E-002   8.1646476448274677E-002  -1.9581474411928143E-004  0.97430932578693863        1543295.6101144454        146.43699954217337        3.3751006293470729       0.15774772695103728                0           0   3048.2269416265021        8.8618227905427590E-004  0.25000000000000000              806  -5.1354771955483977E-002           0
          65          66   8.1196656538748205E-002   3.2700733033609646E-002  -6.2627861262289943E-005  0.98184767372588766        2149336.5504112290        157.99647215383459        13.265723001022973       0.55788858502612571                0           0   2188.7290088398181        1.9363885980735446E-004  0.50000000000000000              768  0.17597846465003730                0
          15          16  0.12041882448822794        4.7134796559794988E-002  -1.1370748620294229E-004  0.97825164521118502        2263928.7909641471        186.02285177799217        12.970496622413531       0.59632082492204674                0           0   2077.9431210119114        1.1281688166013199E-003  0.50000000000000000              718  0.17971208655778412                0
         243         244  0.10897784068549871        6.2870305948584129E-002  -1.2688985103554134E-004  0.99345305026723485        2514966.0648626112        201.22235189126619        9.3195089982042614       0.37521940583743030                0           0   1870.5283237695505        1.2297376519750148E-003  0.50000000000000000              946   7.3449569589418479E-002           0
         403         404  0.17519688796893346        3.8994197612049461E-002  -1.0593118339586663E-004  0.98389320253890522        2940507.9667289220        240.33769287239713        17.602406026075254       0.41755164389927962                0           0   1599.8308152444608        1.1169437086813317E-003   6.6763453494429921E-004        1106  0.14641054369338730                0
         127         128  0.41687934908818136       0.27898104023835063       -1.0601324713850049E-003  0.99434194081511351        3619474.9262651657        408.83142482301037        13.031954756424454       0.29555449020586100                0           0   1299.7231237899509        2.4997052625840904E-003  0.25000000000000000              830  -2.3255398618644008E-003           0
         217         218   8.1228311512873880E-002   6.5270211912634449E-002  -8.4864059256294254E-005  0.97696892315676265        3390006.8490829859        232.81876606981328        16.620515664502587       0.73683620200189137                0           0   1387.7008121435813        1.4110585494170628E-003  0.50000000000000000              920  0.32163963028272025                0
         143         144  0.25022565110097550       0.15769561095085233       -3.9893226177458845E-004  0.97378367469115990        4047244.7606835263        368.61381757316616        8.7341996448619206       0.64530971319777186                0           0   1162.3500766111972        2.2305190603367172E-003  0.50000000000000000              846  0.21832032720809202                0
          61          62  0.16574606629006447        5.1105325148539382E-002  -1.0680914848388477E-004  0.98146224652464376        3985102.7316611102        295.54272204541036        6.4817397517112889       0.44320947398469940                0           0   1180.4752786595950        1.7952874583487142E-003  0.50000000000000000              764  0.28008339441722407                0
          29          30   9.2064989403419284E-002   3.8673592252436655E-002  -4.8326417632826574E-005  0.98790084533106615        4595724.3541263249        274.56410217347485        6.2017951659689698       0.83109428169838617                0           0   1023.6286807368981        1.6733196375634911E-003  0.25000000000000000              732  0.51035043298916061                0
         405         406   8.7236661288412828E-002   5.5735761705262711E-002  -1.4072219982536795E-005  0.99445045527554632        44632234.652881853        1287.6258805654079        9.8907047626199063       0.67975611958521864                0           0   105.40174145954420        7.8733128566099032E-003  0.50000000000000000             1108   1.2955770316341857                0
          45          46   8.6894120985331738E-002   8.6164685909330241E-002  -8.2040856412477007E-005  0.98387083180607882        5506893.1944410549        340.10174038637848        7.2567603135036505       0.64531694608908674                0           0   854.25939664011355        2.0685513436049150E-003  0.25000000000000000              748  0.47190515249547693                0
         161         162   9.3309048906446132E-002   9.2827486138433946E-002  -9.1369824479088082E-005  0.98840048190507601        5621468.2022937769        353.27824773982690        6.8306338354046003       0.47669520862273984                0           0   836.84814862516168        1.6549768241892334E-003   2.6728655801053841E-005         864  0.13319948091097203                0
         289         290  0.10428359770713377        2.3242149003040714E-002  -2.7029411247412207E-005  0.98098909611257956        6248184.4555759076        334.17583100382006        17.701311866794427       0.16304509784299698                0           0   752.90915162509498        1.7096143177590534E-003   1.0351373813694551E-003         992  -4.6396047034797244E-002           0
         115         116   9.5073144526220191E-002   4.6025486525321645E-002  -4.6726263478262970E-005  0.98361077625756288        6339435.9430684811        348.99124241529205        13.197428042567635       0.48257759660283228                0           0   742.07158174513086        2.1223306805025111E-003  0.25000000000000000              818  0.16990900223007877                0
         223         224  0.13901763968801717        6.0776114313866474E-002  -7.7058143768516887E-005  0.98946003781448011        6749237.6664177356        408.60495953573627        4.2141938436753623       0.32972070219194388                0           0   697.01431334268784        2.0960593430603704E-003   2.3325633138391563E-004         926  0.10148050588919891                0
         199         200  0.11230093762090229        4.7925291740752780E-002  -4.9845320530023470E-005  0.98557578802919299        7365259.5215128316        402.38621163417127        9.2609308072065541       0.38918951111343197                0           0   638.71683596540686        2.4494184751019071E-003  0.50000000000000000              902  0.76402045133012031                0
         373         374  0.15845034820673778       0.15233439132851201       -1.7085684054326766E-004  0.97950996656296374        7914574.4455046905        526.47544992814005        3.8667934835371174       0.40252868914977546                0           0   594.38638047263726        2.8282774771698719E-003   1.0815860707860726E-004        1076  0.10594537599929746                0
          69          70  0.10464422723177559       0.10349050793134676       -8.6377732787562200E-005  0.98042651398566583        8085705.8082159301        467.23280664956275        12.521758348040414       0.16695332133011342                0           0   581.80638391081243        2.8368343572848856E-003  0.50000000000000000              772 -0.16226373336877614                0
          51          52  0.11606384615255892        9.5064690585184505E-002  -1.2276543213329298E-004  0.98205345115529663        4872545.5793825211        334.93415447263214        5.2617293307665998       0.45462685088531052                0           0   965.47383313362923        1.9892380511386115E-004  0.50000000000000000              754   6.4349609732196777E-002           0
         267         268  0.11152016154947933        1.9237634443879208E-002  -2.0555964469461241E-005  0.97570944724193143        7747939.7004846325        388.94351572974949        2.6062071654101082       0.54534381028775469                0           0   607.16983346559982        2.0754562335245511E-003   1.1156408394156683E-003         970  0.15260779861031035                0
         367         368  0.20322917187314732       0.17631903439505672       -1.9839532551748208E-004  0.98268601023256186        10353006.184414322        673.09001338367932        13.371417717045722       0.52317864958122151                0           0   454.39123418343536        3.7281336276242310E-003   4.5428413788296910E-004        1070   1.5332033188403771                0
         305         306   8.5255713978393793E-002   1.6586699482616780E-002  -1.1931200371230782E-005  0.97557216214542408        10624387.113807641        441.69112072417624        11.649396030267081       0.25436982422890742                0           0   442.78462439785847        2.6751951435917505E-003  0.50000000000000000             1008   7.7778329827911774E-002           0
         325         326  0.14296285691723640        1.8018411898666035E-002  -1.7591034512000332E-005  0.98525910189351285        11605238.715074902        545.71725305743564        8.3443854047566646       0.38075411412532606                0           0   405.36135215676182        1.9976652747874619E-004  0.25000000000000000             1028   2.6715325485485428E-002           0
         119         120  0.12744757891135747        8.2887871857059842E-002  -6.3848789170769046E-005  0.98269985033698937        12193204.574003790        616.57973866081329        10.130041461743033       0.25382965797857537                0           0   385.81451078697370        3.7479255214838184E-003  0.25000000000000000              822   6.8072504286440960E-002           0
         133         134  0.13034205300579016        4.8697333779162973E-002  -3.8327440716658887E-005  0.98105212517012397        13234721.860947983        617.16211204492731        5.3020228554226998       0.48741872930996877                0           0   355.45252156193027        3.6972515320975318E-003   6.5903570586252542E-004         836  0.21034056256502903                0
          17          18   8.8310858010865509E-002   3.6165089814597706E-002  -2.2321003472730643E-005  0.98140412768925933        12747100.610456508        533.22349031307033        9.4259436659285871       0.35968312875937059                0           0   369.04982563531280        3.2391129273980847E-003  0.50000000000000000              720  -4.3188008552198343E-002           0
         275         276  0.13196141201412448        6.9014568623332620E-002  -4.7733503674780389E-005  0.97886032639625542        15446986.906516399        711.02317235638748        9.6471324458462675       0.42272315239096914                0           0   304.54581764811496        2.8023917424753533E-003   5.3713638267927869E-004         978  0.37050435644785351                0
         221         222  0.10685030920939192        6.9974509155263417E-002  -3.1626591997111283E-005  0.98455155592003918        22713940.850060478        881.01354233380528        13.111544110770909       0.20685423000387712                0           0   207.11136340007846        2.0426565530533305E-003   3.0894872266518054E-005         924 -0.20010168822206165                0
         157         158  0.17882018552997023        8.7937108552675433E-002  -4.2075573893486599E-005  0.98507185726316648        36757764.296126552        1392.7655322529879        5.6229083975921572       0.37136045164444542                0           0   127.98153934896669        5.7056021803385667E-003   3.3231517639530517E-004         860   6.6098008832979182E-003           0
         145         146  0.11284151051838727        7.1741434973604884E-002  -2.4259715194155773E-005  0.99379225657081671        37282353.595702417        1243.5767341865173        10.620901767013439       0.41415831015191745                0           0   126.18074783205303        5.8354681915067999E-003   2.0334927292882358E-004         848  0.14808851841925474                0
         399         400  0.17014458503807270        6.6018282057290864E-002  -2.6984223382723358E-005  0.99072692345283564        45922134.203273095        1551.2856082727278        11.777594798951020       0.22350687990161303                0           0   102.44112864661818        6.9689384770024454E-003   9.8640993535174316E-005        1102 -0.12825643723189234                0
