 1031936   1   373  32   0      1.9   7.73   4.63  2.318     0.0  -0.2148   0.0000
  -1.117645   0.000000   0.245611   0.096985  -0.663599   0.060150   0.000000   0.000000   0.000000   0.000000
   0.00000   0.00000   0.13986   0.02892   0.00000  -1.11764   0.00000   0.00000  -0.87203   0.66276   0.19282   0.00000   0.00000
 NAME(I1)    NAME(I2)    M1[M*]                    M2[M*]                    EB[NB]                    ECC                       P[Days]                   SEMI[AU]                  RI[PC]                    VI[km/s]                  K*(I1)      K*(I2)      ZN[NB]                    RP[NB]                    STEP(I1)[NB]              NAME(ICM)                 ECM[NB]                   K*(ICM)      
           3           4   8.7970317491499028E-002   4.9196061553816367E-002  -9.2897646351125171E-004  0.98018963898304645        71340.815372945974        17.361255191394889        2.5574812947884742       0.22204099721438048                0           0   65941.428242054317        1.0539810829294615E-004  0.50000000000000000              706   6.7740128587052445E-002           0
          59          60  0.52934127945164156       0.11516011942956719       -3.1001072744619322E-002  0.99635260950274573        9025.0375450904266        7.3279160146024838        16.064191760476380       0.94200220183353611                0           0   521251.59969045070        4.4850020571511419E-005  0.50000000000000000              762   1.3848909146886184                0
          63          64  0.11284127030153632        5.3401276685359052E-002  -1.4468849236327175E-003  0.97984293960292113        54774.265105649982        15.520472950299069        16.531156498864799       0.36681840398649040                0           0   85885.502043175962        9.4206442072616631E-005  0.25000000000000000              766  0.19054773441344466                0
          83          84  0.10272953417562042        4.1373672231505683E-002  -1.2819188696754095E-003  0.97370419826673227        41789.837138321200        12.356008093958177        18.748264473977571       0.43941571962178239                0           0   112570.79662870750        7.4766174595093939E-005  0.50000000000000000              786  0.30812047596406406                0
         131         132   8.4797441590329786E-002   6.4637458177469395E-002  -7.7121942017657882E-004  0.98912831439601701        128788.41655396212        26.485513546867381        5.5645476997893537       0.51734282217569916                0           0   36527.471829531067        1.6151620773559698E-004   7.8125000000000000E-003         834  0.16996872075775368                0
         137         138  0.13717930409073115       0.13193897190263901       -4.0334545728335997E-003  0.97817964388784162        48147.574536657077        16.722602131164937        8.9410875748083090       0.35368802766717289                0           0   97706.173216745112        1.0141787278782275E-004  0.50000000000000000              840  0.59701546746218059                0
         167         168  0.11739175763496201        6.6852661947444644E-002  -1.3371095085191684E-003  0.97921691183512483        87047.450602289726        21.873015901955345        17.877573474939030       0.70610934026580874                0           0   54043.113555826756        1.3272323952673876E-004  0.25000000000000000              870  0.41151034479775817                0
         177         178  0.17518944591650459       0.15841447355487015       -4.8844045916293037E-002  0.97081544669269548        1948.4551180766894        2.1174370246531056        3.6125308676012460       0.79584294753186335                0           0   2414382.1502485364        1.2793853451865820E-005  0.50000000000000000              880  0.48270519721100330                0
         181         182  0.16494482085752635        4.8117280213717237E-002  -2.2342341753636167E-003  0.98308070947828008        38113.841390388654        13.238244572811659        2.6413515685812858       0.34367980718133978                0           0   123428.00111539195        8.0485139620415977E-005  0.50000000000000000              884   2.9828846070276943E-002           0
         193         194  0.13607741833753259        1.4509867592654014E-002  -3.3139095177587647E-004  0.98026160729439438        98477.807758994706        22.203845682541278        18.052926973232605       0.80969537737290120                0           0   47770.308506030713        1.3480179630591914E-004  0.50000000000000000              896   1.0757450917770179                0
         195         196  0.23980714281985319       0.16746154432118399       -1.7866781603804005E-002  0.96643523058497638        13874.745800257982        8.3762612435180923        9.5346901459727622        1.0353054041153027                0           0   339055.96004197007        5.0498069052990366E-005  0.50000000000000000              898  0.79664743243433755                0
         207         208   9.9440827635248155E-002   5.0100703362626467E-002  -8.7683211256005204E-003  0.98112175417415370        2910.2243960466299        2.1174416066239212        5.5201955926394897       0.71795224353680009                0           0   1616478.5313583727        1.2860786271453537E-005  0.25000000000000000              910  0.45463556234150343                0
         225         226  0.11258739991983015        4.7810171057872303E-002  -9.4939383745014589E-004  0.98185672257896206        88575.957032427817        21.129198100363176        17.848083600879551       0.76592449135749219                0           0   53110.521356517827        1.2838083044770557E-004  0.50000000000000000              928   1.0215532289106792                0
         235         236   9.9158490776633662E-002   3.5661683213779022E-002  -5.1301121046354124E-003  0.96614283730650707        4095.4263718306088        2.5687641194955386        2.2167352094511581       0.34369166605685125                0           0   1148675.3345151674        1.5484037106406675E-005  0.12500000000000000              938   9.2308989846879047E-002           0
         249         250   8.3325272192247987E-002   6.4931060179189190E-002  -5.9417119074347373E-003  0.97581540753508467        5929.7866670524481        3.3934150410168407        17.045643555795738       0.41358629231544164                0           0   793336.34104971308        2.0555510157367267E-005  0.25000000000000000              952   1.2427003200171214                0
         271         272  0.13618545113931463       0.10282415591629936       -1.7643068358636144E-003  0.98806680624688603        120181.93023047518        29.578155387187675        10.459270368984283       0.47421992639091193                0           0   39143.282593508091        1.8027976026539725E-004  0.50000000000000000              974   9.3647354853559447E-002           0
         287         288   8.8414603939471620E-002   4.2704642040310346E-002  -5.8515194294090581E-004  0.98093659039144399        118941.02246670357        24.046383900145148        3.9065381095655844       0.59713490417844317                0           0   39551.663169548527        1.4603779329379048E-004  0.25000000000000000              990  0.19410853622874499                0
         291         292  0.10251315781699964        2.9651563345757474E-002  -1.1831110334550475E-003  0.98075559013170377        29765.556837160901        9.5746088155111213        16.108088132029945       0.58861929709765226                0           0   158045.59892431262        5.8142920318824777E-005   3.1250000000000000E-002         994  0.23381558466998839                0
         303         304  0.77980953382043972       0.33783563817501155       -5.2382472905160467E-002  0.97671789874474535        28033.625192942258        18.742492285908785        3.2017210834380165       0.63002500027585695                0           0   167809.73653129677        1.1358394461059082E-004   6.2500000000000000E-002        1006  0.22955108657217302                0
         311         312  0.16827131513595273       0.11782564957455051       -9.1314488263872420E-003  0.97485864189666582        15717.300866973132        8.0915100549741776        19.851214188763546       0.14901986006296553                0           0   299308.08714936365        4.8990345746074786E-005  0.50000000000000000             1014 -0.13014185036332479                0
         321         322  0.12252965187021556        4.0765808550071510E-002  -1.0952504619379879E-003  0.97557453106160041        63331.226025514967        16.995860241612995        19.226538182490749       0.41360252127576952                0           0   74281.133539866772        1.0293936416602254E-004  0.50000000000000000             1024  0.71930521113594326                0
         323         324  0.13577855073708561        2.1714876777924844E-002  -1.0672784058174505E-003  0.97737634574565457        30402.145619620234        10.295090097572151        16.066284235749901       0.68202329564019826                0           0   154736.29119810546        6.2411468000077191E-005  0.25000000000000000             1026  0.36411171219174415                0
         337         338  0.14234346256931027        4.8688670540606271E-002  -2.7220309402593351E-003  0.98436219341894415        24424.438780536861        9.4883723855236379        13.176574287687520       0.41036856516308623                0           0   192606.89262565569        5.7724153992768256E-005  0.50000000000000000             1040   1.4559121547798093                0
         363         364   8.0030474895858961E-002   2.5241398542184282E-002  -3.2505135387658957E-004  0.96900162088983910        125469.53716214608        23.159872534501439        11.995797693246480       0.71870413282259860                0           0   37493.684634903126        1.3980643129274424E-004  0.50000000000000000             1066  0.54696162052360953                0
         371         372   9.0756420354949963E-002   8.9399293653254358E-002  -1.4941626717007766E-003  0.97790038526241019        78336.750524128642        20.236383406048532        10.199816014529768       0.49008918815792030                0           0   60052.468683849453        1.2271064128272370E-004  0.50000000000000000             1074  0.26913346411339506                0
         383         384   9.3433970454860987E-002   6.5975786712685114E-002  -2.9999592269293533E-003  0.97176827062077331        19385.313257799193        7.6576121486429507        7.4417949190722856       0.45501399739981563                0           0   242674.19334851863        4.6290742961604388E-005  0.50000000000000000             1086  0.46636927181654975                0
         395         396  0.10118924464727580        7.2387835402996439E-002  -4.0679476328368365E-003  0.98184110250843104        15239.121285685993        6.7103307468978812        7.6676435048998126       0.49510611429757589                0           0   308699.90266850201        4.0771591993552411E-005  0.50000000000000000             1098   6.0729500080506912E-002           0
         401         402  0.11008182267075275        8.1520559788653676E-002  -2.1754919003101718E-003  0.98946501741247106        50292.904508829961        15.372504553420699        5.2820705327396436       0.39788255340674894                0           0   93538.349069078395        9.3761781152373525E-005  0.50000000000000000             1104  0.13828120150874160                0
         219         220   5.9461379470541447        2.5291364086335988      -0.75299076982192070       0.98221912150944157        80559.862777643633        74.428097414589246        3.8332030367031162       0.17889300044866399                0           0   58395.273967004177        4.5230718866207646E-004  0.50000000000000000              922  0.12508846417221409                0
         159         160  0.52009082554844766       0.13749382338007102       -6.8562166579241961E-003  0.98252657550525302        109146.58921206869        38.868446659729038        1.9569660892550287       0.57776434744376115                0           0   43100.891119047374        2.3624417772278330E-004  0.25000000000000000              862  0.17469326955704459                0
           1           2   2.0244841138268650       0.61000484406818434       -7.0741485713423660E-002  0.98738152934187551        118081.33591071346        65.056817812538299        19.409044995947827       0.49971416799294066                0           0   39839.617509086311        3.9638661146352313E-004  0.50000000000000000              704  0.12658378475058857                0
         283         284  0.18094602805437388        8.1870494517192083E-002  -1.6064068193646895E-003  0.97697797871714775        143540.44546752289        34.366892541613126        4.7438461940436056       0.27871203927538324                0           0   32773.447527785116        2.0829891525217590E-004   6.2500000000000000E-002         986  -5.2155215276161869E-002           0
         185         186  0.24628085064239766        6.9358336926096664E-002  -1.8551080494142963E-003  0.99057546901522908        130681.44545928008        34.314639623851313        9.0353637986884188       0.51914414881754500                0           0   35998.341165507023        2.0941269287605858E-004  0.50000000000000000              888  0.21730056295559178                0
         191         192  0.17819880543248182        5.0730547014061628E-002  -8.9966543292994278E-004  0.98450778698896024        174927.64032278312        37.446621017460309        21.218742126432751       0.63384615194512728                0           0   26892.921261409472        2.2782970840593575E-004  0.25000000000000000              894  0.46970848081178940                0
          71          72  0.16939743337267674        2.6319217633798585E-002  -4.7647967898261517E-004  0.96976219828091648        170003.73667627125        34.870225322542275        13.557076287481033       0.28010647541570677                0           0   27671.834452691655        1.5082883319385277E-004  0.25000000000000000              774 -0.11724137890472212                0
          53          54  0.10539273585624893        8.3691576402142989E-002  -9.4861616487088496E-004  0.98840746126056767        171334.30925667207        34.651436372167325        17.141265595914660       0.23943416994890587                0           0   27456.936547351612        2.1096666920612941E-004  0.50000000000000000              756 -0.17376369732765318                0
         245         246  0.10614450888457336        7.9534736728126665E-002  -8.8338078697462622E-004  0.97533507163214717        180155.36208468804        35.614411017835778        7.7955563479227061       0.13663541882918406                0           0   26112.546433302068        2.1568078356416255E-004  0.50000000000000000              948  0.11141151394487461                0
         331         332  0.12214104311112879        9.8521910482032543E-002  -1.1537755047203683E-003  0.97154055198387024        188414.45473505274        38.868024797675822        19.196372429655682       0.28883705755615208                0           0   24967.910579153504        2.3493249830021899E-004  0.50000000000000000             1034   6.9192155195114360E-002           0
         203         204  0.10958957416913398        5.6611292613942377E-002  -6.2817234305771752E-004  0.98494187057407623        200051.97130642890        36.805509599966030        18.046264862587584       0.11393612096485839                0           0   23515.465640870621        1.6988547057778460E-004  0.50000000000000000              906 -0.16887277243904428                0
          21          22  0.17137201111473407        1.8580527211685235E-002  -2.8964617018065918E-004  0.97725619083110171        219756.57682243298        40.968444197440832        3.5780367869314431       0.24077324761873597                0           0   21406.937283364805        1.8343950172520064E-004  0.50000000000000000              724   7.0194629547385812E-002           0
         369         370  0.35577330781196675       0.28758888866695975       -6.5923629871082615E-003  0.96841922705639494        200307.85819162280        57.839387851881206        14.824924588400759       0.42985460078364141                0           0   23485.425385280789        3.4904883910831302E-004  0.50000000000000000             1072   1.5705919161765303                0
          77          78   9.3430964505624117E-002   2.0354482771848002E-002  -1.6334883162896549E-004  0.97425183352183942        309441.22681298596        43.386459025179242        8.7794724417315155       0.58856062777448293                0           0   15202.613129787858        1.8457846561722538E-004  0.50000000000000000              780  0.84295410528643266                0
         315         316  0.30834333591613694       0.21242803698149326       -3.5544000840579989E-003  0.96932722246065328        288048.63087816222        68.675120176768687        4.4853124233637773       0.42501467355702710                0           0   16331.670257563481        4.1463143421502049E-004   3.1250000000000000E-002        1018  0.23471125007277929                0
          89          90  0.20842321107894346       0.10223825271363279       -1.3435582502014560E-003  0.98702482580270168        297769.38109927031        59.104743533761280        7.0081274405674261       0.75648089857006373                0           0   15798.519109916271        3.6005640583131949E-004  0.50000000000000000              792  0.39881815881983157                0
         155         156  0.50373356431637750       0.18870347651975347       -4.6345267489272665E-003  0.98128177235206437        293320.33962033020        76.435433608783669        8.6872261742962227       0.74950765182145140                0           0   16038.148816184937        4.6428632181207922E-004  0.50000000000000000              858  0.46020894911016613                0
         187         188  0.16652052450678573        4.4390738220572948E-002  -5.1200105471243477E-004  0.98740860044556455        313872.49940009229        53.803263366689940        6.0596070816773233       0.66582430028636408                0           0   14987.981637882163        1.5401396217716847E-004  0.50000000000000000              890  0.29462432109087761                0
         255         256   8.3811449474318997E-002   3.0344259974373743E-002  -1.9498774621546684E-004  0.99476358635673934        366335.73421504453        48.606227887337262        5.7100737132327497       0.45128474961648912                0           0   12841.540746017587        1.7373772739312873E-004  0.50000000000000000              958  0.23737540497733059                0
          93          94   8.5361728603296438E-002   7.1347741082274679E-002  -4.1080252103106030E-004  0.97812880800934654        378910.90214675880        55.249666982163497        6.4594061740030009       0.48963696971190829                0           0   12415.359998859836        1.7179347800011020E-004  0.50000000000000000              796  0.35223353770521754                0
          95         546  0.62290701776509083       0.52092362269304604       -3.7742856299649132E-003  0.93636056259675027        1958538.5947167743        320.39213640299346        4.7113638052754467       0.51682065149013257                0           0   2401.9517768681285        1.4663627457074029E-003   3.8693388396696528E-003         798  0.31150545099601523                0
          67          68  0.52597586808430075       0.46375414949012228       -9.5351984985231255E-003  0.98266064699714351        341740.68956755206        95.332992401100725        18.793726179287567       0.47264476557051760                0           0   13765.745201713413        5.7947742737167690E-004  0.50000000000000000              770   7.0751007149520595E-002           0
         213         214   8.6717284611907239E-002   1.7710005955573944E-002  -1.1427078035879827E-004  0.98213695314694749        400632.33674856107        50.085097135765906        3.8521166156193272       0.33975087723989827                0           0   11742.225542311169        1.5552041722878169E-004  0.50000000000000000              916  0.15478888278602015                0
         313         314  0.11479116130453372        5.7685466757393881E-002  -3.9453446450446250E-004  0.99253727403468150        435049.79924732697        62.547398305763593        2.5369611676510893       0.44354594612069331                0           0   10813.279918261374        1.7042172232509015E-004  0.50000000000000000             1016   7.7335957465142990E-002           0
         365         366  0.29906545429998188       0.27572229150032296       -3.4223050706489746E-003  0.97703614846779008        409915.73603235272        89.792227251814452        15.862675116670653       0.30285961123355204                0           0   11476.298283102440        5.4424978456707430E-004  0.50000000000000000             1068 -0.23613788602063540                0
         201         202  0.41909726131645580       0.36316033186407948       -5.4401348907038797E-003  0.97784193266974673        439642.50440806977        104.26124217537117        18.385842452158158       0.38628010433166021                0           0   10700.319487940789        6.3220712582260643E-004  0.50000000000000000              904   7.2114602489883287E-002           0
         171         172  0.11855449161888632       0.10910379859810015       -6.3808363105355751E-004  0.99690688946593098        502629.43037454027        75.543937317710842        4.7806205986923551       0.23551102679453331                0           0   9359.4106778413025        1.6222029374787257E-004  0.50000000000000000              874  -7.4570560845053868E-002           0
         347         348  0.19457293008789711        9.8264029982305379E-002  -8.4213227326918961E-004  0.97623178622328566        525292.62380639045        84.608893442837001        9.1710767457716393       0.36421178287507761                0           0   8955.6088253366652        5.1262384884362530E-004  0.25000000000000000             1050  0.15743762880335949                0
         343         344   9.9716206803828866E-002   3.9838043689421537E-002  -1.9541286924161294E-004  0.98547806040898511        644708.77578794607        75.758248904357316        15.027842692343125       0.55245175717594786                0           0   7296.8066114739531        4.6110969753691106E-004  0.50000000000000000             1046   1.7409415717477996                0
          99         100  0.11123848720615616        3.9011678252708890E-002  -1.9764343022701515E-004  0.98119635498491209        697449.45099556562        81.825121918085514        6.4633182066024872       0.54585142815621979                0           0   6745.0268272914218        1.9609050585244134E-004  0.25000000000000000              802  0.13233821303396462                0
         391         392  0.13558686976987694        5.7578981684498085E-002  -2.5446740011902898E-004  0.98428057182237338        1015963.8259505472        114.33226250480101        15.861350384724894       0.30034049501700771                0           0   4630.3964151906221        1.9855493643177781E-004  0.50000000000000000             1094  0.10398102718806351                0
         385         386  0.12648191059682606        5.9749107023494945E-002  -2.5030111744847215E-004  0.99192399726360403        1010156.8010307509        112.51654391747591        20.889319682741554       0.27709441689612052                0           0   4657.0148840700185        1.9971473045980897E-004  0.50000000000000000             1088   7.9027079122752260E-003           0
          41          42  0.11122608390456809        8.6847116325004775E-002  -3.0034655602715249E-004  0.97689552612968544        1076875.4069236529        119.85571002551679        3.6659485396784066       0.83601486369357247                0           0   4368.4861102769009        1.9934720720389158E-004  0.25000000000000000              744  0.52099023433475311                0
         345         346  0.55774375829353751       0.47607345656862060       -4.7923803546830179E-003  0.97923176074338625        1065819.0059203701        206.47940675782556        5.4722143604338624       0.25922117540466810                0           0   4413.8031237137029        1.2529054742208931E-003  0.50000000000000000             1048  -4.1969093761218712E-002           0
          73          74  0.94128231410560004       0.69908498357263338       -1.0547991353088345E-002  0.98595090542721642        1010924.7705775029        232.48741209934116        18.679220105549792       0.55606375429979671                0           0   4653.4770880699325        1.4155097427745917E-003  0.50000000000000000              776  0.38496306971760280                0
         285         286   8.9462339041284894E-002   4.2834040765278178E-002  -1.2838168338598593E-004  0.97556116315563901        1178106.6063545495        111.23605151706303        8.3863863958808231       0.67128774453707685                0           0   3993.1150816660524        1.4410236536712358E-004  0.50000000000000000              988  0.22697738306359053                0
         293         294  0.55382231722128972       0.12326253909399966       -1.3046202120956597E-003  0.97555013427591697        1208714.8768618368        195.00098063437505        8.3172196568070387       0.57517899312374832                0           0   3891.9974823661364        1.1809822740092247E-003  0.50000000000000000              996  0.92353854138813984                0
         123         124  0.67985937278035102       0.12376754478802159       -1.4259437356367586E-003  0.97763450747397851        1328700.8239903566        219.90890269502705        4.0207611448868468       0.58988686758606201                0           0   3540.5376234484115        1.3330674591925293E-003  0.50000000000000000              826  0.32050590596150869                0
           7           8  0.10772050310063933        1.1526931384030817E-002  -3.7943697728780554E-005  0.99082248886431246        1424470.1409572540        121.95279694780302        13.198914337303728       0.47389850568003722                0           0   3302.5018372680170        1.6260639909577266E-004   6.2500000000000000E-002         710  -9.8066609127411830E-003           0
         355         356  0.32294731613854971       0.22153041596011064       -1.4146791448691402E-003  0.98835597978780254        1280677.5733209376        188.46314208734015        9.1911176949194218       0.44096574633898139                0           0   3673.3018174480535        1.1488556879049804E-003  0.50000000000000000             1058   6.7531404813029439E-002           0
          85          86   8.0567479673496034E-002   7.0359839832317903E-002  -1.6540594186675728E-004  0.98642166572395873        1357017.8794508749        127.71821781941760        11.557031493381333       0.32537511719865764                0           0   3466.6567986181526        1.9401392259058692E-004   6.2500000000000000E-002         788  -5.6285460318734638E-002           0
         387         388  0.11696728908539532        8.3148869844046139E-002  -2.2937594935329154E-004  0.95160732774430534        1621763.3950353789        158.01278664593113        1.4461989026007920       0.72525797842637119                0           0   2900.7408059929348        6.4760315341617566E-004   1.6496503259810015E-005        1090  0.30178881291599668                0
         103         104   9.4240900685283069E-002   8.1646476448274677E-002  -1.9581474411928143E-004  0.97430932578693863        1543295.6101144454        146.43699954217337        4.2283264507862937       0.15093017921001403                0           0   3048.2269416265021        8.8618227905427590E-004  0.50000000000000000              806  -4.6832715643879669E-002           0
          65          66   8.1196656538748205E-002   3.2700733033609646E-002  -6.2627861262289943E-005  0.98184767372588766        2149336.5504112290        157.99647215383459        16.085633531898161       0.56463892124228610                0           0   2188.7290088398181        1.9363885980735446E-004  0.50000000000000000              768  0.17589134396312844                0
          15          16  0.12041882448822794        4.7134796559794988E-002  -1.1370748620294229E-004  0.97825164521118502        2263928.7909641471        186.02285177799217        16.152894276144171       0.61287912378565845                0           0   2077.9431210119114        1.1281688166013199E-003  0.50000000000000000              718  0.17900039677345120                0
         243         244  0.10897784068549871        6.2870305948584129E-002  -1.2688985103554134E-004  0.99345305026723485        2514966.0648626112        201.22235189126619        7.1732473715258731       0.38273791786380584                0           0   1870.5283237695505        1.2297376519750148E-003  0.50000000000000000              946   7.3654397894411472E-002           0
         265         266   8.4095384718170976E-002   3.6296916915751078E-002  -2.5179217930394699E-005  0.98201130134383630        10108096.130695499        451.77167516234874        2.1171576172436986       0.53071392317109278                0           0   465.40072401557950        1.3476444841430835E-003   9.3215022450460639E-004         968  0.21616662758378338                0
         127         128  0.41687934908818136       0.27898104023835063       -1.0601324713850049E-003  0.99434194081511351        3619474.9262651657        408.83142482301037        14.625923871738381       0.31736593474473318                0           0   1299.7231237899509        2.4997052625840904E-003  0.25000000000000000              830  -2.4464810328295172E-003           0
         217         218   8.1228311512873880E-002   6.5270211912634449E-002  -8.4864059256294254E-005  0.97696892315676265        3390006.8490829859        232.81876606981328        19.426855398034032       0.71472848597544947                0           0   1387.7008121435813        1.4110585494170628E-003  0.50000000000000000              920  0.32151820597973735                0
         143         144  0.25022565110097550       0.15769561095085233       -3.9893226177458845E-004  0.97378367469115990        4047244.7606835263        368.61381757316616        7.5148520183533583       0.64996628048794458                0           0   1162.3500766111972        2.2305190603367172E-003  0.50000000000000000              846  0.21669746973973697                0
          61          62  0.16574606629006447        5.1105325148539382E-002  -1.0680914848388477E-004  0.98146224652464376        3985102.7316611102        295.54272204541036        8.3995062077639187       0.45292741052065350                0           0   1180.4752786595950        1.7952874583487142E-003  0.50000000000000000              764  0.28035503531491424                0
          29          30   9.2064989403419284E-002   3.8673592252436655E-002  -4.8326417632826574E-005  0.98790084533106615        4595724.3541263249        274.56410217347485        6.3349980233316634       0.83898399825722769                0           0   1023.6286807368981        1.6733196375634911E-003  0.25000000000000000              732  0.51025195471427409                0
         405         406   8.7236661288412828E-002   5.5735761705262711E-002  -1.4072219982536795E-005  0.99445045527554632        44632234.652881853        1287.6258805654079        9.4640859250765832       0.71624154021121611                0           0   105.40174145954420        7.8733128566099032E-003  0.50000000000000000             1108   1.2960110447547399                0
          45          46   8.6894120985331738E-002   8.6164685909330241E-002  -8.2040856412477007E-005  0.98387083180607882        5506893.1944410549        340.10174038637848        6.4797467805124418       0.65979391905460172                0           0   854.25939664011355        2.0685513436049150E-003  0.50000000000000000              748  0.47181767981600675                0
         161         162   9.3309048906446132E-002   9.2827486138433946E-002  -9.1372424344799200E-005  0.98760181037948158        5621228.2782920804        353.26819573552291        5.5539526930992746       0.39300504150746979                0           0   836.88386678971403        8.6405040866773637E-004   1.9645506348716485E-005         864   7.6760221106776799E-002           0
         289         290  0.10428359770713377        2.3242149003040714E-002  -2.7029404123967182E-005  0.98098933364774654        6248186.9255860448        334.17591907395115        20.730219393300885       0.16148368624483292                0           0   752.90885398783496        1.6678826713321521E-003   1.0291775273993766E-003         992  -4.7142179078872505E-002           0
         115         116   9.5073144526220191E-002   4.6025486525321645E-002  -4.6726263478262970E-005  0.98361077625756288        6339435.9430684811        348.99124241529205        15.829616310940624       0.49620522651565202                0           0   742.07158174513086        2.1223306805025111E-003  0.25000000000000000              818  0.16987653028446892                0
         223         224  0.13901763968801717        6.0776114313866474E-002  -7.7058278076900461E-005  0.98944705996103133        6749220.0210946985        408.60424735953666        4.6484107222452291       0.31594597276570924                0           0   697.01613563366107        1.1662218810003185E-003   8.8031967949655539E-005         926   9.6141543000907742E-002           0
         199         200  0.11230093762090229        4.7925291740752780E-002  -4.9845320530023470E-005  0.98557578802919299        7365259.5215128316        402.38621163417127        10.684878604616019       0.44295970610824337                0           0   638.71683596540686        2.4494184751019071E-003  0.50000000000000000              902  0.76426394474770065                0
         373         374  0.15845034820673778       0.15233439132851201       -1.7085629696093858E-004  0.97961622223134759        7914612.2160724942        526.47712491909067        4.5429574104394268       0.40278415223351960                0           0   594.38354390775305        3.1947775391827546E-003   5.7175913012880252E-005        1076  0.11583717340843502                0
          69          70  0.10464422723177559       0.10349050793134676       -8.6377732787562200E-005  0.98042651398566583        8085705.8082159301        467.23280664956275        15.390912439649489       0.16469161541306454                0           0   581.80638391081243        2.8368343572848856E-003  0.50000000000000000              772 -0.16253768204907465                0
          51          52  0.11606384615255892        9.5064690585184505E-002  -1.2276543213329298E-004  0.98205345115529663        4872545.5793825211        334.93415447263214        7.0278395238450333       0.45631232972050495                0           0   965.47383313362923        1.9892380511386115E-004  0.50000000000000000              754   6.4448006092658994E-002           0
         267         268  0.11152016154947933        1.9237634443879208E-002  -2.0555845506183969E-005  0.97571208107670981        7748006.9603036586        388.94576667074296        4.7370552593813686       0.54865664570307460                0           0   607.16456267359786        1.0641780583038388E-003   7.9335421235463563E-004         970  0.15340272917479245                0
         367         368  0.20322917187314732       0.17631903439505672       -1.9839592207965186E-004  0.98268168087491048        10352959.488339681        673.08798945075443        14.244797128951545       0.52854488579653958                0           0   454.39328367343978        4.0909128712210141E-003   4.7632374870692362E-004        1070   1.5346332238192060                0
         305         306   8.5255713978393793E-002   1.6586699482616780E-002  -1.1931200371230782E-005  0.97557216214542408        10624387.113807641        441.69112072417624        8.4196588568992503       0.24055750880127361                0           0   442.78462439785847        2.6751951435917505E-003  0.50000000000000000             1008   7.6442135854791260E-002           0
         325         326  0.14296285691723640        1.8018411898666035E-002  -1.7591034512000332E-005  0.98525910189351285        11605238.715074902        545.71725305743564        10.497708054239393       0.38920336499811681                0           0   405.36135215676182        1.9976652747874619E-004  0.50000000000000000             1028   2.6855880020239697E-002           0
         119         120  0.12744757891135747        8.2887871857059842E-002  -6.3848789170769046E-005  0.98269985033698937        12193204.574003790        616.57973866081329        11.183524349532519       0.25169622426906679                0           0   385.81451078697370        3.7479255214838184E-003  0.50000000000000000              822   6.8441594332276229E-002           0
         133         134  0.13034205300579016        4.8697333779162973E-002  -3.8327248897192916E-005  0.98104934575528813        13234821.216388134        617.16520080579994        3.3614386171039614       0.51065154747494912                0           0   355.44985313587790        2.5409999495229654E-003   5.4463645037865335E-004         836  0.21188134876601245                0
          17          18   8.8310858010865509E-002   3.6165089814597706E-002  -2.2321003472730643E-005  0.98140412768925933        12747100.610456508        533.22349031307033        11.884309445529325       0.35121195352566659                0           0   369.04982563531280        3.2391129273980847E-003  0.50000000000000000              720  -4.3129980374698812E-002           0
         275         276  0.13196141201412448        6.9014568623332620E-002  -4.7733887406770353E-005  0.97887230759240429        15446800.639753921        711.01745645199196        7.2005714548534048       0.43150339953528533                0           0   304.54949004376522        4.1015755167684931E-003   6.4813829604663559E-004         978  0.36988632465581994                0
         399         400  0.17014458503807270        6.6018282057290864E-002  -2.6984341150030054E-005  0.99072190870925003        45921833.577802986        1551.2788380230118        14.555454241729000       0.21682605488862006                0           0   102.44179927342154        9.4084872646422128E-003   1.1421502041910609E-004        1102 -0.12793193639455916                0
         157         158  0.17882018552997023        8.7937108552675433E-002  -4.2075598350760479E-005  0.98506323966642340        36757732.246864751        1392.7647226804706        3.8518586013953571       0.36977652451680337                0           0   127.98165093674996        6.0374512364427969E-003   3.4172549654679801E-004         860   3.3574294696501663E-003           0
         145         146  0.11284151051838727        7.1741434973604884E-002  -2.4259717591720053E-005  0.99380472889499416        37282348.068834469        1243.5766112850388        7.9934450531028629       0.41380746019312231                0           0   126.18076653753614        5.9370986392115214E-003   2.0503463356671571E-004         848  0.14682808748101422                0
         221         222  0.10685030920939192        6.9974509155263417E-002  -3.1626218312386810E-005  0.98476713099063673        22714343.421641286        881.02395209255587        16.083901720035126       0.24571202673510417                0           0   207.10769271731121        4.4067819688675168E-003   4.3141947088588394E-005         924 -0.19270785164153140                0
         403         404  0.17519688796893346        3.8994197612049461E-002  -1.0597766430187209E-004  0.98366715440946739        2938573.6560255480        240.23228279579695        20.802333074568288       0.39626076088284118                0           0   1600.8839009355986        3.9832491232061047E-004   1.2549642774966723E-005        1106  0.13235506097829725                0
