 122 305   1   452 101   0      0.3   0.46   4.88  5.696     0.0  -0.2385   0.0000
  -1.208671   0.000000   0.287028   0.062472  -0.571267   0.053723   0.000000   0.000000   0.000000   0.000000
   0.00000   0.00000   0.15013   0.03408   0.00000  -1.20867   0.00000   0.00000  -0.92164   0.77512   0.20854   0.00000   0.00000
 NAME(I1)    NAME(I2)    M1[M*]                    M2[M*]                    EB[NB]                    ECC                       P[Days]                   SEMI[AU]                  RI[PC]                    VI[km/s]                  K*(I1)      K*(I2)      ZN[NB]                    RP[NB]                    STEP(I1)[NB]              NAME(ICM)                 ECM[NB]                   K*(ICM)      
           3           4   8.7970317491499028E-002   4.9196061553816367E-002  -9.2897646351125171E-004  0.98018963898304645        71340.815372945974        17.361255191394889        7.6032175274209344       0.17582449841787187                0           0   65941.428242054317        1.0539810829294615E-004  0.25000000000000000              706  0.11242756703386991                0
          57          58   8.8793517676333700E-002   7.4789808565780366E-002  -1.3944536633748324E-003  0.99288618157622466        67519.482439442989        17.747571380570307        13.959401951777007       0.58289447738002731                0           0   69673.449613065080        1.0843421479498632E-004  0.50000000000000000              760   1.1542247659185667                0
          59          60  0.52934127945164156       0.11516011942956719       -3.1001072744619322E-002  0.99635260950274573        9025.0375450904266        7.3279160146024838        17.560553266212452       0.80029025325745906                0           0   521251.59969045070        4.4850020571511419E-005  0.25000000000000000              762   1.4517504815915219                0
          63          64  0.11284127030153632        5.3401276685359052E-002  -1.4468849236327175E-003  0.97984293960292113        54774.265105649982        15.520472950299069        12.006900715675160       0.39460220380899980                0           0   85885.502043175962        9.4206442072616631E-005  0.25000000000000000              766  0.23325389569526667                0
          83          84  0.10272953417562042        4.1373672231505683E-002  -1.2819188696754095E-003  0.97370419826673227        41789.837138321200        12.356008093958177        13.990334215807714       0.35098135175559841                0           0   112570.79662870750        7.4766174595093939E-005  0.50000000000000000              786  0.23224199261761880                0
          87          88  0.10306885414503236        3.0345968261083246E-002  -4.1821248241819420E-003  0.98428134930470224        4652.7998571211401        2.7870887101701558        15.223878372988437       0.29960480656086869                0           0   1011071.9141389197        1.6955045282497800E-005  0.25000000000000000              790   8.8376570662402731E-002           0
         105         106  0.12790761581087476        8.1406408734692293E-002  -3.3640542461646258E-002  0.96974758674909145        989.02684361157492        1.1534833915785283        18.434472863863220       0.33552007088150304                0           0   4756509.1767037120        6.9657331703446991E-006  0.25000000000000000              808  0.11608451790938251                0
         131         132   8.4797441590329786E-002   6.4637458177469395E-002  -7.7121942017657882E-004  0.98912831439601701        128788.41655396212        26.485513546867381        7.8439881181140505       0.46000533334672833                0           0   36527.471829531067        1.6151620773559698E-004  0.25000000000000000              834  0.12336517160351682                0
         137         138  0.13717930409073115       0.13193897190263901       -4.0334545728335997E-003  0.97817964388784162        48147.574536657077        16.722602131164937        11.788985724350075       0.16421673078228072                0           0   97706.173216745112        1.0141787278782275E-004  0.25000000000000000              840  0.66843948379844986                0
         167         168  0.11739175763496201        6.6852661947444644E-002  -1.3371095085191684E-003  0.97921691183512483        87047.450602289726        21.873015901955345        12.754410571727947       0.67238448643898374                0           0   54043.113555826756        1.3272323952673876E-004  0.25000000000000000              870  0.41894756578098624                0
         177         178  0.17518944591650459       0.15841447355487015       -4.8844045916293037E-002  0.97081544669269548        1948.4551180766894        2.1174370246531056        3.7296071488744382       0.80592356243890229                0           0   2414382.1502485364        1.2793853451865820E-005  0.25000000000000000              880  0.51018031862274249                0
         181         182  0.16494482085752635        4.8117280213717237E-002  -2.2342341753636167E-003  0.98308070947828008        38113.841390388654        13.238244572811659        5.2098267023539133       0.30675135614333443                0           0   123428.00111539195        8.0485139620415977E-005  0.25000000000000000              884   5.2691541762274599E-002           0
         193         194  0.13607741833753259        1.4509867592654014E-002  -3.3139095177587647E-004  0.98026160729439438        98477.807758994706        22.203845682541278        15.662808186675605       0.69851013167534959                0           0   47770.308506030713        1.3480179630591914E-004  0.25000000000000000              896   1.1975646860831999                0
         195         196  0.23980714281985319       0.16746154432118399       -1.7866781603804005E-002  0.96643523058497638        13874.745800257982        8.3762612435180923        11.060292127804406       0.98055266891913329                0           0   339055.96004197007        5.0498069052990366E-005  0.25000000000000000              898  0.74758768748210347                0
         207         208   9.9440827635248155E-002   5.0100703362626467E-002  -8.7683211256005204E-003  0.98112175417415370        2910.2243960466299        2.1174416066239212        3.9079266783686557       0.74590298588972082                0           0   1616478.5313583727        1.2860786271453537E-005  0.25000000000000000              910  0.45594508531921601                0
         225         226  0.11258739991983015        4.7810171057872303E-002  -9.4939383745014589E-004  0.98185672257896206        88575.957032427817        21.129198100363176        15.895182647779524       0.60701048279749659                0           0   53110.521356517827        1.2838083044770557E-004  0.25000000000000000              928   1.1142915957586501                0
         235         236   9.9158490776633662E-002   3.5661683213779022E-002  -5.1301121046354124E-003  0.96614283730650707        4095.4263718306088        2.5687641194955386        7.0055850088996348       0.29247309299834418                0           0   1148675.3345151674        1.5484037106406675E-005  0.25000000000000000              938  0.12710598457931599                0
         239         240   8.3253089810449737E-002   5.9845060969569666E-002  -7.4110620056441019E-004  0.97866503909393976        121080.59857328323        25.053451414275163        15.821677797365092       0.46807506847122649                0           0   38852.758518512826        1.5197941044801133E-004  0.25000000000000000              942  0.14848706410335571                0
         247         248  0.12867704596478571        5.6124925773135610E-002  -4.8755267774440045E-002  0.97148621675522984        348.47281385192167       0.55201979559906922        18.846838638023410       0.62169719078227215                0           0   13499805.639483234        3.3365167437779866E-006  0.25000000000000000              950  0.54681129142933960                0
         249         250   8.3325272192247987E-002   6.4931060179189190E-002  -5.9417119074347373E-003  0.97581540753508467        5929.7866670524481        3.3934150410168407        16.300537470032992       0.52476852029961596                0           0   793336.34104971308        2.0555510157367267E-005  0.50000000000000000              952   1.3354720410001670                0
         271         272  0.13618545113931463       0.10282415591629936       -1.7643068358636144E-003  0.98806680624688603        120181.93023047518        29.578155387187675        6.6620155516374098       0.50494105349639040                0           0   39143.282593508091        1.8027976026539725E-004  0.25000000000000000              974   8.5769641511843048E-002           0
         287         288   8.8414603939471620E-002   4.2704642040310346E-002  -5.8515194294090581E-004  0.98093659039144399        118941.02246670357        24.046383900145148        3.0359004094348037       0.61619598078060778                0           0   39551.663169548527        1.4603779329379048E-004  0.25000000000000000              990  0.21445145556080047                0
         291         292  0.10251315781699964        2.9651563345757474E-002  -1.1831110334550475E-003  0.98075559013170377        29765.556837160901        9.5746088155111213        9.1431178219896072       0.59168341245743694                0           0   158045.59892431262        5.8142920318824777E-005   6.2500000000000000E-002         994  0.24133586589365233                0
         303         304  0.77980953382043972       0.33783563817501155       -5.2382472905160467E-002  0.97671789874474535        28033.625192942258        18.742492285908785        5.9318254349866510       0.63516071593741408                0           0   167809.73653129677        1.1358394461059082E-004  0.25000000000000000             1006  0.23059749572077082                0
         311         312  0.16827131513595273       0.11782564957455051       -9.1314488263872420E-003  0.97485864189666582        15717.300866973132        8.0915100549741776        14.434740084944911       0.18009912828298719                0           0   299308.08714936365        4.8990345746074786E-005  0.25000000000000000             1014 -0.14213555563934671                0
         321         322  0.12252965187021556        4.0765808550071510E-002  -1.0952504619379879E-003  0.97557453106160041        63331.226025514967        16.995860241612995        16.577685417255804       0.46150838004850042                0           0   74281.133539866772        1.0293936416602254E-004  0.50000000000000000             1024  0.78524360054584308                0
         323         324  0.13577855073708561        2.1714876777924844E-002  -1.0672784058174505E-003  0.97737634574565457        30402.145619620234        10.295090097572151        11.970621555279374       0.59664687628616420                0           0   154736.29119810546        6.2411468000077191E-005  0.25000000000000000             1026  0.38852092263462801                0
         337         338  0.14234346256931027        4.8688670540606271E-002  -2.7220309402593351E-003  0.98436219341894415        24424.438780536861        9.4883723855236379        16.244344423371295       0.48052939744314721                0           0   192606.89262565569        5.7724153992768256E-005  0.50000000000000000             1040   1.5594417340400117                0
         357         358   7.9717634398698847E-002   3.5168480550120958E-002  -1.1543449013877967E-003  0.99034897964864510        29342.295402160125        9.0508997532508531        13.616603956887463       0.50996568350029736                0           0   160325.40035359471        5.5228836842580753E-005  0.25000000000000000             1060  0.89699631523107159                0
         363         364   8.0030474895858961E-002   2.5241398542184282E-002  -3.2505135387658957E-004  0.96900162088983910        125469.53716214608        23.159872534501439        9.8858895669029287       0.68355326456097454                0           0   37493.684634903126        1.3980643129274424E-004  0.25000000000000000             1066  0.47838700602837037                0
         371         372   9.0756420354949963E-002   8.9399293653254358E-002  -1.4941626717007766E-003  0.97790038526241019        78336.750524128642        20.236383406048532        7.9265807765455154       0.39275932288049198                0           0   60052.468683849453        1.2271064128272370E-004  0.25000000000000000             1074  0.20505400624309872                0
         383         384   9.3433970454860987E-002   6.5975786712685114E-002  -2.9999592269293533E-003  0.97176827062077331        19385.313257799193        7.6576121486429507        12.366817453473992       0.53080531793567398                0           0   242674.19334851863        4.6290742961604388E-005  0.25000000000000000             1086  0.51690336987799412                0
         395         396  0.10118924464727580        7.2387835402996439E-002  -4.0679476328368365E-003  0.98184110250843104        15239.121285685993        6.7103307468978812        7.3048669259089847       0.47334895644389141                0           0   308699.90266850201        4.0771591993552411E-005  0.25000000000000000             1098   5.8105246113777168E-002           0
         401         402  0.11008182267075275        8.1520559788653676E-002  -2.1754919003101718E-003  0.98946501741247106        50292.904508829961        15.372504553420699        9.4042848516592858       0.47747445546027178                0           0   93538.349069078395        9.3761781152373525E-005  0.25000000000000000             1104  0.16306495421498540                0
         219         220   5.9461379470541447        2.5291364086335988      -0.75299076982192070       0.98221912150944157        80559.862777643633        74.428097414589246        9.4112789037518603       0.25813348427408217                0           0   58395.273967004177        4.5230718866207646E-004  0.25000000000000000              922  0.17496001519405741                0
         159         160  0.52009082554844766       0.13749382338007102       -6.8562166579241961E-003  0.98252657550525302        109146.58921206869        38.868446659729038        4.8305335743297597       0.56738922215458298                0           0   43100.891119047374        2.3624417772278330E-004  0.25000000000000000              862  0.23090553566664743                0
           1           2   2.0244841138268650       0.61000484406818434       -7.0741485713423660E-002  0.98738152934187551        118081.33591071346        65.056817812538299        14.071528211414675       0.45929251678347788                0           0   39839.617509086311        3.9638661146352313E-004  0.25000000000000000              704  0.10272531710938707                0
         283         284  0.18094602805437388        8.1870494517192083E-002  -1.6064068193646895E-003  0.97697797871714775        143540.44546752289        34.366892541613126        5.2186393951883270       0.30594899546874288                0           0   32773.447527785116        2.0829891525217590E-004  0.25000000000000000              986  -4.3998432312971451E-002           0
         185         186  0.24628085064239766        6.9358336926096664E-002  -1.8551080494142963E-003  0.99057546901522908        130681.44545928008        34.314639623851313        10.067149574198917       0.57012988417882415                0           0   35998.341165507023        2.0941269287605858E-004  0.25000000000000000              888  0.25161914695034149                0
         191         192  0.17819880543248182        5.0730547014061628E-002  -8.9966543292994278E-004  0.98450778698896024        174927.64032278312        37.446621017460309        15.738915916055834       0.61902167942735653                0           0   26892.921261409472        2.2782970840593575E-004  0.25000000000000000              894  0.50378788972073818                0
          71          72  0.16939743337267674        2.6319217633798585E-002  -4.7647967898261517E-004  0.96976219828091648        170003.73667627125        34.870225322542275        10.022917389153317       0.26420721320362633                0           0   27671.834452691655        1.5082883319385277E-004  0.25000000000000000              774 -0.14205582057435670                0
          53          54  0.10539273585624893        8.3691576402142989E-002  -9.4861616487088496E-004  0.98840746126056767        171334.30925667207        34.651436372167325        12.251627220124073       0.31127022313167918                0           0   27456.936547351612        2.1096666920612941E-004  0.25000000000000000              756 -0.16921810606984797                0
         245         246  0.10614450888457336        7.9534736728126665E-002  -8.8338078697462622E-004  0.97533507163214717        180155.36208468804        35.614411017835778        12.288672112394785       0.23914813738364527                0           0   26112.546433302068        2.1568078356416255E-004  0.25000000000000000              948  0.14733559833017568                0
         331         332  0.12214104311112879        9.8521910482032543E-002  -1.1537755047203683E-003  0.97154055198387024        188414.45473505274        38.868024797675822        13.673716375606327       0.29983089776045280                0           0   24967.910579153504        2.3493249830021899E-004  0.25000000000000000             1034   2.8852106253848334E-002           0
         203         204  0.10958957416913398        5.6611292613942377E-002  -6.2817234305771752E-004  0.98494187057407623        200051.97130642890        36.805509599966030        13.042671909368199       0.17385497799227972                0           0   23515.465640870621        1.6988547057778460E-004  0.25000000000000000              906 -0.19216601252461987                0
          21          22  0.17137201111473407        1.8580527211685235E-002  -2.8964617018065918E-004  0.97725619083110171        219756.57682243298        40.968444197440832        7.7649601845153828       0.25454233178511715                0           0   21406.937283364805        1.8343950172520064E-004  0.25000000000000000              724   9.8581668707257916E-002           0
         369         370  0.35577330781196675       0.28758888866695975       -6.5923629871082615E-003  0.96841922705639494        200307.85819162280        57.839387851881206        17.335868579901536       0.49067817730182633                0           0   23485.425385280789        3.4904883910831302E-004  0.25000000000000000             1072   1.6893621532724015                0
          77          78   9.3430964505624117E-002   2.0354482771848002E-002  -1.6334883162896549E-004  0.97425183352183942        309441.22681298596        43.386459025179242        13.674973298489254       0.51455597998232294                0           0   15202.613129787858        1.8457846561722538E-004  0.25000000000000000              780  0.92552595177610231                0
         315         316  0.30834333591613694       0.21242803698149326       -3.5544000840579989E-003  0.96932722246065328        288048.63087816222        68.675120176768687        10.017878241161680       0.37882987451021710                0           0   16331.670257563481        4.1463143421502049E-004  0.25000000000000000             1018  0.23114101685464239                0
          89          90  0.20842321107894346       0.10223825271363279       -1.3435582502014560E-003  0.98702482580270168        297769.38109927031        59.104743533761280        7.2503663372998499       0.77713339662947345                0           0   15798.519109916271        3.6005640583131949E-004  0.25000000000000000              792  0.43023846052897941                0
         155         156  0.50373356431637750       0.18870347651975347       -4.6345267489272665E-003  0.98128177235206437        293320.33962033020        76.435433608783669        11.564158035855288       0.66793161831067271                0           0   16038.148816184937        4.6428632181207922E-004  0.25000000000000000              858  0.41835972919655601                0
         187         188  0.16652052450678573        4.4390738220572948E-002  -5.1200105471243477E-004  0.98740860044556455        313872.49940009229        53.803263366689940        6.9301855167959365       0.68068582335523953                0           0   14987.981637882163        1.5401396217716847E-004  0.25000000000000000              890  0.30718686025340386                0
         255         256   8.3811449474318997E-002   3.0344259974373743E-002  -1.9498774621546684E-004  0.99476358635673934        366335.73421504453        48.606227887337262        11.201913529193636       0.47443769480473968                0           0   12841.540746017587        1.7373772739312873E-004  0.25000000000000000              958  0.28447070029731658                0
          93          94   8.5361728603296438E-002   7.1347741082274679E-002  -4.1080252103106030E-004  0.97812880800934654        378910.90214675880        55.249666982163497        12.992057135409617       0.37271772549219478                0           0   12415.359998859836        1.7179347800011020E-004  0.25000000000000000              796  0.39364536880959233                0
          95          96  0.62290701776509083        9.1312241257938784E-002  -2.4694125142519260E-003  0.98236170386490229        343709.33126783842        85.837669455708635        10.422169873609025       0.59217692814386125                0           0   13686.900033502103        3.8719510583643034E-004   2.2104085877770743E-005         798  0.37619738655049623                0
          67          68  0.52597586808430075       0.46375414949012228       -9.5351984985231255E-003  0.98266064699714351        341740.68956755206        95.332992401100725        16.787685279600087       0.38942450943964374                0           0   13765.745201713413        5.7947742737167690E-004  0.25000000000000000              770  0.11796736002897820                0
         213         214   8.6717284611907239E-002   1.7710005955573944E-002  -1.1427078035879827E-004  0.98213695314694749        400632.33674856107        50.085097135765906        8.0656716969528688       0.36827174902506526                0           0   11742.225542311169        1.5552041722878169E-004  0.25000000000000000              916  0.17908366701243744                0
         313         314  0.11479116130453372        5.7685466757393881E-002  -3.9453446450446250E-004  0.99253727403468150        435049.79924732697        62.547398305763593        4.7651911119427641       0.38378048788103525                0           0   10813.279918261374        1.7042172232509015E-004  0.25000000000000000             1016   9.2343763199930026E-002           0
         365         366  0.29906545429998188       0.27572229150032296       -3.4223050706489746E-003  0.97703614846779008        409915.73603235272        89.792227251814452        13.485335263525117       0.28859162195665283                0           0   11476.298283102440        5.4424978456707430E-004  0.25000000000000000             1068 -0.23240335140061608                0
         201         202  0.41909726131645580       0.36316033186407948       -5.4401348907038797E-003  0.97784193266974673        439642.50440806977        104.26124217537117        13.381054054589962       0.39189182703603020                0           0   10700.319487940789        6.3220712582260643E-004  0.25000000000000000              904   4.8117059828891112E-002           0
         171         172  0.11855449161888632       0.10910379859810015       -6.3808363105355751E-004  0.99690688946593098        502629.43037454027        75.543937317710842        2.8601197899550175       0.23068301227600757                0           0   9359.4106778413025        1.6222029374787257E-004  0.25000000000000000              874  -8.1808879716690527E-002           0
         347         348  0.19457293008789711        9.8264029982305379E-002  -8.4213227326918961E-004  0.97623178622328566        525292.62380639045        84.608893442837001        5.7508291914687897       0.44356604155341262                0           0   8955.6088253366652        5.1262384884362530E-004   6.2500000000000000E-002        1050  0.17549700199864060                0
         343         344   9.9716206803828866E-002   3.9838043689421537E-002  -1.9541286924161294E-004  0.98547806040898511        644708.77578794607        75.758248904357316        17.373028705474756       0.66999307589480106                0           0   7296.8066114739531        4.6110969753691106E-004  0.25000000000000000             1046   1.8185545389948539                0
          55          56   8.3915877860446200E-002   1.7498204653530233E-002  -7.7740196882517218E-005  0.96898154446861051        677342.13462491788        70.390059717499767        13.569593174839079       0.14733923870713206                0           0   6945.2570823012566        1.8325936041652929E-004  0.25000000000000000              758 -0.19795487113825716                0
          99         100  0.11123848720615616        3.9011678252708890E-002  -1.9764343022701515E-004  0.98119635498491209        697449.45099556562        81.825121918085514        10.512894716379323       0.54327983750675757                0           0   6745.0268272914218        1.9609050585244134E-004  0.25000000000000000              802  0.14329302606231573                0
         391         392  0.13558686976987694        5.7578981684498085E-002  -2.5446740011902898E-004  0.98428057182237338        1015963.8259505472        114.33226250480101        12.611661279152043       0.37414811866997844                0           0   4630.3964151906221        1.9855493643177781E-004  0.25000000000000000             1094  0.14402101570212866                0
         385         386  0.12648191059682606        5.9749107023494945E-002  -2.5030111744847215E-004  0.99192399726360403        1010156.8010307509        112.51654391747591        14.068842958328499       0.28180715480570934                0           0   4657.0148840700185        1.9971473045980897E-004  0.25000000000000000             1088  -1.0738094506784776E-002           0
          41          42  0.11122608390456809        8.6847116325004775E-002  -3.0034655602715249E-004  0.97689552612968544        1076875.4069236529        119.85571002551679        3.5861634320080151       0.81633464375333298                0           0   4368.4861102769009        1.9934720720389158E-004  0.25000000000000000              744  0.51198899831277744                0
         345         346  0.55774375829353751       0.47607345656862060       -4.7923803546830179E-003  0.97923176074338625        1065819.0059203701        206.47940675782556        2.2910665810686481       0.23512637398808003                0           0   4413.8031237137029        1.2529054742208931E-003  0.12500000000000000             1048  -3.1048974231739919E-002           0
          73          74  0.94128231410560004       0.69908498357263338       -1.0547991353088345E-002  0.98595090542721642        1010924.7705775029        232.48741209934116        13.672898893566222       0.46628704767227980                0           0   4653.4770880699325        1.4155097427745917E-003  0.25000000000000000              776  0.32385645838729465                0
         285         286   8.9462339041284894E-002   4.2834040765278178E-002  -1.2838168338598593E-004  0.97556116315563901        1178106.6063545495        111.23605151706303        8.6683504669966496       0.64865966605691727                0           0   3993.1150816660524        1.4410236536712358E-004  0.25000000000000000              988  0.21723279014652025                0
         293         294  0.55382231722128972       0.12326253909399966       -1.3046202120956597E-003  0.97555013427591697        1208714.8768618368        195.00098063437505        13.142243769373213       0.45808290408361096                0           0   3891.9974823661364        1.1809822740092247E-003  0.25000000000000000              996  0.99355024286540150                0
         123         124  0.67985937278035102       0.12376754478802159       -1.4259437356367586E-003  0.97763450747397851        1328700.8239903566        219.90890269502705        10.095597156375430       0.52449321121486647                0           0   3540.5376234484115        1.3330674591925293E-003  0.25000000000000000              826  0.34897284934628309                0
           7           8  0.10772050310063933        1.1526931384030817E-002  -3.7943697728780554E-005  0.99082248886431246        1424470.1409572540        121.95279694780302        9.0831088518532539       0.43025680700987645                0           0   3302.5018372680170        1.6260639909577266E-004  0.25000000000000000              710  -2.5315471135465673E-002           0
         355         356  0.32294731613854971       0.22153041596011064       -1.4146791448691402E-003  0.98835597978780254        1280677.5733209376        188.46314208734015        6.9449691974752881       0.41234790271188748                0           0   3673.3018174480535        1.1488556879049804E-003  0.25000000000000000             1058   6.7109158408302866E-002           0
         117         118  0.40216802461087314       0.11268199431891886       -9.3948131643061938E-004  0.97690707695788359        1226845.1060164988        179.76007936485891        14.853157977730964       0.56856470777437906                0           0   3834.4818221751120        1.0894929361876689E-003  0.25000000000000000              820  0.95948067252144198                0
          85          86   8.0567479673496034E-002   7.0359839832317903E-002  -1.6540594186675728E-004  0.98642166572395873        1357017.8794508749        127.71821781941760        6.6893337757840907       0.29447864983429872                0           0   3466.6567986181526        1.9401392259058692E-004  0.25000000000000000              788  -7.2746655772598270E-002           0
          47          48   9.8900608463481726E-002   3.1153535981132970E-002  -9.0443949087021743E-005  0.96929450295796848        1448762.9164048610        126.95392421516813        16.032848305117987       0.82460306783283566                0           0   3247.1256714098058        1.9207619232510233E-004  0.25000000000000000              750  0.40684268292700781                0
         387         388  0.11696728908539532        8.3148869844046139E-002  -2.2937112921449704E-004  0.98801316868242706        1621814.5163278729        158.01610721886263        7.8719116845735719       0.44076206328700906                0           0   2900.6493716040450        7.8898262649597221E-004   2.9212257038650422E-004        1090  0.20185750150416107                0
         103         104   9.4240900685283069E-002   8.1646476448274677E-002  -1.9581474411928143E-004  0.97430932578693863        1543295.6101144454        146.43699954217337        6.4129760621812872       0.16639557748408607                0           0   3048.2269416265021        8.8618227905427590E-004  0.25000000000000000              806  -4.3715429242746989E-002           0
         215         216   9.9764396033006283E-002   5.7531129034738331E-002  -1.3467170227244636E-004  0.99202500142069505        1843377.2888768672        158.82594977762659        17.521739740639376       0.27391761326014580                0           0   2552.0089056272404        1.9606910170443681E-004  0.25000000000000000              918 -0.28020128178911019                0
          65          66   8.1196656538748205E-002   3.2700733033609646E-002  -6.2627861262289943E-005  0.98184767372588766        2149336.5504112290        157.99647215383459        10.315190610158794       0.55282791834399514                0           0   2188.7290088398181        1.9363885980735446E-004  0.25000000000000000              768  0.14615005938073072                0
          15          16  0.12041882448822794        4.7134796559794988E-002  -1.1370748620294229E-004  0.97825164521118502        2263928.7909641471        186.02285177799217        12.029940651721331       0.56804315906935809                0           0   2077.9431210119114        1.1281688166013199E-003  0.25000000000000000              718  0.22038650257273051                0
         243         244  0.10897784068549871        6.2870305948584129E-002  -1.2688985103554134E-004  0.99345305026723485        2514966.0648626112        201.22235189126619        11.645794980804139       0.34286619135045360                0           0   1870.5283237695505        1.2297376519750148E-003  0.25000000000000000              946   8.9824144109000303E-002           0
          37          38  0.10983277472157330        9.0349772612143470E-002  -1.6313461273031012E-004  0.98167519740275366        2786284.6185355540        226.68993556755197        15.939187086251263       0.58200949468543484                0           0   1688.3828831949368        1.3772225981147541E-003  0.25000000000000000              740  -8.3047259374272153E-002           0
         403         404  0.17519688796893346        3.8994197612049461E-002  -1.0593119503421694E-004  0.98389978266198475        2940507.4821314313        240.33766646719835        13.298434473607502       0.46843204012864786                0           0   1599.8310788975898        1.4326118260542086E-003   7.5260008642186660E-004        1106  0.13065068726294154                0
         127         128  0.41687934908818136       0.27898104023835063       -1.0601324713850049E-003  0.99434194081511351        3619474.9262651657        408.83142482301037        11.668004794517630       0.23085537335732459                0           0   1299.7231237899509        2.4997052625840904E-003  0.25000000000000000              830   2.8455526114862989E-002           0
         217         218   8.1228311512873880E-002   6.5270211912634449E-002  -8.4864059256294254E-005  0.97696892315676265        3390006.8490829859        232.81876606981328        15.234753380106710       0.78334466257090207                0           0   1387.7008121435813        1.4110585494170628E-003  0.25000000000000000              920  0.28222219819426070                0
         175         176   8.2952047495663137E-002   3.6571247402372269E-002  -5.1727623734563451E-005  0.99014079011773504        3413575.2728133928        218.55648220118167        15.330635065291881       0.57294342131915910                0           0   1378.1196785409013        1.3301838334915748E-003   1.9383490062273661E-003         878   3.9655686521832767E-002           0
         143         144  0.25022565110097550       0.15769561095085233       -3.9893226177458845E-004  0.97378367469115990        4047244.7606835263        368.61381757316616        8.2008000787553055       0.62554500933623669                0           0   1162.3500766111972        2.2305190603367172E-003  0.25000000000000000              846  0.20770976542285274                0
          61          62  0.16574606629006447        5.1105325148539382E-002  -1.0680914848388477E-004  0.98146224652464376        3985102.7316611102        295.54272204541036        9.1939789560195706       0.42646724960821525                0           0   1180.4752786595950        1.7952874583487142E-003  0.25000000000000000              764  0.31606448353288930                0
          29          30   9.2064989403419284E-002   3.8673592252436655E-002  -4.8326417632826574E-005  0.98790084533106615        4595724.3541263249        274.56410217347485        6.0162807414691457       0.78669707187531579                0           0   1023.6286807368981        1.6733196375634911E-003  0.25000000000000000              732  0.46447822650604270                0
         237         238  0.17519413512811899        4.8620481183886892E-002  -9.6133046925272949E-005  0.99516489023133436        4632593.2409340926        330.20636827131904        17.726536268268184       0.55541149383680322                0           0   1015.4820449326151        1.9984115928462558E-004  0.25000000000000000              940  0.71367643838928274                0
         147         148  0.31456825641218544       0.25964081492902225       -6.6243600918377415E-004  0.98456015427272825        4747337.3481747657        459.47645601886813        15.643733728282607       0.45712272541622279                0           0   990.93763780099937        1.9668248657376449E-004  0.25000000000000000              850  0.11997264810341551                0
         399         400  0.17014458503807270        6.6018282057290864E-002  -2.6982748210685764E-005  0.99085188430812310        45925900.163673401        1551.3704185053168        10.496728712869459       0.23957579774407289                0           0   102.43272839245937        9.4328446458034013E-003   5.5775843829333665E-005        1102 -0.15279985147550598                0
         281         282   8.0478030877779258E-002   1.6466831233086777E-002  -1.7957701606871102E-005  0.98262610634554404        5350098.3776924089        275.01473360292994        14.560809085353334       0.52120405242337209                0           0   879.29509432195084        7.2977724287518928E-004   7.8823091512969078E-004         984  0.45023438390236797                0
          45          46   8.6894120985331738E-002   8.6164685909330241E-002  -8.2040856412477007E-005  0.98387083180607882        5506893.1944410549        340.10174038637848        9.4727507470520944       0.60364590391812667                0           0   854.25939664011355        2.0685513436049150E-003  0.25000000000000000              748  0.51241511806701812                0
         161         162   9.3309048906446132E-002   9.2827486138433946E-002  -9.1370577361076606E-005  0.98808652456819690        5621398.7221575715        353.27533677179599        7.6503601837384521       0.51044571407118866                0           0   836.85849201587712        1.7673211087379768E-003   8.8794293915671286E-004         864  0.15858925060689191                0
         309         310  0.10545420084030525        5.3264404142991120E-002  -5.7855495593977865E-005  0.98363597107776712        6309425.5400360068        361.80592593708820        13.670931855686462       0.52156581432233762                0           0   745.60120058377254        2.2003001492994592E-003  0.25000000000000000             1012  -2.5414277080515385E-002           0
         189         190  0.11107991559331475        5.1209466390144058E-002  -5.9401457297079668E-005  0.98671314114777653        6112335.9088638304        356.86834591407722        18.315164586003014       0.14015710461263373                0           0   769.64278923590894        2.1736268209196817E-003  0.25000000000000000              892 -0.14498899289349532                0
         289         290  0.10428359770713377        2.3242149003040714E-002  -2.7029429237285701E-005  0.98098571832072001        6248178.2177067213        334.17560858769468        14.717488169550121       0.16517486617981106                0           0   752.90990329200224        1.9399411523526667E-003   1.1045217587870237E-003         992  -5.9448308120036493E-002           0
         115         116   9.5073144526220191E-002   4.6025486525321645E-002  -4.6726263478262970E-005  0.98361077625756288        6339435.9430684811        348.99124241529205        10.797305366544796       0.44286510198179763                0           0   742.07158174513086        2.1223306805025111E-003  0.25000000000000000              818  0.19398090028742360                0
         223         224  0.13901763968801717        6.0776114313866474E-002  -7.7059165248146501E-005  0.98944369668656917        6749103.4672101084        408.59954315675816        8.0649089889798233       0.39858369810689032                0           0   697.02817277883514        2.4771073323069724E-003   1.0171345575792493E-003         926  0.15497128252940864                0
         299         300   9.2079428251349071E-002   8.2023039557947389E-002  -6.9096451697522963E-005  0.98687526526940261        7196657.8606571797        407.34469378798332        17.350167886927473       0.12476975102858039                0           0   653.68054848937595        2.4757735169591631E-003   5.4291023147106060E-004        1002 -0.35674435654347125                0
         199         200  0.11230093762090229        4.7925291740752780E-002  -4.9845320530023470E-005  0.98557578802919299        7365259.5215128316        402.38621163417127        12.892277508080866       0.24352089782517561                0           0   638.71683596540686        2.4494184751019071E-003  0.25000000000000000              902  0.84834053410975852                0
         373         374  0.15845034820673778       0.15233439132851201       -1.7085555532882923E-004  0.97953054938235928        7914663.7485226151        526.47941019649897        6.9803481053417311       0.45584730733548706                0           0   594.37967387090703        2.4506010206692876E-003   4.0176013811382406E-004        1076  0.13959437644859962                0
          69          70  0.10464422723177559       0.10349050793134676       -8.6377732787562200E-005  0.98042651398566583        8085705.8082159301        467.23280664956275        12.310129513814477       0.18247538511238509                0           0   581.80638391081243        2.8368343572848856E-003  0.25000000000000000              772 -0.15162796506628826                0
         267         268  0.11152016154947933        1.9237634443879208E-002  -2.0549690186321099E-005  0.97571064601216395        7751488.4020061968        389.06226894311112        4.7556241351366202       0.52414513143215657                0           0   606.89186562250654        2.1764742631279199E-003   5.8095087755043314E-004         970  0.14401965765376873                0
         183         184  0.10185732075756881        5.4219839429199369E-002  -4.3501439128667181E-005  0.97495199147187339        9514146.3505292870        473.11442194874189        16.731235773807658       0.32430290643616028                0           0   494.45479229810815        2.8315418931150619E-003   7.6696338889795917E-005         886   1.2658745870412076                0
         265         266   8.4095384718170976E-002   3.6296916915751078E-002  -2.5177809049318110E-005  0.98208216536485549        10108944.574530648        451.79695506509285        6.3892211673329333       0.45020938427970886                0           0   465.36166292742598        1.4031351806454489E-003   4.8323925811719851E-004         968  0.24384372428266898                0
         367         368  0.20322917187314732       0.17631903439505672       -1.9839573974168029E-004  0.98271415176404442        10352973.760859365        673.08860806030157        16.762957464630823       0.55764981762481758                0           0   454.39265725080656        3.4747495892191523E-003   2.1914746961932912E-004        1070   1.6128697277939188                0
         305         306   8.5255713978393793E-002   1.6586699482616780E-002  -1.1931200371230782E-005  0.97557216214542408        10624387.113807641        441.69112072417624        14.183619897932019       0.31176510754720693                0           0   442.78462439785847        2.6751951435917505E-003  0.25000000000000000             1008  0.11468428551418666                0
         325         326  0.14296285691723640        1.8018411898666035E-002  -1.7591034512000332E-005  0.98525910189351285        11605238.715074902        545.71725305743564        6.1459616632834368       0.33792182975717272                0           0   405.36135215676182        1.9976652747874619E-004   6.2500000000000000E-002        1028   2.7269185582126945E-002           0
         119         120  0.12744757891135747        8.2887871857059842E-002  -6.3848789170769046E-005  0.98269985033698937        12193204.574003790        616.57973866081329        6.3505340531879133       0.28004317093660586                0           0   385.81451078697370        3.7479255214838184E-003  0.25000000000000000              822   2.5862517502227386E-002           0
         133         134  0.13034205300579016        4.8697333779162973E-002  -3.8327512634862349E-005  0.98105951196336538        13234684.610279690        617.16095399455321        9.5606341263814816       0.39911382417305974                0           0   355.45352202732590        3.7008309445776700E-003   6.5865583848838687E-004         836  0.23915864064572837                0
          17          18   8.8310858010865509E-002   3.6165089814597706E-002  -2.2321003472730643E-005  0.98140412768925933        12747100.610456508        533.22349031307033        9.9899151873725209       0.37703544838360686                0           0   369.04982563531280        3.2391129273980847E-003  0.25000000000000000              720  -4.7360974517945645E-002           0
         275         276  0.13196141201412448        6.9014568623332620E-002  -4.7734059651745018E-005  0.97882473233256506        15446717.031799642        711.01489079584064        12.259249966833011       0.40990881432298809                0           0   304.55113846910939        4.0217867454143451E-003   3.2092962734097611E-004         978  0.41888960163376243                0
         221         222  0.10685030920939192        6.9974509155263417E-002  -3.1624918487549439E-005  0.98398360454385636        22715743.819137756        881.06016331048193        11.485915438642131       0.17354350968478027                0           0   207.09492478434413        5.3394842794342711E-003   4.7804334281773708E-005         924 -0.22950755253647559                0
         157         158  0.17882018552997023        8.7937108552675433E-002  -4.2075626685679309E-005  0.98508834948328960        36757695.116323881        1392.7637847532555        7.3555149630461383       0.37364421133084241                0           0   127.98178021656216        2.8325348553041242E-003   1.1743788475414584E-004         860   2.5129272683359384E-002           0
         145         146  0.11284151051838727        7.1741434973604884E-002  -2.4259735514657530E-005  0.99377099675390046        37282306.752901562        1243.5756925385901        13.123593882454665       0.40532553767572765                0           0   126.18090636998049        1.6353195175140324E-003   1.0844080332153321E-004         848  0.16509484822760681                0
         405         406   8.7236661288412828E-002   5.5735761705262711E-002  -1.4072241531981271E-005  0.99445386238741074        44632132.131955236        1287.6239087670731        14.987771323654806       0.59517078487327868                0           0   105.40198356951488        1.8109806325179777E-003   1.3035262490020233E-004        1108   1.3785355920306914                0
          51          52  0.11606384615255892        9.5064690585184505E-002  -1.2275687185720738E-004  0.98218027407887154        4873055.2583346562        334.95751063012796        2.2410535593105623       0.44188192550963279                0           0   965.37285301633165        2.0290077572981450E-003   2.2590486614814404E-004         754   4.8129770823720323E-002           0
