 122 447   1   452 102   0      0.4   0.46   4.88  5.725     0.0  -0.2385   0.0000
  -1.210356   0.000000   0.288713   0.062472  -0.571267   0.053723   0.000000   0.000000   0.000000   0.000000
   0.00000   0.00000   0.15146   0.03387   0.00000  -1.21036   0.00000   0.00000  -0.92164   0.77512   0.21060   0.00000   0.00000
 NAME(I1)    NAME(I2)    M1[M*]                    M2[M*]                    EB[NB]                    ECC                       P[Days]                   SEMI[AU]                  RI[PC]                    VI[km/s]                  K*(I1)      K*(I2)      ZN[NB]                    RP[NB]                    STEP(I1)[NB]              NAME(ICM)                 ECM[NB]                   K*(ICM)      
           3           4   8.7970317491499028E-002   4.9196061553816367E-002  -9.2897646351125171E-004  0.98018963898304645        71340.815372945974        17.361255191394889        7.5789728402411844       0.17769664425597781                0           0   65941.428242054317        1.0539810829294615E-004  0.25000000000000000              706  0.11162222949540077                0
          57          58   8.8793517676333700E-002   7.4789808565780366E-002  -1.3944536633748324E-003  0.99288618157622466        67519.482439442989        17.747571380570307        13.782612408765354       0.60705845734561781                0           0   69673.449613065080        1.0843421479498632E-004  0.50000000000000000              760   1.1534972031345148                0
          59          60  0.52934127945164156       0.11516011942956719       -3.1001072744619322E-002  0.99635260950274573        9025.0375450904266        7.3279160146024838        17.339851440020809       0.80992267457021672                0           0   521251.59969045070        4.4850020571511419E-005  0.50000000000000000              762   1.4517770376581605                0
          63          64  0.11284127030153632        5.3401276685359052E-002  -1.4468849236327175E-003  0.97984293960292113        54774.265105649982        15.520472950299069        12.025259488919453       0.39200955084083899                0           0   85885.502043175962        9.4206442072616631E-005  0.50000000000000000              766  0.23326246880842355                0
          83          84  0.10272953417562042        4.1373672231505683E-002  -1.2819188696754095E-003  0.97370419826673227        41789.837138321200        12.356008093958177        13.965078335003561       0.35502378347068564                0           0   112570.79662870750        7.4766174595093939E-005  0.50000000000000000              786  0.23222054780393792                0
          87          88  0.10306885414503236        3.0345968261083246E-002  -4.1821248241819420E-003  0.98428134930470224        4652.7998571211401        2.7870887101701558        15.211269576796777       0.30341378328249330                0           0   1011071.9141389197        1.6955045282497800E-005  0.50000000000000000              790   8.8196085790904960E-002           0
         105         106  0.12790761581087476        8.1406408734692293E-002  -3.3640542461646258E-002  0.96974758674909145        989.02684361157492        1.1534833915785283        18.490623037043022       0.32987724818312952                0           0   4756509.1767037120        6.9657331703446991E-006  0.50000000000000000              808  0.11608494641376668                0
         131         132   8.4797441590329786E-002   6.4637458177469395E-002  -7.7121942017657882E-004  0.98912831439601701        128788.41655396212        26.485513546867381        7.9249115160350936       0.45512138405906211                0           0   36527.471829531067        1.6151620773559698E-004  0.25000000000000000              834  0.12281102081454212                0
         137         138  0.13717930409073115       0.13193897190263901       -4.0334545728335997E-003  0.97817964388784162        48147.574536657077        16.722602131164937        11.772545325711668       0.17671572673191444                0           0   97706.173216745112        1.0141787278782275E-004  0.50000000000000000              840  0.66853667158391339                0
         167         168  0.11739175763496201        6.6852661947444644E-002  -1.3371095085191684E-003  0.97921691183512483        87047.450602289726        21.873015901955345        12.752602773372633       0.67442132811432609                0           0   54043.113555826756        1.3272323952673876E-004  0.50000000000000000              870  0.41894665397447778                0
         177         178  0.17518944591650459       0.15841447355487015       -4.8844045916293037E-002  0.97081544669269548        1948.4551180766894        2.1174370246531056        3.7405032154079008       0.80599647639137673                0           0   2414382.1502485364        1.2793853451865820E-005  0.50000000000000000              880  0.50991578769662671                0
         181         182  0.16494482085752635        4.8117280213717237E-002  -2.2342341753636167E-003  0.98308070947828008        38113.841390388654        13.238244572811659        5.2648340754441394       0.30739462512947435                0           0   123428.00111539195        8.0485139620415977E-005  0.50000000000000000              884   5.1450043097096193E-002           0
         193         194  0.13607741833753259        1.4509867592654014E-002  -3.3139095177587647E-004  0.98026160729439438        98477.807758994706        22.203845682541278        15.670361264846115       0.70748553668134972                0           0   47770.308506030713        1.3480179630591914E-004  0.50000000000000000              896   1.1945105442395123                0
         195         196  0.23980714281985319       0.16746154432118399       -1.7866781603804005E-002  0.96643523058497638        13874.745800257982        8.3762612435180923        11.024658947604106       0.98388232483551818                0           0   339055.96004197007        5.0498069052990366E-005  0.50000000000000000              898  0.74846787821642191                0
         207         208   9.9440827635248155E-002   5.0100703362626467E-002  -8.7683211256005204E-003  0.98112175417415370        2910.2243960466299        2.1174416066239212        3.9566233584726036       0.74169175410960209                0           0   1616478.5313583727        1.2860786271453537E-005  0.50000000000000000              910  0.45609518753754652                0
         225         226  0.11258739991983015        4.7810171057872303E-002  -9.4939383745014589E-004  0.98185672257896206        88575.957032427817        21.129198100363176        15.880775803409417       0.62068427976689189                0           0   53110.521356517827        1.2838083044770557E-004  0.50000000000000000              928   1.1139984936049379                0
         235         236   9.9158490776633662E-002   3.5661683213779022E-002  -5.1301121046354124E-003  0.96614283730650707        4095.4263718306088        2.5687641194955386        6.9507583148546059       0.29604939180789075                0           0   1148675.3345151674        1.5484037106406675E-005  0.50000000000000000              938  0.12611611237927195                0
         239         240   8.3253089810449737E-002   5.9845060969569666E-002  -7.4110620056441019E-004  0.97866503909393976        121080.59857328323        25.053451414275163        15.730426531213197       0.47252642299637915                0           0   38852.758518512826        1.5197941044801133E-004  0.50000000000000000              942  0.14838345033909681                0
         247         248  0.12867704596478571        5.6124925773135610E-002  -4.8755267774440045E-002  0.97148621675522984        348.47281385192167       0.55201979559906922        18.958991785777354       0.61560017955987123                0           0   13499805.639483234        3.3365167437779866E-006  0.50000000000000000              950  0.54683462809157257                0
         249         250   8.3325272192247987E-002   6.4931060179189190E-002  -5.9417119074347373E-003  0.97581540753508467        5929.7866670524481        3.3934150410168407        16.424732483704265       0.50733768327346107                0           0   793336.34104971308        2.0555510157367267E-005  0.50000000000000000              952   1.3356061507272949                0
         271         272  0.13618545113931463       0.10282415591629936       -1.7643068358636144E-003  0.98806680624688603        120181.93023047518        29.578155387187675        6.6230347361245734       0.50155109512562335                0           0   39143.282593508091        1.8027976026539725E-004  0.50000000000000000              974   8.5800421844071023E-002           0
         287         288   8.8414603939471620E-002   4.2704642040310346E-002  -5.8515194294090581E-004  0.98093659039144399        118941.02246670357        24.046383900145148        2.9945967343750466       0.61506651402438517                0           0   39551.663169548527        1.4603779329379048E-004  0.50000000000000000              990  0.21398269017730900                0
         291         292  0.10251315781699964        2.9651563345757474E-002  -1.1831110334550475E-003  0.98075559013170377        29765.556837160901        9.5746088155111213        9.2585381113136602       0.59193032122728861                0           0   158045.59892431262        5.8142920318824777E-005   6.2500000000000000E-002         994  0.24135413372234416                0
         303         304  0.77980953382043972       0.33783563817501155       -5.2382472905160467E-002  0.97671789874474535        28033.625192942258        18.742492285908785        5.9261088390865453       0.63510374088805854                0           0   167809.73653129677        1.1358394461059082E-004  0.50000000000000000             1006  0.23037055835269249                0
         311         312  0.16827131513595273       0.11782564957455051       -9.1314488263872420E-003  0.97485864189666582        15717.300866973132        8.0915100549741776        14.438266224869334       0.17757022367898140                0           0   299308.08714936365        4.8990345746074786E-005  0.50000000000000000             1014 -0.14229399961969147                0
         321         322  0.12252965187021556        4.0765808550071510E-002  -1.0952504619379879E-003  0.97557453106160041        63331.226025514967        16.995860241612995        16.656739221093602       0.45120344317231470                0           0   74281.133539866772        1.0293936416602254E-004  0.50000000000000000             1024  0.78503979935995893                0
         323         324  0.13577855073708561        2.1714876777924844E-002  -1.0672784058174505E-003  0.97737634574565457        30402.145619620234        10.295090097572151        12.039689898805157       0.60275341878308986                0           0   154736.29119810546        6.2411468000077191E-005  0.50000000000000000             1026  0.38851826782534260                0
         337         338  0.14234346256931027        4.8688670540606271E-002  -2.7220309402593351E-003  0.98436219341894415        24424.438780536861        9.4883723855236379        16.307742651272441       0.46370091332732838                0           0   192606.89262565569        5.7724153992768256E-005  0.50000000000000000             1040   1.5594057271705242                0
         357         358   7.9717634398698847E-002   3.5168480550120958E-002  -1.1543449013877967E-003  0.99034897964864510        29342.295402160125        9.0508997532508531        13.600175208652109       0.51012513271484050                0           0   160325.40035359471        5.5228836842580753E-005  0.50000000000000000             1060  0.89599800882819680                0
         363         364   8.0030474895858961E-002   2.5241398542184282E-002  -3.2505135387658957E-004  0.96900162088983910        125469.53716214608        23.159872534501439        9.9436886854079933       0.68423009760407738                0           0   37493.684634903126        1.3980643129274424E-004  0.50000000000000000             1066  0.47872212843896478                0
         371         372   9.0756420354949963E-002   8.9399293653254358E-002  -1.4941626717007766E-003  0.97790038526241019        78336.750524128642        20.236383406048532        7.8981593336904181       0.39929854407805060                0           0   60052.468683849453        1.2271064128272370E-004  0.50000000000000000             1074  0.20540573359536193                0
         383         384   9.3433970454860987E-002   6.5975786712685114E-002  -2.9999592269293533E-003  0.97176827062077331        19385.313257799193        7.6576121486429507        12.540027919398288       0.52033855028144671                0           0   242674.19334851863        4.6290742961604388E-005  0.50000000000000000             1086  0.51605618166245215                0
         395         396  0.10118924464727580        7.2387835402996439E-002  -4.0679476328368365E-003  0.98184110250843104        15239.121285685993        6.7103307468978812        7.4330695686234280       0.47352422971815200                0           0   308699.90266850201        4.0771591993552411E-005  0.50000000000000000             1098   5.7984612460172315E-002           0
         401         402  0.11008182267075275        8.1520559788653676E-002  -2.1754919003101718E-003  0.98946501741247106        50292.904508829961        15.372504553420699        9.4720055802719454       0.47096297316620467                0           0   93538.349069078395        9.3761781152373525E-005  0.50000000000000000             1104  0.16337552238694428                0
         219         220   5.9461379470541447        2.5291364086335988      -0.75299076982192070       0.98221912150944157        80559.862777643633        74.428097414589246        9.4299314392611677       0.24972219746298666                0           0   58395.273967004177        4.5230718866207646E-004  0.25000000000000000              922  0.17426442890750371                0
         159         160  0.52009082554844766       0.13749382338007102       -6.8562166579241961E-003  0.98252657550525302        109146.58921206869        38.868446659729038        4.8592819138775578       0.56843097370226858                0           0   43100.891119047374        2.3624417772278330E-004  0.25000000000000000              862  0.22638859324219079                0
           1           2   2.0244841138268650       0.61000484406818434       -7.0741485713423660E-002  0.98738152934187551        118081.33591071346        65.056817812538299        14.005785297226517       0.46286650649809824                0           0   39839.617509086311        3.9638661146352313E-004  0.25000000000000000              704  0.10267014921161136                0
         283         284  0.18094602805437388        8.1870494517192083E-002  -1.6064068193646895E-003  0.97697797871714775        143540.44546752289        34.366892541613126        5.2244642302926527       0.30326132984358561                0           0   32773.447527785116        2.0829891525217590E-004  0.50000000000000000              986  -4.4219775073338505E-002           0
         185         186  0.24628085064239766        6.9358336926096664E-002  -1.8551080494142963E-003  0.99057546901522908        130681.44545928008        34.314639623851313        10.258893237436270       0.56526687672903542                0           0   35998.341165507023        2.0941269287605858E-004  0.50000000000000000              888  0.25150534077394388                0
         191         192  0.17819880543248182        5.0730547014061628E-002  -8.9966543292994278E-004  0.98450778698896024        174927.64032278312        37.446621017460309        15.838326968906028       0.61883183917678397                0           0   26892.921261409472        2.2782970840593575E-004  0.50000000000000000              894  0.50378050672075592                0
          71          72  0.16939743337267674        2.6319217633798585E-002  -4.7647967898261517E-004  0.96976219828091648        170003.73667627125        34.870225322542275        10.036620023908716       0.26599022808285777                0           0   27671.834452691655        1.5082883319385277E-004  0.50000000000000000              774 -0.14212815411706356                0
          53          54  0.10539273585624893        8.3691576402142989E-002  -9.4861616487088496E-004  0.98840746126056767        171334.30925667207        34.651436372167325        12.295357835468804       0.30368668195942100                0           0   27456.936547351612        2.1096666920612941E-004  0.25000000000000000              756 -0.17127678082618653                0
         245         246  0.10614450888457336        7.9534736728126665E-002  -8.8338078697462622E-004  0.97533507163214717        180155.36208468804        35.614411017835778        12.371090995255075       0.22746760954862585                0           0   26112.546433302068        2.1568078356416255E-004  0.50000000000000000              948  0.14735854547402291                0
         331         332  0.12214104311112879        9.8521910482032543E-002  -1.1537755047203683E-003  0.97154055198387024        188414.45473505274        38.868024797675822        13.569457915391595       0.29859839445909936                0           0   24967.910579153504        2.3493249830021899E-004  0.50000000000000000             1034   2.9099413866591997E-002           0
         203         204  0.10958957416913398        5.6611292613942377E-002  -6.2817234305771752E-004  0.98494187057407623        200051.97130642890        36.805509599966030        13.040306000258429       0.16926658872448511                0           0   23515.465640870621        1.6988547057778460E-004  0.50000000000000000              906 -0.19232883931594563                0
          21          22  0.17137201111473407        1.8580527211685235E-002  -2.8964617018065918E-004  0.97725619083110171        219756.57682243298        40.968444197440832        7.7726837578229766       0.24990589038261635                0           0   21406.937283364805        1.8343950172520064E-004  0.25000000000000000              724   9.7723085966068629E-002           0
         369         370  0.35577330781196675       0.28758888866695975       -6.5923629871082615E-003  0.96841922705639494        200307.85819162280        57.839387851881206        17.381551308589163       0.47045258545990826                0           0   23485.425385280789        3.4904883910831302E-004  0.25000000000000000             1072   1.6859542296223577                0
          77          78   9.3430964505624117E-002   2.0354482771848002E-002  -1.6334883162896549E-004  0.97425183352183942        309441.22681298596        43.386459025179242        13.703216004174900       0.51585144183879972                0           0   15202.613129787858        1.8457846561722538E-004  0.50000000000000000              780  0.92480007451204926                0
         315         316  0.30834333591613694       0.21242803698149326       -3.5544000840579989E-003  0.96932722246065328        288048.63087816222        68.675120176768687        10.108031014026281       0.37280254969211746                0           0   16331.670257563481        4.1463143421502049E-004   6.2500000000000000E-002        1018  0.22580839977410583                0
          89          90  0.20842321107894346       0.10223825271363279       -1.3435582502014560E-003  0.98702482580270168        297769.38109927031        59.104743533761280        7.4676375950301335       0.77535217798358302                0           0   15798.519109916271        3.6005640583131949E-004  0.50000000000000000              792  0.42953625230457149                0
         155         156  0.50373356431637750       0.18870347651975347       -4.6345267489272665E-003  0.98128177235206437        293320.33962033020        76.435433608783669        11.409043453903639       0.67530406042708890                0           0   16038.148816184937        4.6428632181207922E-004  0.50000000000000000              858  0.41869892538457809                0
         187         188  0.16652052450678573        4.4390738220572948E-002  -5.1200105471243477E-004  0.98740860044556455        313872.49940009229        53.803263366689940        7.1283614561514410       0.68016228957213631                0           0   14987.981637882163        1.5401396217716847E-004  0.50000000000000000              890  0.30869770455901990                0
         255         256   8.3811449474318997E-002   3.0344259974373743E-002  -1.9498774621546684E-004  0.99476358635673934        366335.73421504453        48.606227887337262        11.312693066788272       0.47071458853310977                0           0   12841.540746017587        1.7373772739312873E-004  0.50000000000000000              958  0.28382966840072743                0
          93          94   8.5361728603296438E-002   7.1347741082274679E-002  -4.1080252103106030E-004  0.97812880800934654        378910.90214675880        55.249666982163497        13.037572989945112       0.38168785680414702                0           0   12415.359998859836        1.7179347800011020E-004  0.50000000000000000              796  0.39383613632683112                0
          51          52  0.11606384615255892        9.5064690585184505E-002  -1.2277047817380282E-004  0.98216546894862911        4872245.1796842050        334.92038820457867        2.1176402064937259       0.44157243650892902                0           0   965.53335970454452        1.9588536546835959E-004   1.5625000000000000E-002         754   4.7870451333285075E-002           0
          67          68  0.52597586808430075       0.46375414949012228       -9.5351984985231255E-003  0.98266064699714351        341740.68956755206        95.332992401100725        16.816653020778041       0.39710917296003523                0           0   13765.745201713413        5.7947742737167690E-004  0.50000000000000000              770  0.11796768493511461                0
         213         214   8.6717284611907239E-002   1.7710005955573944E-002  -1.1427078035879827E-004  0.98213695314694749        400632.33674856107        50.085097135765906        8.0857799064520091       0.36262570759017804                0           0   11742.225542311169        1.5552041722878169E-004  0.50000000000000000              916  0.17887283918140637                0
         313         314  0.11479116130453372        5.7685466757393881E-002  -3.9453446450446250E-004  0.99253727403468150        435049.79924732697        62.547398305763593        4.7873498349221206       0.38848374663764557                0           0   10813.279918261374        1.7042172232509015E-004  0.50000000000000000             1016   9.1784021157971560E-002           0
         365         366  0.29906545429998188       0.27572229150032296       -3.4223050706489746E-003  0.97703614846779008        409915.73603235272        89.792227251814452        13.537280133266229       0.29121327424129045                0           0   11476.298283102440        5.4424978456707430E-004  0.50000000000000000             1068 -0.23215914846654107                0
         201         202  0.41909726131645580       0.36316033186407948       -5.4401348907038797E-003  0.97784193266974673        439642.50440806977        104.26124217537117        13.250838059868714       0.39169016608802665                0           0   10700.319487940789        6.3220712582260643E-004  0.25000000000000000              904   4.8308290624476072E-002           0
         171         172  0.11855449161888632       0.10910379859810015       -6.3808363105355751E-004  0.99690688946593098        502629.43037454027        75.543937317710842        2.9547816335441262       0.23025307850426907                0           0   9359.4106778413025        1.6222029374787257E-004  0.25000000000000000              874  -8.2250880190112036E-002           0
         347         348  0.19457293008789711        9.8264029982305379E-002  -8.4213227326918961E-004  0.97623178622328566        525292.62380639045        84.608893442837001        5.8244846170344253       0.43568918180401095                0           0   8955.6088253366652        5.1262384884362530E-004   6.2500000000000000E-002        1050  0.17563927842102767                0
         343         344   9.9716206803828866E-002   3.9838043689421537E-002  -1.9541286924161294E-004  0.98547806040898511        644708.77578794607        75.758248904357316        17.447058913996173       0.65161136065796188                0           0   7296.8066114739531        4.6110969753691106E-004  0.50000000000000000             1046   1.8207171804578957                0
          55          56   8.3915877860446200E-002   1.7498204653530233E-002  -7.7740196882517218E-005  0.96898154446861051        677342.13462491788        70.390059717499767        13.555023239189403       0.14945108948865590                0           0   6945.2570823012566        1.8325936041652929E-004  0.50000000000000000              758 -0.19788634769289662                0
          99         100  0.11123848720615616        3.9011678252708890E-002  -1.9764343022701515E-004  0.98119635498491209        697449.45099556562        81.825121918085514        10.472696492117446       0.54324617934354591                0           0   6745.0268272914218        1.9609050585244134E-004  0.50000000000000000              802  0.14259533658262738                0
         391         392  0.13558686976987694        5.7578981684498085E-002  -2.5446740011902898E-004  0.98428057182237338        1015963.8259505472        114.33226250480101        12.721113937043045       0.36693417267595735                0           0   4630.3964151906221        1.9855493643177781E-004  0.25000000000000000             1094  0.14410149580774345                0
         385         386  0.12648191059682606        5.9749107023494945E-002  -2.5030111744847215E-004  0.99192399726360403        1010156.8010307509        112.51654391747591        14.118061636022322       0.28176182408434092                0           0   4657.0148840700185        1.9971473045980897E-004  0.50000000000000000             1088  -1.0837189844292477E-002           0
          41          42  0.11122608390456809        8.6847116325004775E-002  -3.0034655602715249E-004  0.97689552612968544        1076875.4069236529        119.85571002551679        3.5100514302052304       0.81617164916236495                0           0   4368.4861102769009        1.9934720720389158E-004  0.50000000000000000              744  0.51183815584008585                0
         345         346  0.55774375829353751       0.47607345656862060       -4.7923803546830179E-003  0.97923176074338625        1065819.0059203701        206.47940675782556        2.2706734147436767       0.23763719584701815                0           0   4413.8031237137029        1.2529054742208931E-003  0.50000000000000000             1048  -3.1252583021233987E-002           0
          73          74  0.94128231410560004       0.69908498357263338       -1.0547991353088345E-002  0.98595090542721642        1010924.7705775029        232.48741209934116        13.511891077044032       0.47315804631351843                0           0   4653.4770880699325        1.4155097427745917E-003  0.50000000000000000              776  0.32393676555461798                0
         285         286   8.9462339041284894E-002   4.2834040765278178E-002  -1.2838168338598593E-004  0.97556116315563901        1178106.6063545495        111.23605151706303        8.6142943340775897       0.65094028977311946                0           0   3993.1150816660524        1.4410236536712358E-004  0.25000000000000000              988  0.21707412795237252                0
         293         294  0.55382231722128972       0.12326253909399966       -1.3046202120956597E-003  0.97555013427591697        1208714.8768618368        195.00098063437505        13.177839543247515       0.46219246013094534                0           0   3891.9974823661364        1.1809822740092247E-003  0.50000000000000000              996  0.99373601804325107                0
         123         124  0.67985937278035102       0.12376754478802159       -1.4259437356367586E-003  0.97763450747397851        1328700.8239903566        219.90890269502705        10.130542919448333       0.52953306111708520                0           0   3540.5376234484115        1.3330674591925293E-003   6.2500000000000000E-002         826  0.34842937224148446                0
           7           8  0.10772050310063933        1.1526931384030817E-002  -3.7943697728780554E-005  0.99082248886431246        1424470.1409572540        121.95279694780302        9.1519064787614681       0.43264608679259942                0           0   3302.5018372680170        1.6260639909577266E-004  0.25000000000000000              710  -2.5235544984278616E-002           0
         355         356  0.32294731613854971       0.22153041596011064       -1.4146791448691402E-003  0.98835597978780254        1280677.5733209376        188.46314208734015        6.8336649662149247       0.41377982150572989                0           0   3673.3018174480535        1.1488556879049804E-003  0.50000000000000000             1058   6.7201270890924814E-002           0
         117         118  0.40216802461087314       0.11268199431891886       -9.3948131643061938E-004  0.97690707695788359        1226845.1060164988        179.76007936485891        14.995439253561228       0.54838719834456395                0           0   3834.4818221751120        1.0894929361876689E-003  0.50000000000000000              820  0.95911565169186730                0
          85          86   8.0567479673496034E-002   7.0359839832317903E-002  -1.6540594186675728E-004  0.98642166572395873        1357017.8794508749        127.71821781941760        6.7616296807612297       0.29785192821068673                0           0   3466.6567986181526        1.9401392259058692E-004  0.25000000000000000              788  -7.2666929545129072E-002           0
          47          48   9.8900608463481726E-002   3.1153535981132970E-002  -9.0443949087021743E-005  0.96929450295796848        1448762.9164048610        126.95392421516813        15.882690709956975       0.81892084344062610                0           0   3247.1256714098058        1.9207619232510233E-004  0.50000000000000000              750  0.40675315532655237                0
         387         388  0.11696728908539532        8.3148869844046139E-002  -2.2937048419011135E-004  0.98798075571415178        1621821.3575131150        158.01655158398157        7.8151855687392695       0.43853353393743671                0           0   2900.6371360519724        4.8083244256234755E-004   1.1088020022563797E-004        1090  0.18294116854690093                0
         103         104   9.4240900685283069E-002   8.1646476448274677E-002  -1.9581474411928143E-004  0.97430932578693863        1543295.6101144454        146.43699954217337        6.4775152087978611       0.16239232948008955                0           0   3048.2269416265021        8.8618227905427590E-004  0.25000000000000000              806  -4.4069980649396143E-002           0
         215         216   9.9764396033006283E-002   5.7531129034738331E-002  -1.3467170227244636E-004  0.99202500142069505        1843377.2888768672        158.82594977762659        17.568790115663713       0.27971260523794816                0           0   2552.0089056272404        1.9606910170443681E-004  0.50000000000000000              918 -0.28027881626556933                0
          65          66   8.1196656538748205E-002   3.2700733033609646E-002  -6.2627861262289943E-005  0.98184767372588766        2149336.5504112290        157.99647215383459        10.395730690131941       0.55446725701743416                0           0   2188.7290088398181        1.9363885980735446E-004  0.50000000000000000              768  0.14601061529827775                0
          15          16  0.12041882448822794        4.7134796559794988E-002  -1.1370748620294229E-004  0.97825164521118502        2263928.7909641471        186.02285177799217        12.183668893430454       0.57245912218797490                0           0   2077.9431210119114        1.1281688166013199E-003  0.25000000000000000              718  0.22035196673720714                0
         243         244  0.10897784068549871        6.2870305948584129E-002  -1.2688985103554134E-004  0.99345305026723485        2514966.0648626112        201.22235189126619        11.738401385257804       0.34583356090550638                0           0   1870.5283237695505        1.2297376519750148E-003  0.50000000000000000              946   8.9689585585240608E-002           0
          37          38  0.10983277472157330        9.0349772612143470E-002  -1.6313461273031012E-004  0.98167519740275366        2786284.6185355540        226.68993556755197        15.985250989109581       0.58332484513664795                0           0   1688.3828831949368        1.3772225981147541E-003  0.50000000000000000              740  -8.2932217492370841E-002           0
         403         404  0.17519688796893346        3.8994197612049461E-002  -1.0593113691748867E-004  0.98389778548505491        2940509.9019963937        240.33779832303659        13.360155642652712       0.46533975978703052                0           0   1599.8297623316532        4.3250584467212355E-004   4.2410732082826062E-004        1106  0.13018393182565499                0
         127         128  0.41687934908818136       0.27898104023835063       -1.0601324713850049E-003  0.99434194081511351        3619474.9262651657        408.83142482301037        11.675457821441752       0.23813151794995666                0           0   1299.7231237899509        2.4997052625840904E-003  0.50000000000000000              830   2.8450084208373180E-002           0
         217         218   8.1228311512873880E-002   6.5270211912634449E-002  -8.4864059256294254E-005  0.97696892315676265        3390006.8490829859        232.81876606981328        15.127481780511047       0.77861009521971358                0           0   1387.7008121435813        1.4110585494170628E-003  0.50000000000000000              920  0.28211084099802419                0
         175         176   8.2952047495663137E-002   3.6571247402372269E-002  -5.1727449893723392E-005  0.99014100897997337        3413592.4808709957        218.55721670563810        15.466412489888855       0.57882920654061276                0           0   1378.1127313839268        2.6096846677482315E-004   9.0040015353440197E-004         878   3.9884604095381027E-002           0
         143         144  0.25022565110097550       0.15769561095085233       -3.9893226177458845E-004  0.97378367469115990        4047244.7606835263        368.61381757316616        8.2358520302099585       0.62648027987290866                0           0   1162.3500766111972        2.2305190603367172E-003  0.50000000000000000              846  0.20716563186288720                0
          61          62  0.16574606629006447        5.1105325148539382E-002  -1.0680914848388477E-004  0.98146224652464376        3985102.7316611102        295.54272204541036        9.2224630734757120       0.42593187025977947                0           0   1180.4752786595950        1.7952874583487142E-003  0.50000000000000000              764  0.31627369520733062                0
          29          30   9.2064989403419284E-002   3.8673592252436655E-002  -4.8326417632826574E-005  0.98790084533106615        4595724.3541263249        274.56410217347485        5.8877985098357968       0.79085327434070718                0           0   1023.6286807368981        1.6733196375634911E-003  0.25000000000000000              732  0.46458717944350009                0
         237         238  0.17519413512811899        4.8620481183886892E-002  -9.6133046925272949E-005  0.99516489023133436        4632593.2409340926        330.20636827131904        17.561758341427602       0.55966016677041852                0           0   1015.4820449326151        1.9984115928462558E-004  0.50000000000000000              940  0.71365106111890542                0
         147         148  0.31456825641218544       0.25964081492902225       -6.6243600918377415E-004  0.98456015427272825        4747337.3481747657        459.47645601886813        15.586235721371901       0.45828433996470191                0           0   990.93763780099937        1.9668248657376449E-004  0.50000000000000000              850  0.11993889604237559                0
         399         400  0.17014458503807270        6.6018282057290864E-002  -2.6982678267344166E-005  0.99085576857789059        45926078.734512806        1551.3744399011937        10.429259995236073       0.23477034303803140                0           0   102.43233011116048        8.3579637172561620E-003   5.2619511808409522E-005        1102 -0.15297620076010293                0
         281         282   8.0478030877779258E-002   1.6466831233086777E-002  -1.7957725064125935E-005  0.98262776030490062        5350087.8948573396        275.01437436529454        14.385841432251603       0.52987813972360986                0           0   879.29681719186112        1.6597559430831651E-003   1.1731308153703540E-003         984  0.45095359240309330                0
          45          46   8.6894120985331738E-002   8.6164685909330241E-002  -8.2040856412477007E-005  0.98387083180607882        5506893.1944410549        340.10174038637848        9.4562704376032993       0.60662126644434555                0           0   854.25939664011355        2.0685513436049150E-003  0.50000000000000000              748  0.51235289745432422                0
         161         162   9.3309048906446132E-002   9.2827486138433946E-002  -9.1370118457479937E-005  0.98809205702002967        5621441.0721628247        353.27711108625903        7.7548081541509726       0.50645608314723478                0           0   836.85218741158110        1.9114385242363884E-003   4.6205671692390102E-004         864  0.15885717088529050                0
         309         310  0.10545420084030525        5.3264404142991120E-002  -5.7855495593977865E-005  0.98363597107776712        6309425.5400360068        361.80592593708820        13.741702204244486       0.52637774015106797                0           0   745.60120058377254        2.2003001492994592E-003  0.25000000000000000             1012  -2.5277374577857198E-002           0
         189         190  0.11107991559331475        5.1209466390144058E-002  -5.9401457297079668E-005  0.98671314114777653        6112335.9088638304        356.86834591407722        18.287460289807591       0.14668299123077672                0           0   769.64278923590894        2.1736268209196817E-003  0.25000000000000000              892 -0.14510368089800812                0
         289         290  0.10428359770713377        2.3242149003040714E-002  -2.7029375539439286E-005  0.98098605618328538        6248196.8371091811        334.17627247689472        14.716895531640178       0.16411505601012841                0           0   752.90765964749642        1.3912450861074681E-003   9.4190656817374682E-004         992  -5.9781439851600809E-002           0
         115         116   9.5073144526220191E-002   4.6025486525321645E-002  -4.6726263478262970E-005  0.98361077625756288        6339435.9430684811        348.99124241529205        10.863236996460225       0.44718797534367832                0           0   742.07158174513086        2.1223306805025111E-003  0.25000000000000000              818  0.19403717929339176                0
         223         224  0.13901763968801717        6.0776114313866474E-002  -7.7058574005045569E-005  0.98944481450331423        6749181.1425739741        408.60267819609743        8.1208112919280460       0.39163082040585478                0           0   697.02015078093621        7.9007544777073152E-004   5.8313274429888000E-004         926  0.15373957481521019                0
         299         300   9.2079428251349071E-002   8.2023039557947389E-002  -6.9096063071120691E-005  0.98687519855306682        7196718.5764576374        407.34698487224762        17.373867068630062       0.11833468340164789                0           0   653.67503365128346        8.5260229348831118E-004   6.2887735736266975E-004        1002 -0.35648705319009083                0
         199         200  0.11230093762090229        4.7925291740752780E-002  -4.9845320530023470E-005  0.98557578802919299        7365259.5215128316        402.38621163417127        12.865222563651621       0.25866853809176305                0           0   638.71683596540686        2.4494184751019071E-003  0.50000000000000000              902  0.84844312866225879                0
         373         374  0.15845034820673778       0.15233439132851201       -1.7085685387044174E-004  0.97952443438031733        7914573.5194759080        526.47540886200875        7.0961558648556817       0.44959048820847625                0           0   594.38645001762222        3.0526910242382427E-003   4.4899525412042912E-004        1076  0.13832593933855175                0
          69          70  0.10464422723177559       0.10349050793134676       -8.6377732787562200E-005  0.98042651398566583        8085705.8082159301        467.23280664956275        12.309833094895929       0.18021116754749869                0           0   581.80638391081243        2.8368343572848856E-003  0.50000000000000000              772 -0.15169172801882264                0
         267         268  0.11152016154947933        1.9237634443879208E-002  -2.0549623586057309E-005  0.97571183406294137        7751526.0852942979        389.06352987373759        4.6690880180871934       0.52456273053896807                0           0   606.88891527688872        1.6594989015348846E-003   1.0084108718826390E-003         970  0.14437397737201477                0
         183         184  0.10185732075756881        5.4219839429199369E-002  -4.3501539623486523E-005  0.97496692762352544        9514113.3819766268        473.11332898631400        16.717321546214212       0.32930415608235558                0           0   494.45650569568949        1.7464624613464739E-003   6.0145048066620373E-005         886   1.2687620513357127                0
         265         266   8.4095384718170976E-002   3.6296916915751078E-002  -2.5177903363196255E-005  0.98208115943188390        10108887.773958728        451.79526267941839        6.3959936557347570       0.45592613068574495                0           0   465.36427773621557        2.7454150982333548E-003   1.3614223331262268E-002         968  0.24303587732350942                0
         367         368  0.20322917187314732       0.17631903439505672       -1.9839414237508255E-004  0.98271040161031997        10353098.796262849        673.09402742020268        16.789410259156625       0.54701171344415178                0           0   454.38716950550855        5.1221608257504328E-004   8.2275223070731396E-005        1070   1.6157318434044274                0
         305         306   8.5255713978393793E-002   1.6586699482616780E-002  -1.1931200371230782E-005  0.97557216214542408        10624387.113807641        441.69112072417624        14.232207561887124       0.30497712184709913                0           0   442.78462439785847        2.6751951435917505E-003  0.25000000000000000             1008  0.11432628543222950                0
         325         326  0.14296285691723640        1.8018411898666035E-002  -1.7591034512000332E-005  0.98525910189351285        11605238.715074902        545.71725305743564        6.1101738626000417       0.34236902468048752                0           0   405.36135215676182        1.9976652747874619E-004  0.12500000000000000             1028   2.7416683127134019E-002           0
         119         120  0.12744757891135747        8.2887871857059842E-002  -6.3848789170769046E-005  0.98269985033698937        12193204.574003790        616.57973866081329        6.3018035478874266       0.27723982919500600                0           0   385.81451078697370        3.7479255214838184E-003  0.25000000000000000              822   2.6332295171151127E-002           0
         133         134  0.13034205300579016        4.8697333779162973E-002  -3.8327075040861587E-005  0.98105826671692165        13234911.268658077        617.16800034313803        9.5439025534823436       0.41063420812042623                0           0   355.44743460314453        1.6422817693907920E-003   4.4201685721331833E-004         836  0.23987922884174881                0
          17          18   8.8310858010865509E-002   3.6165089814597706E-002  -2.2321003472730643E-005  0.98140412768925933        12747100.610456508        533.22349031307033        9.9299107054354039       0.37267551744567728                0           0   369.04982563531280        3.2391129273980847E-003  0.25000000000000000              720  -4.7288994404997092E-002           0
         275         276  0.13196141201412448        6.9014568623332620E-002  -4.7733697267365399E-005  0.97882906904882772        15446892.934565820        711.02028867417096        12.364848162390691       0.40704282273759768                0           0   304.54767036792384        2.8489177674446823E-003   5.3848472628306287E-004         978  0.41836375743021464                0
         221         222  0.10685030920939192        6.9974509155263417E-002  -3.1626743991712664E-005  0.98404392969271770        22713777.109260689        881.00930828106141        11.476389827175037       0.17159952105237261                0           0   207.11285644018912        9.2058837311945153E-004   2.0974636066262001E-005         924 -0.22819869260512135                0
         157         158  0.17882018552997023        8.7937108552675433E-002  -4.2075713292126847E-005  0.98508676545587670        36757581.626206666        1392.7609179611272        7.3289087579483692       0.37310340633495942                0           0   127.98217536408262        8.1124907441900655E-003   3.9543781913711323E-004         860   2.4528386238906325E-002           0
         145         146  0.11284151051838727        7.1741434973604884E-002  -2.4259754374225778E-005  0.99377331426018556        37282263.277930968        1243.5747257810426        13.207561408536218       0.40386463942257178                0           0   126.18105350995300        7.3352491615859949E-003   4.5519234610218726E-004         848  0.16486348328526440                0
         405         406   8.7236661288412828E-002   5.5735761705262711E-002  -1.4072219982536795E-005  0.99445045527554632        44632234.652881853        1287.6258805654079        14.925062732630936       0.59997304616879554                0           0   105.40174145954420        7.8733128566099032E-003   5.9611778896378372E-002        1108   1.3786600181165678                0
          95         546  0.62290701776509083       0.52092362269304604       -4.1543549458631290E-003  0.93268812346119911        1696011.8406940303        291.08043297642132        10.495855319506013       0.52349657987540232                0           0   2773.7514236455422        1.6357668654162069E-003   5.3429570460312450E-004         798  0.38793750050023990                0
