 1021982   1   373  30   0      2.0   7.73   4.63  2.239     0.0  -0.2148   0.0000
  -1.117539   0.000000   0.245505   0.096985  -0.663599   0.060150   0.000000   0.000000   0.000000   0.000000
   0.00000   0.00000   0.14027   0.02892   0.00000  -1.11754   0.00000   0.00000  -0.87203   0.66276   0.19180   0.00000   0.00000
 NAME(I1)    NAME(I2)    M1[M*]                    M2[M*]                    EB[NB]                    ECC                       P[Days]                   SEMI[AU]                  RI[PC]                    VI[km/s]                  K*(I1)      K*(I2)      ZN[NB]                    RP[NB]                    STEP(I1)[NB]              NAME(ICM)                 ECM[NB]                   K*(ICM)      
           3           4   8.7970317491499028E-002   4.9196061553816367E-002  -9.2897646351125171E-004  0.98018963898304645        71340.815372945974        17.361255191394889        2.5847523962270631       0.22440129337418124                0           0   65941.428242054317        1.0539810829294615E-004  0.50000000000000000              706   6.7872871778962424E-002           0
          59          60  0.52934127945164156       0.11516011942956719       -3.1001072744619322E-002  0.99635260950274573        9025.0375450904266        7.3279160146024838        15.992620224714086       0.94604762573859591                0           0   521251.59969045070        4.4850020571511419E-005  0.50000000000000000              762   1.3848924581704225                0
          63          64  0.11284127030153632        5.3401276685359052E-002  -1.4468849236327175E-003  0.97984293960292113        54774.265105649982        15.520472950299069        16.566651600491976       0.36702952067781602                0           0   85885.502043175962        9.4206442072616631E-005  0.25000000000000000              766  0.19053528508503254                0
          83          84  0.10272953417562042        4.1373672231505683E-002  -1.2819188696754095E-003  0.97370419826673227        41789.837138321200        12.356008093958177        18.712338384757199       0.44268243326991646                0           0   112570.79662870750        7.4766174595093939E-005  0.50000000000000000              786  0.30809504293023321                0
         131         132   8.4797441590329786E-002   6.4637458177469395E-002  -7.7121942017657882E-004  0.98912831439601701        128788.41655396212        26.485513546867381        5.6245726285288757       0.51826976902714372                0           0   36527.471829531067        1.6151620773559698E-004   1.5625000000000000E-002         834  0.17355143391419581                0
         137         138  0.13717930409073115       0.13193897190263901       -4.0334545728335997E-003  0.97817964388784162        48147.574536657077        16.722602131164937        8.9288861716745327       0.35944021290814915                0           0   97706.173216745112        1.0141787278782275E-004  0.50000000000000000              840  0.59704498968281638                0
         167         168  0.11739175763496201        6.6852661947444644E-002  -1.3371095085191684E-003  0.97921691183512483        87047.450602289726        21.873015901955345        17.898590631145076       0.70689891277143735                0           0   54043.113555826756        1.3272323952673876E-004  0.25000000000000000              870  0.41149548897657717                0
         177         178  0.17518944591650459       0.15841447355487015       -4.8844045916293037E-002  0.97081544669269548        1948.4551180766894        2.1174370246531056        3.6352766902160552       0.79583539337094211                0           0   2414382.1502485364        1.2793853451865820E-005  0.50000000000000000              880  0.48282263643335749                0
         181         182  0.16494482085752635        4.8117280213717237E-002  -2.2342341753636167E-003  0.98308070947828008        38113.841390388654        13.238244572811659        2.6571014446633816       0.34471471185862801                0           0   123428.00111539195        8.0485139620415977E-005  0.25000000000000000              884   2.9732407082969398E-002           0
         193         194  0.13607741833753259        1.4509867592654014E-002  -3.3139095177587647E-004  0.98026160729439438        98477.807758994706        22.203845682541278        18.105344057522363       0.81342428653573295                0           0   47770.308506030713        1.3480179630591914E-004  0.50000000000000000              896   1.0749938349450421                0
         195         196  0.23980714281985319       0.16746154432118399       -1.7866781603804005E-002  0.96643523058497638        13874.745800257982        8.3762612435180923        9.5608616109614708        1.0368564830977591                0           0   339055.96004197007        5.0498069052990366E-005  0.50000000000000000              898  0.79725848447783731                0
         207         208   9.9440827635248155E-002   5.0100703362626467E-002  -8.7683211256005204E-003  0.98112175417415370        2910.2243960466299        2.1174416066239212        5.5285936500272914       0.71699382294659186                0           0   1616478.5313583727        1.2860786271453537E-005  0.25000000000000000              910  0.45471138929730476                0
         225         226  0.11258739991983015        4.7810171057872303E-002  -9.4939383745014589E-004  0.98185672257896206        88575.957032427817        21.129198100363176        17.890314197498139       0.77073348272037245                0           0   53110.521356517827        1.2838083044770557E-004  0.50000000000000000              928   1.0214983876204016                0
         235         236   9.9158490776633662E-002   3.5661683213779022E-002  -5.1301121046354124E-003  0.96614283730650707        4095.4263718306088        2.5687641194955386        2.2546412784939074       0.34530621425743901                0           0   1148675.3345151674        1.5484037106406675E-005  0.12500000000000000              938   9.2811642674051079E-002           0
         249         250   8.3325272192247987E-002   6.4931060179189190E-002  -5.9417119074347373E-003  0.97581540753508467        5929.7866670524481        3.3934150410168407        17.089052408926509       0.41325506042263732                0           0   793336.34104971308        2.0555510157367267E-005  0.25000000000000000              952   1.2427222814405934                0
         271         272  0.13618545113931463       0.10282415591629936       -1.7643068358636144E-003  0.98806680624688603        120181.93023047518        29.578155387187675        10.445838090857293       0.47302880992299451                0           0   39143.282593508091        1.8027976026539725E-004  0.50000000000000000              974   9.3706436172501545E-002           0
         287         288   8.8414603939471620E-002   4.2704642040310346E-002  -5.8515194294090581E-004  0.98093659039144399        118941.02246670357        24.046383900145148        3.8929522453324852       0.59692888270570954                0           0   39551.663169548527        1.4603779329379048E-004  0.25000000000000000              990  0.19372785037476742                0
         291         292  0.10251315781699964        2.9651563345757474E-002  -1.1831110334550475E-003  0.98075559013170377        29765.556837160901        9.5746088155111213        16.159793658044801       0.58864392644673125                0           0   158045.59892431262        5.8142920318824777E-005   3.1250000000000000E-002         994  0.23380514645519290                0
         303         304  0.77980953382043972       0.33783563817501155       -5.2382472905160467E-002  0.97671789874474535        28033.625192942258        18.742492285908785        3.1528719761657862       0.62935740278698415                0           0   167809.73653129677        1.1358394461059082E-004   6.2500000000000000E-002        1006  0.22929566750764621                0
         311         312  0.16827131513595273       0.11782564957455051       -9.1314488263872420E-003  0.97485864189666582        15717.300866973132        8.0915100549741776        19.854364897031438       0.14810801665098075                0           0   299308.08714936365        4.8990345746074786E-005  0.50000000000000000             1014 -0.13026177142735745                0
         321         322  0.12252965187021556        4.0765808550071510E-002  -1.0952504619379879E-003  0.97557453106160041        63331.226025514967        16.995860241612995        19.260998586411059       0.41392445648381510                0           0   74281.133539866772        1.0293936416602254E-004  0.50000000000000000             1024  0.71930532503466882                0
         323         324  0.13577855073708561        2.1714876777924844E-002  -1.0672784058174505E-003  0.97737634574565457        30402.145619620234        10.295090097572151        16.115968097658865       0.68433061853732269                0           0   154736.29119810546        6.2411468000077191E-005  0.25000000000000000             1026  0.36409846760680981                0
         337         338  0.14234346256931027        4.8688670540606271E-002  -2.7220309402593351E-003  0.98436219341894415        24424.438780536861        9.4883723855236379        13.187928710727775       0.41205316127932534                0           0   192606.89262565569        5.7724153992768256E-005  0.50000000000000000             1040   1.4558469187927674                0
         363         364   8.0030474895858961E-002   2.5241398542184282E-002  -3.2505135387658957E-004  0.96900162088983910        125469.53716214608        23.159872534501439        12.004917869817829       0.71985604937413783                0           0   37493.684634903126        1.3980643129274424E-004  0.50000000000000000             1066  0.54697646739147476                0
         371         372   9.0756420354949963E-002   8.9399293653254358E-002  -1.4941626717007766E-003  0.97790038526241019        78336.750524128642        20.236383406048532        10.160223066206090       0.49264137493984217                0           0   60052.468683849453        1.2271064128272370E-004  0.50000000000000000             1074  0.26920107492314893                0
         383         384   9.3433970454860987E-002   6.5975786712685114E-002  -2.9999592269293533E-003  0.97176827062077331        19385.313257799193        7.6576121486429507        7.4914536648457544       0.45360277224958678                0           0   242674.19334851863        4.6290742961604388E-005  0.50000000000000000             1086  0.46636110793095836                0
         395         396  0.10118924464727580        7.2387835402996439E-002  -4.0679476328368365E-003  0.98184110250843104        15239.121285685993        6.7103307468978812        7.6928430430707344       0.49531592713226125                0           0   308699.90266850201        4.0771591993552411E-005  0.50000000000000000             1098   6.0574205636515985E-002           0
         401         402  0.11008182267075275        8.1520559788653676E-002  -2.1754919003101718E-003  0.98946501741247106        50292.904508829961        15.372504553420699        5.3159551280191986       0.39501806916735061                0           0   93538.349069078395        9.3761781152373525E-005  0.50000000000000000             1104  0.13837104427418268                0
         219         220   5.9461379470541447        2.5291364086335988      -0.75299076982192070       0.98221912150944157        80559.862777643633        74.428097414589246        3.8436140322873533       0.17806106687362760                0           0   58395.273967004177        4.5230718866207646E-004  0.50000000000000000              922  0.12517461565657723                0
         159         160  0.52009082554844766       0.13749382338007102       -6.8562166579241961E-003  0.98252657550525302        109146.58921206869        38.868446659729038        1.9576148870255190       0.57790477733298917                0           0   43100.891119047374        2.3624417772278330E-004  0.25000000000000000              862  0.17392482466991255                0
           1           2   2.0244841138268650       0.61000484406818434       -7.0741485713423660E-002  0.98738152934187551        118081.33591071346        65.056817812538299        19.391949553123180       0.50072321652444818                0           0   39839.617509086311        3.9638661146352313E-004  0.50000000000000000              704  0.12656085037677461                0
         283         284  0.18094602805437388        8.1870494517192083E-002  -1.6064068193646895E-003  0.97697797871714775        143540.44546752289        34.366892541613126        4.7254741542121055       0.27788363779294351                0           0   32773.447527785116        2.0829891525217590E-004   6.2500000000000000E-002         986  -5.2262250901905054E-002           0
         185         186  0.24628085064239766        6.9358336926096664E-002  -1.8551080494142963E-003  0.99057546901522908        130681.44545928008        34.314639623851313        9.0707867852698740       0.51818309411559349                0           0   35998.341165507023        2.0941269287605858E-004  0.50000000000000000              888  0.21728878853369937                0
         191         192  0.17819880543248182        5.0730547014061628E-002  -8.9966543292994278E-004  0.98450778698896024        174927.64032278312        37.446621017460309        21.267352796583737       0.63463137549100201                0           0   26892.921261409472        2.2782970840593575E-004  0.25000000000000000              894  0.46969454529953558                0
          71          72  0.16939743337267674        2.6319217633798585E-002  -4.7647967898261517E-004  0.96976219828091648        170003.73667627125        34.870225322542275        13.546543639907300       0.28069821864247146                0           0   27671.834452691655        1.5082883319385277E-004  0.25000000000000000              774 -0.11719668694743164                0
          53          54  0.10539273585624893        8.3691576402142989E-002  -9.4861616487088496E-004  0.98840746126056767        171334.30925667207        34.651436372167325        17.146673206016398       0.23806125130362404                0           0   27456.936547351612        2.1096666920612941E-004  0.50000000000000000              756 -0.17403796039393171                0
         245         246  0.10614450888457336        7.9534736728126665E-002  -8.8338078697462622E-004  0.97533507163214717        180155.36208468804        35.614411017835778        7.7939505412785506       0.13453082679196501                0           0   26112.546433302068        2.1568078356416255E-004  0.50000000000000000              948  0.11144074728221970                0
         331         332  0.12214104311112879        9.8521910482032543E-002  -1.1537755047203683E-003  0.97154055198387024        188414.45473505274        38.868024797675822        19.176560189848281       0.28876001256688416                0           0   24967.910579153504        2.3493249830021899E-004  0.50000000000000000             1034   6.9190097440192541E-002           0
         203         204  0.10958957416913398        5.6611292613942377E-002  -6.2817234305771752E-004  0.98494187057407623        200051.97130642890        36.805509599966030        18.041470111935816       0.11211835739879575                0           0   23515.465640870621        1.6988547057778460E-004  0.50000000000000000              906 -0.16889639398164838                0
          21          22  0.17137201111473407        1.8580527211685235E-002  -2.8964617018065918E-004  0.97725619083110171        219756.57682243298        40.968444197440832        3.5574156049582850       0.24108734236125934                0           0   21406.937283364805        1.8343950172520064E-004  0.50000000000000000              724   7.0522478516547027E-002           0
         369         370  0.35577330781196675       0.28758888866695975       -6.5923629871082615E-003  0.96841922705639494        200307.85819162280        57.839387851881206        14.821084883311768       0.43304937403942634                0           0   23485.425385280789        3.4904883910831302E-004  0.50000000000000000             1072   1.5709131619253034                0
          77          78   9.3430964505624117E-002   2.0354482771848002E-002  -1.6334883162896549E-004  0.97425183352183942        309441.22681298596        43.386459025179242        8.8170838655955635       0.59173794868978502                0           0   15202.613129787858        1.8457846561722538E-004  0.50000000000000000              780  0.84272504520748726                0
         315         316  0.30834333591613694       0.21242803698149326       -3.5544000840579989E-003  0.96932722246065328        288048.63087816222        68.675120176768687        4.5321609429027356       0.42753012044989458                0           0   16331.670257563481        4.1463143421502049E-004   3.1250000000000000E-002        1018  0.23746963428666368                0
          89          90  0.20842321107894346       0.10223825271363279       -1.3435582502014560E-003  0.98702482580270168        297769.38109927031        59.104743533761280        7.0581095261321440       0.75646642791063490                0           0   15798.519109916271        3.6005640583131949E-004  0.50000000000000000              792  0.39873304655772784                0
         155         156  0.50373356431637750       0.18870347651975347       -4.6345267489272665E-003  0.98128177235206437        293320.33962033020        76.435433608783669        8.6057910512864808       0.75153497315132689                0           0   16038.148816184937        4.6428632181207922E-004  0.50000000000000000              858  0.46025384432359451                0
         187         188  0.16652052450678573        4.4390738220572948E-002  -5.1200105471243477E-004  0.98740860044556455        313872.49940009229        53.803263366689940        6.0986524824758863       0.66571386809269462                0           0   14987.981637882163        1.5401396217716847E-004  0.50000000000000000              890  0.29478810702170144                0
         255         256   8.3811449474318997E-002   3.0344259974373743E-002  -1.9498774621546684E-004  0.99476358635673934        366335.73421504453        48.606227887337262        5.7310167420090448       0.45103550075553517                0           0   12841.540746017587        1.7373772739312873E-004  0.50000000000000000              958  0.23726812239247672                0
          93          94   8.5361728603296438E-002   7.1347741082274679E-002  -4.1080252103106030E-004  0.97812880800934654        378910.90214675880        55.249666982163497        6.4646287094265942       0.49279614421148915                0           0   12415.359998859836        1.7179347800011020E-004  0.50000000000000000              796  0.35235470011121256                0
          95         546  0.62290701776509083       0.52092362269304604       -3.7742931202451768E-003  0.93636022610801950        1958532.7644876814        320.39150056819756        4.7523701096275781       0.51705812574512966                0           0   2401.9589270825045        7.1405177566998337E-004   2.0573768780383674E-003         798  0.31076224173170597                0
          67          68  0.52597586808430075       0.46375414949012228       -9.5351984985231255E-003  0.98266064699714351        341740.68956755206        95.332992401100725        18.811702409063045       0.47537997500915141                0           0   13765.745201713413        5.7947742737167690E-004  0.50000000000000000              770   7.0744967117084001E-002           0
         213         214   8.6717284611907239E-002   1.7710005955573944E-002  -1.1427078035879827E-004  0.98213695314694749        400632.33674856107        50.085097135765906        3.8274711073702523       0.33926554418100924                0           0   11742.225542311169        1.5552041722878169E-004  0.50000000000000000              916  0.15510584189537094                0
         313         314  0.11479116130453372        5.7685466757393881E-002  -3.9453446450446250E-004  0.99253727403468150        435049.79924732697        62.547398305763593        2.5376293886341279       0.44488239380082750                0           0   10813.279918261374        1.7042172232509015E-004  0.50000000000000000             1016   7.7332126557268330E-002           0
         365         366  0.29906545429998188       0.27572229150032296       -3.4223050706489746E-003  0.97703614846779008        409915.73603235272        89.792227251814452        15.873168241242764       0.30364408103466772                0           0   11476.298283102440        5.4424978456707430E-004  0.25000000000000000             1068 -0.23612963937108930                0
         201         202  0.41909726131645580       0.36316033186407948       -5.4401348907038797E-003  0.97784193266974673        439642.50440806977        104.26124217537117        18.363074645652780       0.38600577792008101                0           0   10700.319487940789        6.3220712582260643E-004  0.50000000000000000              904   7.2125666626535814E-002           0
         171         172  0.11855449161888632       0.10910379859810015       -6.3808363105355751E-004  0.99690688946593098        502629.43037454027        75.543937317710842        4.7508072363115597       0.23550796408821184                0           0   9359.4106778413025        1.6222029374787257E-004  0.50000000000000000              874  -7.4658596153288792E-002           0
         347         348  0.19457293008789711        9.8264029982305379E-002  -8.4213227326918961E-004  0.97623178622328566        525292.62380639045        84.608893442837001        9.1866045641189462       0.36183697769715528                0           0   8955.6088253366652        5.1262384884362530E-004  0.25000000000000000             1050  0.15746133556527847                0
         343         344   9.9716206803828866E-002   3.9838043689421537E-002  -1.9541286924161294E-004  0.98547806040898511        644708.77578794607        75.758248904357316        15.028356694635592       0.55163986965148659                0           0   7296.8066114739531        4.6110969753691106E-004  0.50000000000000000             1046   1.7413902769128153                0
          99         100  0.11123848720615616        3.9011678252708890E-002  -1.9764343022701515E-004  0.98119635498491209        697449.45099556562        81.825121918085514        6.4629822301341617       0.54579596680211406                0           0   6745.0268272914218        1.9609050585244134E-004  0.25000000000000000              802  0.13214137313068647                0
         391         392  0.13558686976987694        5.7578981684498085E-002  -2.5446740011902898E-004  0.98428057182237338        1015963.8259505472        114.33226250480101        15.892108987536675       0.29923474419919677                0           0   4630.3964151906221        1.9855493643177781E-004  0.50000000000000000             1094  0.10401241634184948                0
         385         386  0.12648191059682606        5.9749107023494945E-002  -2.5030111744847215E-004  0.99192399726360403        1010156.8010307509        112.51654391747591        20.913928644956655       0.27723084781342683                0           0   4657.0148840700185        1.9971473045980897E-004  0.50000000000000000             1088   7.9380656605266553E-003           0
          41          42  0.11122608390456809        8.6847116325004775E-002  -3.0034655602715249E-004  0.97689552612968544        1076875.4069236529        119.85571002551679        3.6460908423316623       0.83623627940646328                0           0   4368.4861102769009        1.9934720720389158E-004  0.25000000000000000              744  0.52104919463451571                0
         345         346  0.55774375829353751       0.47607345656862060       -4.7923803546830179E-003  0.97923176074338625        1065819.0059203701        206.47940675782556        5.4663000254602103       0.25999599307840132                0           0   4413.8031237137029        1.2529054742208931E-003  0.50000000000000000             1048  -4.1892146499057155E-002           0
          73          74  0.94128231410560004       0.69908498357263338       -1.0547991353088345E-002  0.98595090542721642        1010924.7705775029        232.48741209934116        18.634110152505873       0.55872515110411369                0           0   4653.4770880699325        1.4155097427745917E-003  0.50000000000000000              776  0.38493361346798460                0
         285         286   8.9462339041284894E-002   4.2834040765278178E-002  -1.2838168338598593E-004  0.97556116315563901        1178106.6063545495        111.23605151706303        8.3895746008302137       0.67159938932280994                0           0   3993.1150816660524        1.4410236536712358E-004  0.50000000000000000              988  0.22690414450061430                0
         293         294  0.55382231722128972       0.12326253909399966       -1.3046202120956597E-003  0.97555013427591697        1208714.8768618368        195.00098063437505        8.3238755499735166       0.57942725953309537                0           0   3891.9974823661364        1.1809822740092247E-003  0.50000000000000000              996  0.92362154797980833                0
         123         124  0.67985937278035102       0.12376754478802159       -1.4259437356367586E-003  0.97763450747397851        1328700.8239903566        219.90890269502705        4.0603537085932491       0.59137084474856427                0           0   3540.5376234484115        1.3330674591925293E-003  0.50000000000000000              826  0.32050944991955843                0
           7           8  0.10772050310063933        1.1526931384030817E-002  -3.7943697728780554E-005  0.99082248886431246        1424470.1409572540        121.95279694780302        13.227928107477085       0.47485123900402887                0           0   3302.5018372680170        1.6260639909577266E-004   6.2500000000000000E-002         710  -9.8261634718354862E-003           0
         355         356  0.32294731613854971       0.22153041596011064       -1.4146791448691402E-003  0.98835597978780254        1280677.5733209376        188.46314208734015        9.1566589756670105       0.44140414195160999                0           0   3673.3018174480535        1.1488556879049804E-003  0.50000000000000000             1058   6.7561912702237145E-002           0
          85          86   8.0567479673496034E-002   7.0359839832317903E-002  -1.6540594186675728E-004  0.98642166572395873        1357017.8794508749        127.71821781941760        11.557027307630495       0.32657957616387173                0           0   3466.6567986181526        1.9401392259058692E-004   6.2500000000000000E-002         788  -5.6288520600570463E-002           0
         387         388  0.11696728908539532        8.3148869844046139E-002  -2.2937316807244160E-004  0.95140694338286635        1621792.8923378640        158.01470264134261        1.3985821716183737       0.71012672779741925                0           0   2900.6880470806286        9.2701734981647454E-004   1.9497177773268318E-005        1090  0.30568151920294451                0
         103         104   9.4240900685283069E-002   8.1646476448274677E-002  -1.9581474411928143E-004  0.97430932578693863        1543295.6101144454        146.43699954217337        4.2134137772730726       0.15005494539332923                0           0   3048.2269416265021        8.8618227905427590E-004  0.50000000000000000              806  -4.6381113374636143E-002           0
          65          66   8.1196656538748205E-002   3.2700733033609646E-002  -6.2627861262289943E-005  0.98184767372588766        2149336.5504112290        157.99647215383459        16.101884874908070       0.56544701801536590                0           0   2188.7290088398181        1.9363885980735446E-004  0.50000000000000000              768  0.17589677302167547                0
          15          16  0.12041882448822794        4.7134796559794988E-002  -1.1370748620294229E-004  0.97825164521118502        2263928.7909641471        186.02285177799217        16.204001530813674       0.61486903892016209                0           0   2077.9431210119114        1.1281688166013199E-003  0.50000000000000000              718  0.17889039096907894                0
         243         244  0.10897784068549871        6.2870305948584129E-002  -1.2688985103554134E-004  0.99345305026723485        2514966.0648626112        201.22235189126619        7.1831269989694739       0.38359931538377834                0           0   1870.5283237695505        1.2297376519750148E-003  0.50000000000000000              946   7.3668008824756770E-002           0
         265         266   8.4095384718170976E-002   3.6296916915751078E-002  -2.5179195680342349E-005  0.98201133643331795        10108109.529001823        451.77207437857282        2.1281976981402906       0.53270750619721430                0           0   465.40010712659102        4.7590381777148493E-004   5.7199809522064874E-004         968  0.21623004106625371                0
         127         128  0.41687934908818136       0.27898104023835063       -1.0601324713850049E-003  0.99434194081511351        3619474.9262651657        408.83142482301037        14.664036013285696       0.31988192166520479                0           0   1299.7231237899509        2.4997052625840904E-003  0.25000000000000000              830  -2.4624787116237501E-003           0
         217         218   8.1228311512873880E-002   6.5270211912634449E-002  -8.4864059256294254E-005  0.97696892315676265        3390006.8490829859        232.81876606981328        19.405016078476539       0.71208886407644534                0           0   1387.7008121435813        1.4110585494170628E-003  0.50000000000000000              920  0.32150336521938805                0
         143         144  0.25022565110097550       0.15769561095085233       -3.9893226177458845E-004  0.97378367469115990        4047244.7606835263        368.61381757316616        7.5522116796804957       0.65053781142933564                0           0   1162.3500766111972        2.2305190603367172E-003  0.50000000000000000              846  0.21652609772501411                0
          61          62  0.16574606629006447        5.1105325148539382E-002  -1.0680914848388477E-004  0.98146224652464376        3985102.7316611102        295.54272204541036        8.3882090728617271       0.45423209015139981                0           0   1180.4752786595950        1.7952874583487142E-003  0.50000000000000000              764  0.28037796200869713                0
          29          30   9.2064989403419284E-002   3.8673592252436655E-002  -4.8326417632826574E-005  0.98790084533106615        4595724.3541263249        274.56410217347485        6.2316261906547128       0.83976727797752504                0           0   1023.6286807368981        1.6733196375634911E-003  0.25000000000000000              732  0.51023087750738805                0
         405         406   8.7236661288412828E-002   5.5735761705262711E-002  -1.4072219982536795E-005  0.99445045527554632        44632234.652881853        1287.6258805654079        9.4368212618818497       0.72072318885581821                0           0   105.40174145954420        7.8733128566099032E-003  0.50000000000000000             1108   1.2960631382270251                0
          45          46   8.6894120985331738E-002   8.6164685909330241E-002  -8.2040856412477007E-005  0.98387083180607882        5506893.1944410549        340.10174038637848        6.4646109296233538       0.66155842507548634                0           0   854.25939664011355        2.0685513436049150E-003  0.50000000000000000              748  0.47181245910442926                0
         161         162   9.3309048906446132E-002   9.2827486138433946E-002  -9.1369749499493595E-005  0.98772470012412095        5621475.1219060402        353.27853764605845        5.5961708476643350       0.38682626460094632                0           0   836.84711852815246        1.5899994159085413E-003   2.6123632264333639E-005         864   7.5139409869027451E-002           0
         289         290  0.10428359770713377        2.3242149003040714E-002  -2.7029453761151214E-005  0.98098936091927580        6248169.7142358990        334.17530538964422        20.739517437128196       0.16128507328647115                0           0   752.91092796765736        1.9928683112735868E-003   1.1221066469809114E-003         992  -4.7220602465162145E-002           0
         115         116   9.5073144526220191E-002   4.6025486525321645E-002  -4.6726263478262970E-005  0.98361077625756288        6339435.9430684811        348.99124241529205        15.880613804758857       0.49779933756548284                0           0   742.07158174513086        2.1223306805025111E-003  0.25000000000000000              818  0.16986940484163421                0
         223         224  0.13901763968801717        6.0776114313866474E-002  -7.7057662541518262E-005  0.98944354789617284        6749300.8902493902        408.60751128376262        4.6674470215975434       0.31481246133688878                0           0   697.00778408635097        2.3599713856345631E-003   1.2411162909443141E-004         926   9.5757546008871361E-002           0
         199         200  0.11230093762090229        4.7925291740752780E-002  -4.9845320530023470E-005  0.98557578802919299        7365259.5215128316        402.38621163417127        10.678808597208807       0.44916091939457486                0           0   638.71683596540686        2.4494184751019071E-003  0.50000000000000000              902  0.76429030311508028                0
         373         374  0.15845034820673778       0.15233439132851201       -1.7085689762386317E-004  0.97963887095651037        7914570.4793032259        526.47527404099344        4.5728609793379524       0.40378449533382671                0           0   594.38667833543832        2.2509498534153201E-003   2.4010744015575070E-005        1076  0.11758075224963685                0
          69          70  0.10464422723177559       0.10349050793134676       -8.6377732787562200E-005  0.98042651398566583        8085705.8082159301        467.23280664956275        15.390061014510245       0.16453993612306633                0           0   581.80638391081243        2.8368343572848856E-003  0.50000000000000000              772 -0.16257028537337231                0
          51          52  0.11606384615255892        9.5064690585184505E-002  -1.2276543213329298E-004  0.98205345115529663        4872545.5793825211        334.93415447263214        6.9869554254323551       0.45650298730363864                0           0   965.47383313362923        1.9892380511386115E-004  0.50000000000000000              754   6.4441063863648229E-002           0
         267         268  0.11152016154947933        1.9237634443879208E-002  -2.0555825606101702E-005  0.97571212546309427        7748018.2115676180        388.94614320890304        4.6900296840293088       0.54907382684551198                0           0   607.16368098119926        9.1974585683556737E-004   7.5283622353352459E-004         970  0.15348476887705098                0
         367         368  0.20322917187314732       0.17631903439505672       -1.9839525406837986E-004  0.98268116739051148        10353011.777136795        673.09025578704427        14.238544502606848       0.52982590933239770                0           0   454.39098872017098        3.6579912609068081E-003   4.4994414581433400E-004        1070   1.5346761694671316                0
         305         306   8.5255713978393793E-002   1.6586699482616780E-002  -1.1931200371230782E-005  0.97557216214542408        10624387.113807641        441.69112072417624        8.4147257916457416       0.23909042290511451                0           0   442.78462439785847        2.6751951435917505E-003  0.50000000000000000             1008   7.6290086864666706E-002           0
         325         326  0.14296285691723640        1.8018411898666035E-002  -1.7591034512000332E-005  0.98525910189351285        11605238.715074902        545.71725305743564        10.507768327472453       0.39013385056415478                0           0   405.36135215676182        1.9976652747874619E-004  0.50000000000000000             1028   2.6866579620431902E-002           0
         119         120  0.12744757891135747        8.2887871857059842E-002  -6.3848789170769046E-005  0.98269985033698937        12193204.574003790        616.57973866081329        11.162359506616236       0.25161881620912946                0           0   385.81451078697370        3.7479255214838184E-003  0.50000000000000000              822   6.8478699152016639E-002           0
         133         134  0.13034205300579016        4.8697333779162973E-002  -3.8327114006585952E-005  0.98104921818172952        13234891.085514106        617.16737289182026        3.3467659423095393       0.51320221103225694                0           0   355.44797665873841        2.0497703802322870E-004   1.6473253059255471E-004         836  0.21204224279706874                0
          17          18   8.8310858010865509E-002   3.6165089814597706E-002  -2.2321003472730643E-005  0.98140412768925933        12747100.610456508        533.22349031307033        11.848395955669492       0.35028933484473868                0           0   369.04982563531280        3.2391129273980847E-003  0.50000000000000000              720  -4.3130276478816731E-002           0
         275         276  0.13196141201412448        6.9014568623332620E-002  -4.7734002572055579E-005  0.97887438849398878        15446744.738278056        711.01574101805056        7.2437549558185852       0.43279915412498088                0           0   304.55059220258613        4.3136225690292417E-003   6.6410844192092407E-004         978  0.36982919904738210                0
         399         400  0.17014458503807270        6.6018282057290864E-002  -2.6984215272845381E-005  0.99072089545201514        45922154.905538961        1551.2860744985142        14.527918893049112       0.21614663999235800                0           0   102.44108246491163        6.7344509598515796E-003   9.6802020099036827E-005        1102 -0.12788884582394913                0
         157         158  0.17882018552997023        8.7937108552675433E-002  -4.2075797516715963E-005  0.98506229973589443        36757471.257865146        1392.7581300230970        3.8703140512929703       0.36955958947191231                0           0   127.98255964460996        7.5417904366439515E-003   3.8141519408259089E-004         860   2.9992391975197791E-003           0
         145         146  0.11284151051838727        7.1741434973604884E-002  -2.4259630708610148E-005  0.99380635557650265        37282548.352751650        1243.5810650133210        8.0022751908983611       0.41382080618148187                0           0   126.18008868746118        7.5433979933410295E-003   2.3057482224336407E-004         848  0.14670316383695908                0
         221         222  0.10685030920939192        6.9974509155263417E-002  -3.1626373045423245E-005  0.98479633406342437        22714176.725873277        881.01964165483707        16.084257686803412       0.25122872709022842                0           0   207.10921264807141        4.4381517318735266E-003   4.3113040818628268E-005         924 -0.19178023722278065                0
