 122 502   1   452 102   0      0.5   0.46   4.88  5.706     0.0  -0.2385   0.0000
  -1.209976   0.000000   0.288333   0.062472  -0.571267   0.053723   0.000000   0.000000   0.000000   0.000000
   0.00000   0.00000   0.15112   0.03390   0.00000  -1.20998   0.00000   0.00000  -0.92164   0.77512   0.21060   0.00000   0.00000
 NAME(I1)    NAME(I2)    M1[M*]                    M2[M*]                    EB[NB]                    ECC                       P[Days]                   SEMI[AU]                  RI[PC]                    VI[km/s]                  K*(I1)      K*(I2)      ZN[NB]                    RP[NB]                    STEP(I1)[NB]              NAME(ICM)                 ECM[NB]                   K*(ICM)      
           3           4   8.7970317491499028E-002   4.9196061553816367E-002  -9.2897646351125171E-004  0.98018963898304645        71340.815372945974        17.361255191394889        7.5666900034518152       0.17865302771747274                0           0   65941.428242054317        1.0539810829294615E-004  0.50000000000000000              706  0.11132531543201862                0
          57          58   8.8793517676333700E-002   7.4789808565780366E-002  -1.3944536633748324E-003  0.99288618157622466        67519.482439442989        17.747571380570307        13.715347620376720       0.61636478706390452                0           0   69673.449613065080        1.0843421479498632E-004  0.50000000000000000              760   1.1532118560798765                0
          59          60  0.52934127945164156       0.11516011942956719       -3.1001072744619322E-002  0.99635260950274573        9025.0375450904266        7.3279160146024838        17.249870215698174       0.81381866234117561                0           0   521251.59969045070        4.4850020571511419E-005  0.50000000000000000              762   1.4517874935698942                0
          63          64  0.11284127030153632        5.3401276685359052E-002  -1.4468849236327175E-003  0.97984293960292113        54774.265105649982        15.520472950299069        12.034460378634632       0.39109260613240582                0           0   85885.502043175962        9.4206442072616631E-005  0.50000000000000000              766  0.23326398168338897                0
          83          84  0.10272953417562042        4.1373672231505683E-002  -1.2819188696754095E-003  0.97370419826673227        41789.837138321200        12.356008093958177        13.953086513174457       0.35676819691436634                0           0   112570.79662870750        7.4766174595093939E-005  0.50000000000000000              786  0.23221139140058347                0
          87          88  0.10306885414503236        3.0345968261083246E-002  -4.1821248241819420E-003  0.98428134930470224        4652.7998571211401        2.7870887101701558        15.209884671154066       0.30492055235212523                0           0   1011071.9141389197        1.6955045282497800E-005  0.50000000000000000              790   8.8120645043625614E-002           0
         105         106  0.12790761581087476        8.1406408734692293E-002  -3.3640542461646258E-002  0.96974758674909145        989.02684361157492        1.1534833915785283        18.514272545649252       0.32769085656456803                0           0   4756509.1767037120        6.9657331703446991E-006  0.50000000000000000              808  0.11608382228140594                0
         131         132   8.4797441590329786E-002   6.4637458177469395E-002  -7.7121942017657882E-004  0.98912831439601701        128788.41655396212        26.485513546867381        7.9579916111228002       0.45320318639240609                0           0   36527.471829531067        1.6151620773559698E-004  0.25000000000000000              834  0.12258639127224162                0
         137         138  0.13717930409073115       0.13193897190263901       -4.0334545728335997E-003  0.97817964388784162        48147.574536657077        16.722602131164937        11.759414434307462       0.18203320685433003                0           0   97706.173216745112        1.0141787278782275E-004  0.50000000000000000              840  0.66857363384845026                0
         167         168  0.11739175763496201        6.6852661947444644E-002  -1.3371095085191684E-003  0.97921691183512483        87047.450602289726        21.873015901955345        12.751694039251214       0.67524351829451923                0           0   54043.113555826756        1.3272323952673876E-004  0.50000000000000000              870  0.41894460454885168                0
         177         178  0.17518944591650459       0.15841447355487015       -4.8844045916293037E-002  0.97081544669269548        1948.4551180766894        2.1174370246531056        3.7464909777887394       0.80605447245775974                0           0   2414382.1502485364        1.2793853451865820E-005  0.50000000000000000              880  0.50984589576465433                0
         181         182  0.16494482085752635        4.8117280213717237E-002  -2.2342341753636167E-003  0.98308070947828008        38113.841390388654        13.238244572811659        5.2843302723240484       0.30772477579963231                0           0   123428.00111539195        8.0485139620415977E-005  0.50000000000000000              884   5.1001117849157618E-002           0
         193         194  0.13607741833753259        1.4509867592654014E-002  -3.3139095177587647E-004  0.98026160729439438        98477.807758994706        22.203845682541278        15.672325337410546       0.71112947340315558                0           0   47770.308506030713        1.3480179630591914E-004  0.50000000000000000              896   1.1933674458664796                0
         195         196  0.23980714281985319       0.16746154432118399       -1.7866781603804005E-002  0.96643523058497638        13874.745800257982        8.3762612435180923        11.015502124503202       0.98518889820715660                0           0   339055.96004197007        5.0498069052990366E-005  0.50000000000000000              898  0.74881867005637914                0
         207         208   9.9440827635248155E-002   5.0100703362626467E-002  -8.7683211256005204E-003  0.98112175417415370        2910.2243960466299        2.1174416066239212        3.9724544884134421       0.74006091917065853                0           0   1616478.5313583727        1.2860786271453537E-005  0.50000000000000000              910  0.45616085543133394                0
         225         226  0.11258739991983015        4.7810171057872303E-002  -9.4939383745014589E-004  0.98185672257896206        88575.957032427817        21.129198100363176        15.874191334678459       0.62611504530111295                0           0   53110.521356517827        1.2838083044770557E-004  0.50000000000000000              928   1.1138922715502653                0
         235         236   9.9158490776633662E-002   3.5661683213779022E-002  -5.1301121046354124E-003  0.96614283730650707        4095.4263718306088        2.5687641194955386        6.9258832406522313       0.29756372955970534                0           0   1148675.3345151674        1.5484037106406675E-005  0.50000000000000000              938  0.12572951104390806                0
         239         240   8.3253089810449737E-002   5.9845060969569666E-002  -7.4110620056441019E-004  0.97866503909393976        121080.59857328323        25.053451414275163        15.697879576525741       0.47419248108749867                0           0   38852.758518512826        1.5197941044801133E-004  0.50000000000000000              942  0.14833927617960824                0
         247         248  0.12867704596478571        5.6124925773135610E-002  -4.8755267774440045E-002  0.97148621675522984        348.47281385192167       0.55201979559906922        19.002460916747324       0.61330184096379847                0           0   13499805.639483234        3.3365167437779866E-006  0.50000000000000000              950  0.54684275605224120                0
         249         250   8.3325272192247987E-002   6.4931060179189190E-002  -5.9417119074347373E-003  0.97581540753508467        5929.7866670524481        3.3934150410168407        16.470226300911651       0.50080800697139061                0           0   793336.34104971308        2.0555510157367267E-005  0.50000000000000000              952   1.3356545914440954                0
         271         272  0.13618545113931463       0.10282415591629936       -1.7643068358636144E-003  0.98806680624688603        120181.93023047518        29.578155387187675        6.6023611135449638       0.50021816460028623                0           0   39143.282593508091        1.8027976026539725E-004  0.50000000000000000              974   8.5811054559350647E-002           0
         287         288   8.8414603939471620E-002   4.2704642040310346E-002  -5.8515194294090581E-004  0.98093659039144399        118941.02246670357        24.046383900145148        2.9824943324008042       0.61463954395579390                0           0   39551.663169548527        1.4603779329379048E-004  0.50000000000000000              990  0.21379225893281634                0
         291         292  0.10251315781699964        2.9651563345757474E-002  -1.1831110334550475E-003  0.98075559013170377        29765.556837160901        9.5746088155111213        9.3026041018970158       0.59203413854743903                0           0   158045.59892431262        5.8142920318824777E-005   6.2500000000000000E-002         994  0.24135824705033793                0
         303         304  0.77980953382043972       0.33783563817501155       -5.2382472905160467E-002  0.97671789874474535        28033.625192942258        18.742492285908785        5.9264335192953403       0.63500050832830057                0           0   167809.73653129677        1.1358394461059082E-004  0.50000000000000000             1006  0.23027241044676297                0
         311         312  0.16827131513595273       0.11782564957455051       -9.1314488263872420E-003  0.97485864189666582        15717.300866973132        8.0915100549741776        14.436948126900454       0.17659438422472004                0           0   299308.08714936365        4.8990345746074786E-005  0.50000000000000000             1014 -0.14235846621595577                0
         321         322  0.12252965187021556        4.0765808550071510E-002  -1.0952504619379879E-003  0.97557453106160041        63331.226025514967        16.995860241612995        16.687339707728661       0.44740574845032427                0           0   74281.133539866772        1.0293936416602254E-004  0.50000000000000000             1024  0.78496037670372887                0
         323         324  0.13577855073708561        2.1714876777924844E-002  -1.0672784058174505E-003  0.97737634574565457        30402.145619620234        10.295090097572151        12.069958631069163       0.60517894089689528                0           0   154736.29119810546        6.2411468000077191E-005  0.50000000000000000             1026  0.38851542360576513                0
         337         338  0.14234346256931027        4.8688670540606271E-002  -2.7220309402593351E-003  0.98436219341894415        24424.438780536861        9.4883723855236379        16.325358123318729       0.45755068019301726                0           0   192606.89262565569        5.7724153992768256E-005  0.50000000000000000             1040   1.5593908852687937                0
         357         358   7.9717634398698847E-002   3.5168480550120958E-002  -1.1543449013877967E-003  0.99034897964864510        29342.295402160125        9.0508997532508531        13.593348116330729       0.51046582812159258                0           0   160325.40035359471        5.5228836842580753E-005  0.50000000000000000             1060  0.89562593256699707                0
         363         364   8.0030474895858961E-002   2.5241398542184282E-002  -3.2505135387658957E-004  0.96900162088983910        125469.53716214608        23.159872534501439        9.9704596037395223       0.68455338980991642                0           0   37493.684634903126        1.3980643129274424E-004  0.50000000000000000             1066  0.47885081997203705                0
         371         372   9.0756420354949963E-002   8.9399293653254358E-002  -1.4941626717007766E-003  0.97790038526241019        78336.750524128642        20.236383406048532        7.8905038841848443       0.40185939396935499                0           0   60052.468683849453        1.2271064128272370E-004  0.50000000000000000             1074  0.20554364179433909                0
         383         384   9.3433970454860987E-002   6.5975786712685114E-002  -2.9999592269293533E-003  0.97176827062077331        19385.313257799193        7.6576121486429507        12.604271045170508       0.51636263547748662                0           0   242674.19334851863        4.6290742961604388E-005  0.50000000000000000             1086  0.51575444165529549                0
         395         396  0.10118924464727580        7.2387835402996439E-002  -4.0679476328368365E-003  0.98184110250843104        15239.121285685993        6.7103307468978812        7.4876520559115303       0.47359399745390812                0           0   308699.90266850201        4.0771591993552411E-005  0.50000000000000000             1098   5.7929423106884773E-002           0
         401         402  0.11008182267075275        8.1520559788653676E-002  -2.1754919003101718E-003  0.98946501741247106        50292.904508829961        15.372504553420699        9.4991869339349577       0.46837299590269110                0           0   93538.349069078395        9.3761781152373525E-005  0.50000000000000000             1104  0.16349036806312239                0
         219         220   5.9461379470541447        2.5291364086335988      -0.75299076982192070       0.98221912150944157        80559.862777643633        74.428097414589246        9.4360424708402544       0.24655088115375640                0           0   58395.273967004177        4.5230718866207646E-004  0.50000000000000000              922  0.17399864752251723                0
         159         160  0.52009082554844766       0.13749382338007102       -6.8562166579241961E-003  0.98252657550525302        109146.58921206869        38.868446659729038        4.8680126449204222       0.56878365874284165                0           0   43100.891119047374        2.3624417772278330E-004  0.50000000000000000              862  0.22461448064385151                0
           1           2   2.0244841138268650       0.61000484406818434       -7.0741485713423660E-002  0.98738152934187551        118081.33591071346        65.056817812538299        13.980986034952888       0.46421878336328504                0           0   39839.617509086311        3.9638661146352313E-004  0.50000000000000000              704  0.10264841455823215                0
         283         284  0.18094602805437388        8.1870494517192083E-002  -1.6064068193646895E-003  0.97697797871714775        143540.44546752289        34.366892541613126        5.2310291202843535       0.30219185718839020                0           0   32773.447527785116        2.0829891525217590E-004  0.50000000000000000              986  -4.4315233775040333E-002           0
         185         186  0.24628085064239766        6.9358336926096664E-002  -1.8551080494142963E-003  0.99057546901522908        130681.44545928008        34.314639623851313        10.324903920471955       0.56339638230104772                0           0   35998.341165507023        2.0941269287605858E-004  0.50000000000000000              888  0.25146131912810127                0
         191         192  0.17819880543248182        5.0730547014061628E-002  -8.9966543292994278E-004  0.98450778698896024        174927.64032278312        37.446621017460309        15.876381214461267       0.61883506056107540                0           0   26892.921261409472        2.2782970840593575E-004  0.50000000000000000              894  0.50377681134402197                0
          71          72  0.16939743337267674        2.6319217633798585E-002  -4.7647967898261517E-004  0.96976219828091648        170003.73667627125        34.870225322542275        10.035805963970979       0.26670543928316065                0           0   27671.834452691655        1.5082883319385277E-004  0.50000000000000000              774 -0.14216107107346823                0
          53          54  0.10539273585624893        8.3691576402142989E-002  -9.4861616487088496E-004  0.98840746126056767        171334.30925667207        34.651436372167325        12.307056683291203       0.30088390519484831                0           0   27456.936547351612        2.1096666920612941E-004  0.25000000000000000              756 -0.17203258841839980                0
         245         246  0.10614450888457336        7.9534736728126665E-002  -8.8338078697462622E-004  0.97533507163214717        180155.36208468804        35.614411017835778        12.395734421680652       0.22296104222493260                0           0   26112.546433302068        2.1568078356416255E-004  0.50000000000000000              948  0.14737016409403225                0
         331         332  0.12214104311112879        9.8521910482032543E-002  -1.1537755047203683E-003  0.97154055198387024        188414.45473505274        38.868024797675822        13.533683020712450       0.29811535026066649                0           0   24967.910579153504        2.3493249830021899E-004  0.50000000000000000             1034   2.9186188157588604E-002           0
         203         204  0.10958957416913398        5.6611292613942377E-002  -6.2817234305771752E-004  0.98494187057407623        200051.97130642890        36.805509599966030        13.035402985050023       0.16747976649754009                0           0   23515.465640870621        1.6988547057778460E-004  0.50000000000000000              906 -0.19239227390909197                0
          21          22  0.17137201111473407        1.8580527211685235E-002  -2.8964617018065918E-004  0.97725619083110171        219756.57682243298        40.968444197440832        7.7683313349420784       0.24821604524778051                0           0   21406.937283364805        1.8343950172520064E-004  0.50000000000000000              724   9.7397584882629201E-002           0
         369         370  0.35577330781196675       0.28758888866695975       -6.5923629871082615E-003  0.96841922705639494        200307.85819162280        57.839387851881206        17.392187920148661       0.46307985725940864                0           0   23485.425385280789        3.4904883910831302E-004  0.50000000000000000             1072   1.6847046842308773                0
          77          78   9.3430964505624117E-002   2.0354482771848002E-002  -1.6334883162896549E-004  0.97425183352183942        309441.22681298596        43.386459025179242        13.711468365463157       0.51662869572797421                0           0   15202.613129787858        1.8457846561722538E-004  0.50000000000000000              780  0.92450908443647917                0
         315         316  0.30834333591613694       0.21242803698149326       -3.5544000840579989E-003  0.96932722246065328        288048.63087816222        68.675120176768687        10.140534825825055       0.37027305328267840                0           0   16331.670257563481        4.1463143421502049E-004   3.1250000000000000E-002        1018  0.22415764904893215                0
          89          90  0.20842321107894346       0.10223825271363279       -1.3435582502014560E-003  0.98702482580270168        297769.38109927031        59.104743533761280        7.5446078841014410       0.77468928947530991                0           0   15798.519109916271        3.6005640583131949E-004  0.50000000000000000              792  0.42928251632979098                0
         155         156  0.50373356431637750       0.18870347651975347       -4.6345267489272665E-003  0.98128177235206437        293320.33962033020        76.435433608783669        11.350033267449295       0.67811771200975923                0           0   16038.148816184937        4.6428632181207922E-004  0.50000000000000000              858  0.41882910494217251                0
         187         188  0.16652052450678573        4.4390738220572948E-002  -5.1200105471243477E-004  0.98740860044556455        313872.49940009229        53.803263366689940        7.1982366430350195       0.67992405748559337                0           0   14987.981637882163        1.5401396217716847E-004  0.50000000000000000              890  0.30923751858725312                0
         255         256   8.3811449474318997E-002   3.0344259974373743E-002  -1.9498774621546684E-004  0.99476358635673934        366335.73421504453        48.606227887337262        11.353805682290551       0.46936323999672863                0           0   12841.540746017587        1.7373772739312873E-004  0.50000000000000000              958  0.28357025007427417                0
          93          94   8.5361728603296438E-002   7.1347741082274679E-002  -4.1080252103106030E-004  0.97812880800934654        378910.90214675880        55.249666982163497        13.050457081318045       0.38528177516804391                0           0   12415.359998859836        1.7179347800011020E-004  0.50000000000000000              796  0.39392044707315765                0
          95         546  0.62290701776509083       0.52092362269304604       -3.7742799903098547E-003  0.93634220224259657        1958542.9844889622        320.39261514361095        10.522554956320178       0.50549895942001477                0           0   2401.9463932634844        1.9018677150574629E-003   1.2881148559797336E-003         798  0.37124916920031881                0
          67          68  0.52597586808430075       0.46375414949012228       -9.5351984985231255E-003  0.98266064699714351        341740.68956755206        95.332992401100725        16.820529418046501       0.40017065311926187                0           0   13765.745201713413        5.7947742737167690E-004  0.50000000000000000              770  0.11796481124831762                0
         213         214   8.6717284611907239E-002   1.7710005955573944E-002  -1.1427078035879827E-004  0.98213695314694749        400632.33674856107        50.085097135765906        8.0862551576761028       0.36052264974895909                0           0   11742.225542311169        1.5552041722878169E-004  0.50000000000000000              916  0.17879452242921207                0
         313         314  0.11479116130453372        5.7685466757393881E-002  -3.9453446450446250E-004  0.99253727403468150        435049.79924732697        62.547398305763593        4.7941653341237744       0.39030768814584282                0           0   10813.279918261374        1.7042172232509015E-004  0.50000000000000000             1016   9.1611922103021021E-002           0
         365         366  0.29906545429998188       0.27572229150032296       -3.4223050706489746E-003  0.97703614846779008        409915.73603235272        89.792227251814452        13.549987960947687       0.29224118337017013                0           0   11476.298283102440        5.4424978456707430E-004  0.50000000000000000             1068 -0.23207169511471948                0
         201         202  0.41909726131645580       0.36316033186407948       -5.4401348907038797E-003  0.97784193266974673        439642.50440806977        104.26124217537117        13.204037227313474       0.39159811630135904                0           0   10700.319487940789        6.3220712582260643E-004  0.50000000000000000              904   4.8381546894380567E-002           0
         171         172  0.11855449161888632       0.10910379859810015       -6.3808363105355751E-004  0.99690688946593098        502629.43037454027        75.543937317710842        2.9883892596790953       0.23008333615604368                0           0   9359.4106778413025        1.6222029374787257E-004  0.25000000000000000              874  -8.2416935446204223E-002           0
         347         348  0.19457293008789711        9.8264029982305379E-002  -8.4213227326918961E-004  0.97623178622328566        525292.62380639045        84.608893442837001        5.8486684593742773       0.43261105343094525                0           0   8955.6088253366652        5.1262384884362530E-004   6.2500000000000000E-002        1050  0.17569358200304608                0
         343         344   9.9716206803828866E-002   3.9838043689421537E-002  -1.9541286924161294E-004  0.98547806040898511        644708.77578794607        75.758248904357316        17.468802695499317       0.64472500098840924                0           0   7296.8066114739531        4.6110969753691106E-004  0.50000000000000000             1046   1.8215357901410316                0
          55          56   8.3915877860446200E-002   1.7498204653530233E-002  -7.7740196882517218E-005  0.96898154446861051        677342.13462491788        70.390059717499767        13.556134439879925       0.15035500397708687                0           0   6945.2570823012566        1.8325936041652929E-004  0.50000000000000000              758 -0.19786473341595198                0
          99         100  0.11123848720615616        3.9011678252708890E-002  -1.9764343022701515E-004  0.98119635498491209        697449.45099556562        81.825121918085514        10.458774257971365       0.54322351995668205                0           0   6745.0268272914218        1.9609050585244134E-004  0.50000000000000000              802  0.14230353392952619                0
         391         392  0.13558686976987694        5.7578981684498085E-002  -2.5446740011902898E-004  0.98428057182237338        1015963.8259505472        114.33226250480101        12.757017461901560       0.36419689057920684                0           0   4630.3964151906221        1.9855493643177781E-004  0.50000000000000000             1094  0.14413511893363296                0
         385         386  0.12648191059682606        5.9749107023494945E-002  -2.5030111744847215E-004  0.99192399726360403        1010156.8010307509        112.51654391747591        14.139482695142190       0.28175042435672232                0           0   4657.0148840700185        1.9971473045980897E-004  0.50000000000000000             1088  -1.0871500713349486E-002           0
          41          42  0.11122608390456809        8.6847116325004775E-002  -3.0034655602715249E-004  0.97689552612968544        1076875.4069236529        119.85571002551679        3.4774195222515498       0.81615803231511819                0           0   4368.4861102769009        1.9934720720389158E-004  0.50000000000000000              744  0.51177235690371037                0
         345         346  0.55774375829353751       0.47607345656862060       -4.7923803546830179E-003  0.97923176074338625        1065819.0059203701        206.47940675782556        2.2601287182138079       0.23863564320750894                0           0   4413.8031237137029        1.2529054742208931E-003  0.50000000000000000             1048  -3.1329216317299791E-002           0
          73          74  0.94128231410560004       0.69908498357263338       -1.0547991353088345E-002  0.98595090542721642        1010924.7705775029        232.48741209934116        13.455088474529635       0.47585426035674566                0           0   4653.4770880699325        1.4155097427745917E-003  0.50000000000000000              776  0.32396554488786544                0
         285         286   8.9462339041284894E-002   4.2834040765278178E-002  -1.2838168338598593E-004  0.97556116315563901        1178106.6063545495        111.23605151706303        8.6000660265720335       0.65176673544060926                0           0   3993.1150816660524        1.4410236536712358E-004  0.25000000000000000              988  0.21700622651149609                0
         293         294  0.55382231722128972       0.12326253909399966       -1.3046202120956597E-003  0.97555013427591697        1208714.8768618368        195.00098063437505        13.187816715046512       0.46412628458989708                0           0   3891.9974823661364        1.1809822740092247E-003  0.50000000000000000              996  0.99382136982317537                0
         123         124  0.67985937278035102       0.12376754478802159       -1.4259437356367586E-003  0.97763450747397851        1328700.8239903566        219.90890269502705        10.141594238012445       0.53153662531077872                0           0   3540.5376234484115        1.3330674591925293E-003   6.2500000000000000E-002         826  0.34865292615934268                0
           7           8  0.10772050310063933        1.1526931384030817E-002  -3.7943697728780554E-005  0.99082248886431246        1424470.1409572540        121.95279694780302        9.1867709057610369       0.43356495750263013                0           0   3302.5018372680170        1.6260639909577266E-004  0.25000000000000000              710  -2.5208893723438167E-002           0
         355         356  0.32294731613854971       0.22153041596011064       -1.4146791448691402E-003  0.98835597978780254        1280677.5733209376        188.46314208734015        6.7844259208981414       0.41436628181611407                0           0   3673.3018174480535        1.1488556879049804E-003  0.50000000000000000             1058   6.7232099509080420E-002           0
         117         118  0.40216802461087314       0.11268199431891886       -9.3948131643061938E-004  0.97690707695788359        1226845.1060164988        179.76007936485891        15.052682925063857       0.54055146140079358                0           0   3834.4818221751120        1.0894929361876689E-003  0.50000000000000000              820  0.95897008918811988                0
          85          86   8.0567479673496034E-002   7.0359839832317903E-002  -1.6540594186675728E-004  0.98642166572395873        1357017.8794508749        127.71821781941760        6.7843144369070343       0.29915286623086229                0           0   3466.6567986181526        1.9401392259058692E-004  0.25000000000000000              788  -7.2638541594427133E-002           0
          47          48   9.8900608463481726E-002   3.1153535981132970E-002  -9.0443949087021743E-005  0.96929450295796848        1448762.9164048610        126.95392421516813        15.822311521370361       0.81668826112056447                0           0   3247.1256714098058        1.9207619232510233E-004  0.50000000000000000              750  0.40671707108055816                0
         387         388  0.11696728908539532        8.3148869844046139E-002  -2.2937073138873173E-004  0.98796421639702459        1621818.7356971689        158.01638128555985        7.7891084357307871       0.43566825442370133                0           0   2900.6418251929526        1.1868188583991356E-004   2.3542583617594714E-005        1090  0.17214624587617064                0
         103         104   9.4240900685283069E-002   8.1646476448274677E-002  -1.9581474411928143E-004  0.97430932578693863        1543295.6101144454        146.43699954217337        6.4950200560433418       0.16102804977860569                0           0   3048.2269416265021        8.8618227905427590E-004  0.25000000000000000              806  -4.4104837906995195E-002           0
         215         216   9.9764396033006283E-002   5.7531129034738331E-002  -1.3467170227244636E-004  0.99202500142069505        1843377.2888768672        158.82594977762659        17.594522116097423       0.28197689781266760                0           0   2552.0089056272404        1.9606910170443681E-004  0.50000000000000000              918 -0.28031020010932639                0
          65          66   8.1196656538748205E-002   3.2700733033609646E-002  -6.2627861262289943E-005  0.98184767372588766        2149336.5504112290        157.99647215383459        10.422460354340197       0.55511532009413633                0           0   2188.7290088398181        1.9363885980735446E-004  0.50000000000000000              768  0.14595479324443589                0
          15          16  0.12041882448822794        4.7134796559794988E-002  -1.1370748620294229E-004  0.97825164521118502        2263928.7909641471        186.02285177799217        12.236986652241896       0.57422575452114311                0           0   2077.9431210119114        1.1281688166013199E-003  0.25000000000000000              718  0.22033274907662154                0
         243         244  0.10897784068549871        6.2870305948584129E-002  -1.2688985103554134E-004  0.99345305026723485        2514966.0648626112        201.22235189126619        11.769367345548037       0.34702118423914030                0           0   1870.5283237695505        1.2297376519750148E-003  0.50000000000000000              946   8.9637879666867995E-002           0
          37          38  0.10983277472157330        9.0349772612143470E-002  -1.6313461273031012E-004  0.98167519740275366        2786284.6185355540        226.68993556755197        16.012125494370313       0.58383367595141822                0           0   1688.3828831949368        1.3772225981147541E-003  0.50000000000000000              740  -8.2892655356803180E-002           0
         403         404  0.17519688796893346        3.8994197612049461E-002  -1.0593107998872471E-004  0.98389697943801901        2940512.2724001030        240.33792748374935        13.387730598662090       0.46411857883185731                0           0   1599.8284726779968        2.7771742529854012E-004   3.1644674296189319E-004        1106  0.12999053283894629                0
         127         128  0.41687934908818136       0.27898104023835063       -1.0601324713850049E-003  0.99434194081511351        3619474.9262651657        408.83142482301037        11.683396326939373       0.24102247190971537                0           0   1299.7231237899509        2.4997052625840904E-003  0.50000000000000000              830   2.8446909389280621E-002           0
         217         218   8.1228311512873880E-002   6.5270211912634449E-002  -8.4864059256294254E-005  0.97696892315676265        3390006.8490829859        232.81876606981328        15.082549464936957       0.77671391977402227                0           0   1387.7008121435813        1.4110585494170628E-003  0.50000000000000000              920  0.28206583984386469                0
         175         176   8.2952047495663137E-002   3.6571247402372269E-002  -5.1727562516901597E-005  0.99014101567577306        3413581.3325757841        218.55674085471517        15.527670821855400       0.58117410621226673                0           0   1378.1172321138254        1.0322628353623049E-003   1.7194513443331357E-003         878   3.9980900888397758E-002           0
         143         144  0.25022565110097550       0.15769561095085233       -3.9893226177458845E-004  0.97378367469115990        4047244.7606835263        368.61381757316616        8.2535030599429717       0.62684871575390166                0           0   1162.3500766111972        2.2305190603367172E-003  0.50000000000000000              846  0.20694903052610769                0
          61          62  0.16574606629006447        5.1105325148539382E-002  -1.0680914848388477E-004  0.98146224652464376        3985102.7316611102        295.54272204541036        9.2265486385728135       0.42585880857874669                0           0   1180.4752786595950        1.7952874583487142E-003  0.50000000000000000              764  0.31635172228416941                0
          29          30   9.2064989403419284E-002   3.8673592252436655E-002  -4.8326417632826574E-005  0.98790084533106615        4595724.3541263249        274.56410217347485        5.8365414581377530       0.79239851875241973                0           0   1023.6286807368981        1.6733196375634911E-003  0.25000000000000000              732  0.46462689032357823                0
         237         238  0.17519413512811899        4.8620481183886892E-002  -9.6133046925272949E-005  0.99516489023133436        4632593.2409340926        330.20636827131904        17.498551739093333       0.56147162640435455                0           0   1015.4820449326151        1.9984115928462558E-004  0.50000000000000000              940  0.71364127005657785                0
         147         148  0.31456825641218544       0.25964081492902225       -6.6243600918377415E-004  0.98456015427272825        4747337.3481747657        459.47645601886813        15.570141197735911       0.45883020493519494                0           0   990.93763780099937        1.9668248657376449E-004  0.50000000000000000              850  0.11992451508402130                0
         399         400  0.17014458503807270        6.6018282057290864E-002  -2.6982730868301952E-005  0.99085693312655765        45925944.440032214        1551.3714156045862        10.398889234669278       0.23297459724486744                0           0   102.43262963894890        9.2038436383196833E-003   5.5136714875266068E-005        1102 -0.15303045238512714                0
         281         282   8.0478030877779258E-002   1.6466831233086777E-002  -1.7957729178421688E-005  0.98262894340155638        5350086.0562193021        275.01431135674483        14.323153354078443       0.53328814342276409                0           0   879.29711937551895        1.4764887413119851E-003   2.2045230308081619E-003         984  0.45123099247231352                0
          45          46   8.6894120985331738E-002   8.6164685909330241E-002  -8.2040856412477007E-005  0.98387083180607882        5506893.1944410549        340.10174038637848        9.4513824856278639       0.60786425113883269                0           0   854.25939664011355        2.0685513436049150E-003  0.50000000000000000              748  0.51232888100454677                0
         161         162   9.3309048906446132E-002   9.2827486138433946E-002  -9.1369984353880849E-005  0.98809456667923379        5621453.4480392402        353.27762959058407        7.7974914016962016       0.50486624571764038                0           0   836.85034504477233        1.6277174281951843E-003   2.1284683714531990E-004         864  0.15895037863147096                0
         309         310  0.10545420084030525        5.3264404142991120E-002  -5.7855495593977865E-005  0.98363597107776712        6309425.5400360068        361.80592593708820        13.778101291958404       0.52827544338172017                0           0   745.60120058377254        2.2003001492994592E-003  0.50000000000000000             1012  -2.5229061784504569E-002           0
         189         190  0.11107991559331475        5.1209466390144058E-002  -5.9401457297079668E-005  0.98671314114777653        6112335.9088638304        356.86834591407722        18.282163808989871       0.14921001852506369                0           0   769.64278923590894        2.1736268209196817E-003  0.50000000000000000              892 -0.14515067013125693                0
         289         290  0.10428359770713377        2.3242149003040714E-002  -2.7029424922061281E-005  0.98098625972575115        6248179.7139811898        334.17566193854287        14.718880090391753       0.16368580092086463                0           0   752.90972298991164        1.9375863646193072E-003   1.1071257201793678E-003         992  -5.9915308516225979E-002           0
         115         116   9.5073144526220191E-002   4.6025486525321645E-002  -4.6726263478262970E-005  0.98361077625756288        6339435.9430684811        348.99124241529205        10.892074716322178       0.44890907401563163                0           0   742.07158174513086        2.1223306805025111E-003  0.50000000000000000              818  0.19405628940459951                0
         223         224  0.13901763968801717        6.0776114313866474E-002  -7.7058878108262515E-005  0.98944515238484632        6749141.1904155212        408.60106569677299        8.1350978631614357       0.38892885944895145                0           0   697.02427685545786        2.0308718069317979E-003   9.2418801183044423E-004         926  0.15326336733616930                0
         299         300   9.2079428251349071E-002   8.2023039557947389E-002  -6.9096170153716262E-005  0.98687514237211682        7196701.8466662969        407.34635358150700        17.375628281294759       0.11591426512257272                0           0   653.67655321498773        1.4543549925753168E-003   8.3722257847415268E-004        1002 -0.35639555212879964                0
         199         200  0.11230093762090229        4.7925291740752780E-002  -4.9845320530023470E-005  0.98557578802919299        7365259.5215128316        402.38621163417127        12.848514229335118       0.26486736061399835                0           0   638.71683596540686        2.4494184751019071E-003  0.50000000000000000              902  0.84848307938622225                0
         373         374  0.15845034820673778       0.15233439132851201       -1.7085376331568247E-004  0.97952348882134244        7914788.2692098198        526.48493221723913        7.1340688655746156       0.44716904644949185                0           0   594.37032269650626        1.0572059252893125E-003   2.6192187252346697E-004        1076  0.13788117740498926                0
          69          70  0.10464422723177559       0.10349050793134676       -8.6377732787562200E-005  0.98042651398566583        8085705.8082159301        467.23280664956275        12.303322552724145       0.17940124632995397                0           0   581.80638391081243        2.8368343572848856E-003  0.50000000000000000              772 -0.15171947581042311                0
         267         268  0.11152016154947933        1.9237634443879208E-002  -2.0549530693630716E-005  0.97571198024964534        7751578.6455370821        389.06528860272886        4.6283339501054579       0.52475850310321936                0           0   606.88480021462976        6.5013962625559867E-005   1.2687790627581368E-004         970  0.14451226195349073                0
         183         184  0.10185732075756881        5.4219839429199369E-002  -4.3501522227282627E-005  0.97497323567713279        9514119.0890001208        473.11351818373782        16.714178969603022       0.33212958091507322                0           0   494.45620909703791        5.8113570392543930E-004   3.5636056537786912E-005         886   1.2699789104254033                0
         265         266   8.4095384718170976E-002   3.6296916915751078E-002  -2.5177862005856577E-005  0.98208009754163061        10108912.681368081        451.79600480161042        6.3957142654843526       0.45820864959545804                0           0   465.36313112243721        2.5759873821997836E-003   1.3164321781153076E-003         968  0.24273381909512193                0
         367         368  0.20322917187314732       0.17631903439505672       -1.9839642246369582E-004  0.98270870002475019        10352920.320906080        673.08629182694699        16.793132884331243       0.54316714665921462                0           0   454.39500274576102        4.0901052958772117E-003   2.3804198860421101E-004        1070   1.6167474078624975                0
         305         306   8.5255713978393793E-002   1.6586699482616780E-002  -1.1931200371230782E-005  0.97557216214542408        10624387.113807641        441.69112072417624        14.249668593426691       0.30237629334485994                0           0   442.78462439785847        2.6751951435917505E-003  0.50000000000000000             1008  0.11418437320821771                0
         325         326  0.14296285691723640        1.8018411898666035E-002  -1.7591034512000332E-005  0.98525910189351285        11605238.715074902        545.71725305743564        6.1007900567653950       0.34408152736966346                0           0   405.36135215676182        1.9976652747874619E-004  0.12500000000000000             1028   2.7470863990220765E-002           0
         119         120  0.12744757891135747        8.2887871857059842E-002  -6.3848789170769046E-005  0.98269985033698937        12193204.574003790        616.57973866081329        6.2903331415142016       0.27618993999050229                0           0   385.81451078697370        3.7479255214838184E-003  0.50000000000000000              822   2.6502044494523480E-002           0
         133         134  0.13034205300579016        4.8697333779162973E-002  -3.8327374016313133E-005  0.98105813746589998        13234756.409137003        617.16318607953872        9.5314825603718951       0.41505501672267314                0           0   355.45159368380979        3.2079520860385669E-003   6.1466566094192762E-004         836  0.24015558443892737                0
          17          18   8.8310858010865509E-002   3.6165089814597706E-002  -2.2321003472730643E-005  0.98140412768925933        12747100.610456508        533.22349031307033        9.9005839463288758       0.37100372162166512                0           0   369.04982563531280        3.2391129273980847E-003  0.50000000000000000              720  -4.7261947861285694E-002           0
         275         276  0.13196141201412448        6.9014568623332620E-002  -4.7733267856869164E-005  0.97882939098836796        15447101.376387713        711.02668504275618        12.403766397892598       0.40610557823928412                0           0   304.54356082855338        3.4602696305480147E-004   1.9502552901410822E-004         978  0.41817480870824009                0
         221         222  0.10685030920939192        6.9974509155263417E-002  -3.1625985591847112E-005  0.98406820664878092        22714594.138127368        881.03043512749628        11.468847299637940       0.17123434979886931                0           0   207.10540672828392        3.7320732700884657E-003   4.1023256728011988E-005         924 -0.22772296566240346                0
         157         158  0.17882018552997023        8.7937108552675433E-002  -4.2075622567761869E-005  0.98508607235030599        36757700.512506336        1392.7639210622613        7.3191946496301723       0.37289646834423329                0           0   127.98176142830754        6.8537665629014796E-003   3.6342237095819197E-004         860   2.4278063339211346E-002           0
         145         146  0.11284151051838727        7.1741434973604884E-002  -2.4259762606152004E-005  0.99377441778458886        37282244.301767446        1243.5743038059572        13.236027348371456       0.40335507242563429                0           0   126.18111773442095        6.3776387027930570E-003   4.2436954429908986E-004         848  0.16477117598535995                0
         405         406   8.7236661288412828E-002   5.5735761705262711E-002  -1.4072219982536795E-005  0.99445045527554632        44632234.652881853        1287.6258805654079        14.893873808740256       0.60216863350135941                0           0   105.40174145954420        7.8733128566099032E-003  0.50000000000000000             1108   1.3787089648472088                0
          51          52  0.11606384615255892        9.5064690585184505E-002  -1.2276543213329298E-004  0.98205345115529663        4872545.5793825211        334.93415447263214        2.0773537275520848       0.44148983429661603                0           0   965.47383313362923        1.9892380511386115E-004   3.1250000000000000E-002         754   4.7807142987101141E-002           0
