 1021907   1   373  35   0      1.9   7.73   4.63  2.394     0.0  -0.2148   0.0000
  -1.117539   0.000000   0.245505   0.096985  -0.663599   0.060150   0.000000   0.000000   0.000000   0.000000
   0.00000   0.00000   0.13971   0.02920   0.00000  -1.11754   0.00000   0.00000  -0.87203   0.66276   0.19180   0.00000   0.00000
 NAME(I1)    NAME(I2)    M1[M*]                    M2[M*]                    EB[NB]                    ECC                       P[Days]                   SEMI[AU]                  RI[PC]                    VI[km/s]                  K*(I1)      K*(I2)      ZN[NB]                    RP[NB]                    STEP(I1)[NB]              NAME(ICM)                 ECM[NB]                   K*(ICM)      
           3           4   8.7970317491499028E-002   4.9196061553816367E-002  -9.2897646351125171E-004  0.98018963898304645        71340.815372945974        17.361255191394889        2.5089087601413107       0.22056250182804243                0           0   65941.428242054317        1.0539810829294615E-004  0.50000000000000000              706   6.7658982039514717E-002           0
          59          60  0.52934127945164156       0.11516011942956719       -3.1001072744619322E-002  0.99635260950274573        9025.0375450904266        7.3279160146024838        16.119859768247998       0.93945919798138711                0           0   521251.59969045070        4.4850020571511419E-005  0.50000000000000000              762   1.3848915790430547                0
          63          64  0.11284127030153632        5.3401276685359052E-002  -1.4468849236327175E-003  0.97984293960292113        54774.265105649982        15.520472950299069        16.510299130190123       0.36670005415339740                0           0   85885.502043175962        9.4206442072616631E-005  0.25000000000000000              766  0.19055545464587564                0
          83          84  0.10272953417562042        4.1373672231505683E-002  -1.2819188696754095E-003  0.97370419826673227        41789.837138321200        12.356008093958177        18.811118948696198       0.43737296269309733                0           0   112570.79662870750        7.4766174595093939E-005  0.50000000000000000              786  0.30813651979797663                0
         131         132   8.4797441590329786E-002   6.4637458177469395E-002  -7.7121942017657882E-004  0.98912831439601701        128788.41655396212        26.485513546867381        5.4772828815641823       0.51508589981468322                0           0   36527.471829531067        1.6151620773559698E-004   1.5625000000000000E-002         834  0.16632915618657373                0
         137         138  0.13717930409073115       0.13193897190263901       -4.0334545728335997E-003  0.97817964388784162        48147.574536657077        16.722602131164937        8.9626667773423652       0.35006416662502204                0           0   97706.173216745112        1.0141787278782275E-004  0.50000000000000000              840  0.59699691880874073                0
         167         168  0.11739175763496201        6.6852661947444644E-002  -1.3371095085191684E-003  0.97921691183512483        87047.450602289726        21.873015901955345        17.871180766226118       0.70561394980725323                0           0   54043.113555826756        1.3272323952673876E-004  0.25000000000000000              870  0.41151944225758119                0
         177         178  0.17518944591650459       0.15841447355487015       -4.8844045916293037E-002  0.97081544669269548        1948.4551180766894        2.1174370246531056        3.6324692949734723       0.79585334029686727                0           0   2414382.1502485364        1.2793853451865820E-005  0.50000000000000000              880  0.48263211152971558                0
         181         182  0.16494482085752635        4.8117280213717237E-002  -2.2342341753636167E-003  0.98308070947828008        38113.841390388654        13.238244572811659        2.6020245429421553       0.34303442664679734                0           0   123428.00111539195        8.0485139620415977E-005  0.50000000000000000              884   2.9888980392753638E-002           0
         193         194  0.13607741833753259        1.4509867592654014E-002  -3.3139095177587647E-004  0.98026160729439438        98477.807758994706        22.203845682541278        18.016557620798505       0.80734663575370158                0           0   47770.308506030713        1.3480179630591914E-004  0.50000000000000000              896   1.0762193170755410                0
         195         196  0.23980714281985319       0.16746154432118399       -1.7866781603804005E-002  0.96643523058497638        13874.745800257982        8.3762612435180923        9.4898906266774663        1.0343336968594474                0           0   339055.96004197007        5.0498069052990366E-005  0.50000000000000000              898  0.79626935271609867                0
         207         208   9.9440827635248155E-002   5.0100703362626467E-002  -8.7683211256005204E-003  0.98112175417415370        2910.2243960466299        2.1174416066239212        5.5166414862453053       0.71856316398041908                0           0   1616478.5313583727        1.2860786271453537E-005  0.25000000000000000              910  0.45458682592287841                0
         225         226  0.11258739991983015        4.7810171057872303E-002  -9.4939383745014589E-004  0.98185672257896206        88575.957032427817        21.129198100363176        17.815584533574523       0.76288909322545684                0           0   53110.521356517827        1.2838083044770557E-004  0.50000000000000000              928   1.0215883331856861                0
         235         236   9.9158490776633662E-002   3.5661683213779022E-002  -5.1301121046354124E-003  0.96614283730650707        4095.4263718306088        2.5687641194955386        2.1817115914241891       0.34267928756980326                0           0   1148675.3345151674        1.5484037106406675E-005  0.12500000000000000              938   9.1960298992549247E-002           0
         249         250   8.3325272192247987E-002   6.4931060179189190E-002  -5.9417119074347373E-003  0.97581540753508467        5929.7866670524481        3.3934150410168407        17.001483597152799       0.41389538622680982                0           0   793336.34104971308        2.0555510157367267E-005  0.25000000000000000              952   1.2426864147917995                0
         271         272  0.13618545113931463       0.10282415591629936       -1.7643068358636144E-003  0.98806680624688603        120181.93023047518        29.578155387187675        10.499851624341021       0.47496690739709546                0           0   39143.282593508091        1.8027976026539725E-004  0.50000000000000000              974   9.3609068480897964E-002           0
         287         288   8.8414603939471620E-002   4.2704642040310346E-002  -5.8515194294090581E-004  0.98093659039144399        118941.02246670357        24.046383900145148        3.9342577021364344       0.59727938940212633                0           0   39551.663169548527        1.4603779329379048E-004  0.25000000000000000              990  0.19431775841014651                0
         291         292  0.10251315781699964        2.9651563345757474E-002  -1.1831110334550475E-003  0.98075559013170377        29765.556837160901        9.5746088155111213        16.089469714459884       0.58860414940310912                0           0   158045.59892431262        5.8142920318824777E-005   3.1250000000000000E-002         994  0.23382210432248296                0
         303         304  0.77980953382043972       0.33783563817501155       -5.2382472905160467E-002  0.97671789874474535        28033.625192942258        18.742492285908785        3.2121479131196815       0.63042376589227422                0           0   167809.73653129677        1.1358394461059082E-004   6.2500000000000000E-002        1006  0.22973451448719431                0
         311         312  0.16827131513595273       0.11782564957455051       -9.1314488263872420E-003  0.97485864189666582        15717.300866973132        8.0915100549741776        19.879482247838542       0.14959649290219501                0           0   299308.08714936365        4.8990345746074786E-005  0.50000000000000000             1014 -0.13006762628989746                0
         321         322  0.12252965187021556        4.0765808550071510E-002  -1.0952504619379879E-003  0.97557453106160041        63331.226025514967        16.995860241612995        19.190890517133333       0.41345932408489566                0           0   74281.133539866772        1.0293936416602254E-004  0.50000000000000000             1024  0.71930571299083501                0
         323         324  0.13577855073708561        2.1714876777924844E-002  -1.0672784058174505E-003  0.97737634574565457        30402.145619620234        10.295090097572151        16.014669990151717       0.68057236050928194                0           0   154736.29119810546        6.2411468000077191E-005  0.25000000000000000             1026  0.36411983531068054                0
         337         338  0.14234346256931027        4.8688670540606271E-002  -2.7220309402593351E-003  0.98436219341894415        24424.438780536861        9.4883723855236379        13.167292615485410       0.40941841150295921                0           0   192606.89262565569        5.7724153992768256E-005  0.50000000000000000             1040   1.4559517967855673                0
         363         364   8.0030474895858961E-002   2.5241398542184282E-002  -3.2505135387658957E-004  0.96900162088983910        125469.53716214608        23.159872534501439        11.978400883664685       0.71798998854780960                0           0   37493.684634903126        1.3980643129274424E-004  0.50000000000000000             1066  0.54695063717702552                0
         371         372   9.0756420354949963E-002   8.9399293653254358E-002  -1.4941626717007766E-003  0.97790038526241019        78336.750524128642        20.236383406048532        10.224912306110671       0.48848015927756999                0           0   60052.468683849453        1.2271064128272370E-004  0.50000000000000000             1074  0.26908968226135266                0
         383         384   9.3433970454860987E-002   6.5975786712685114E-002  -2.9999592269293533E-003  0.97176827062077331        19385.313257799193        7.6576121486429507        7.3754593207967929       0.45593862324984130                0           0   242674.19334851863        4.6290742961604388E-005  0.50000000000000000             1086  0.46637736675564151                0
         395         396  0.10118924464727580        7.2387835402996439E-002  -4.0679476328368365E-003  0.98184110250843104        15239.121285685993        6.7103307468978812        7.6102101221529130       0.49497377712615309                0           0   308699.90266850201        4.0771591993552411E-005  0.50000000000000000             1098   6.0826356750306176E-002           0
         401         402  0.11008182267075275        8.1520559788653676E-002  -2.1754919003101718E-003  0.98946501741247106        50292.904508829961        15.372504553420699        5.2094561759594171       0.39967009278449023                0           0   93538.349069078395        9.3761781152373525E-005  0.50000000000000000             1104  0.13822590994551417                0
         219         220   5.9461379470541447        2.5291364086335988      -0.75299076982192070       0.98221912150944157        80559.862777643633        74.428097414589246        3.7781530772737590       0.17945945221681808                0           0   58395.273967004177        4.5230718866207646E-004  0.50000000000000000              922  0.12504007672375989                0
         159         160  0.52009082554844766       0.13749382338007102       -6.8562166579241961E-003  0.98252657550525302        109146.58921206869        38.868446659729038        1.9684138606950374       0.57769010683356858                0           0   43100.891119047374        2.3624417772278330E-004  0.25000000000000000              862  0.17520072720853086                0
           1           2   2.0244841138268650       0.61000484406818434       -7.0741485713423660E-002  0.98738152934187551        118081.33591071346        65.056817812538299        19.444576206007969       0.49907097426074071                0           0   39839.617509086311        3.9638661146352313E-004  0.50000000000000000              704  0.12659800232312338                0
         283         284  0.18094602805437388        8.1870494517192083E-002  -1.6064068193646895E-003  0.97697797871714775        143540.44546752289        34.366892541613126        4.7282272141614747       0.27923039356615181                0           0   32773.447527785116        2.0829891525217590E-004   6.2500000000000000E-002         986  -5.2085941087037874E-002           0
         185         186  0.24628085064239766        6.9358336926096664E-002  -1.8551080494142963E-003  0.99057546901522908        130681.44545928008        34.314639623851313        9.0599729556980328       0.51976179116092469                0           0   35998.341165507023        2.0941269287605858E-004  0.50000000000000000              888  0.21730926290358596                0
         191         192  0.17819880543248182        5.0730547014061628E-002  -8.9966543292994278E-004  0.98450778698896024        174927.64032278312        37.446621017460309        21.192477869444424       0.63336265196727159                0           0   26892.921261409472        2.2782970840593575E-004  0.25000000000000000              894  0.46971707050317024                0
          71          72  0.16939743337267674        2.6319217633798585E-002  -4.7647967898261517E-004  0.96976219828091648        170003.73667627125        34.870225322542275        13.609765057672419       0.27973569375395657                0           0   27671.834452691655        1.5082883319385277E-004  0.25000000000000000              774 -0.11727199119170442                0
          53          54  0.10539273585624893        8.3691576402142989E-002  -9.4861616487088496E-004  0.98840746126056767        171334.30925667207        34.651436372167325        17.176485744337903       0.24030751018292579                0           0   27456.936547351612        2.1096666920612941E-004  0.50000000000000000              756 -0.17358877823391905                0
         245         246  0.10614450888457336        7.9534736728126665E-002  -8.8338078697462622E-004  0.97533507163214717        180155.36208468804        35.614411017835778        7.8309376533869770       0.13800948423970488                0           0   26112.546433302068        2.1568078356416255E-004  0.50000000000000000              948  0.11139301389664003                0
         331         332  0.12214104311112879        9.8521910482032543E-002  -1.1537755047203683E-003  0.97154055198387024        188414.45473505274        38.868024797675822        19.213842385825409       0.28889632582168934                0           0   24967.910579153504        2.3493249830021899E-004  0.50000000000000000             1034   6.9192744919878854E-002           0
         203         204  0.10958957416913398        5.6611292613942377E-002  -6.2817234305771752E-004  0.98494187057407623        200051.97130642890        36.805509599966030        18.086614406123548       0.11508312596599356                0           0   23515.465640870621        1.6988547057778460E-004  0.50000000000000000              906 -0.16885787186542378                0
          21          22  0.17137201111473407        1.8580527211685235E-002  -2.8964617018065918E-004  0.97725619083110171        219756.57682243298        40.968444197440832        3.6317492981694697       0.24060853703086621                0           0   21406.937283364805        1.8343950172520064E-004  0.50000000000000000              724   6.9989958387754111E-002           0
         369         370  0.35577330781196675       0.28758888866695975       -6.5923629871082615E-003  0.96841922705639494        200307.85819162280        57.839387851881206        14.828704819496048       0.42796702630974792                0           0   23485.425385280789        3.4904883910831302E-004  0.50000000000000000             1072   1.5704004262734286                0
          77          78   9.3430964505624117E-002   2.0354482771848002E-002  -1.6334883162896549E-004  0.97425183352183942        309441.22681298596        43.386459025179242        8.7156511092136970       0.58658971572038265                0           0   15202.613129787858        1.8457846561722538E-004  0.50000000000000000              780  0.84310222689423253                0
         315         316  0.30834333591613694       0.21242803698149326       -3.5544000840579989E-003  0.96932722246065328        288048.63087816222        68.675120176768687        4.4164741133202527       0.42339019375126696                0           0   16331.670257563481        4.1463143421502049E-004   3.1250000000000000E-002        1018  0.23292815068240930                0
          89          90  0.20842321107894346       0.10223825271363279       -1.3435582502014560E-003  0.98702482580270168        297769.38109927031        59.104743533761280        7.0276114525483955       0.75649831158184433                0           0   15798.519109916271        3.6005640583131949E-004  0.50000000000000000              792  0.39887258340234083                0
         155         156  0.50373356431637750       0.18870347651975347       -4.6345267489272665E-003  0.98128177235206437        293320.33962033020        76.435433608783669        8.7355048435368481       0.74821754332455603                0           0   16038.148816184937        4.6428632181207922E-004  0.50000000000000000              858  0.46017892927514065                0
         187         188  0.16652052450678573        4.4390738220572948E-002  -5.1200105471243477E-004  0.98740860044556455        313872.49940009229        53.803263366689940        6.0858116057389458       0.66589838257911205                0           0   14987.981637882163        1.5401396217716847E-004  0.50000000000000000              890  0.29451826313627694                0
         255         256   8.3811449474318997E-002   3.0344259974373743E-002  -1.9498774621546684E-004  0.99476358635673934        366335.73421504453        48.606227887337262        5.6649916453738722       0.45145742575234787                0           0   12841.540746017587        1.7373772739312873E-004  0.50000000000000000              958  0.23745606744154940                0
          93          94   8.5361728603296438E-002   7.1347741082274679E-002  -4.1080252103106030E-004  0.97812880800934654        378910.90214675880        55.249666982163497        6.4517404879312261       0.48764429867433012                0           0   12415.359998859836        1.7179347800011020E-004  0.50000000000000000              796  0.35215723168473140                0
          95         546  0.62290701776509083       0.52092362269304604       -3.7742851744262127E-003  0.93636166412620658        1958538.9492965613        320.39217507283718        4.6457171436737958       0.51671302840668243                0           0   2401.9513420115486        1.8563111369324196E-003   4.9922350612132396E-003         798  0.31200053983810105                0
          67          68  0.52597586808430075       0.46375414949012228       -9.5351984985231255E-003  0.98266064699714351        341740.68956755206        95.332992401100725        18.823765663207862       0.47092031346417035                0           0   13765.745201713413        5.7947742737167690E-004  0.50000000000000000              770   7.0755620041985240E-002           0
         213         214   8.6717284611907239E-002   1.7710005955573944E-002  -1.1427078035879827E-004  0.98213695314694749        400632.33674856107        50.085097135765906        3.9052903398394552       0.34008338552478756                0           0   11742.225542311169        1.5552041722878169E-004  0.50000000000000000              916  0.15459205082494124                0
         313         314  0.11479116130453372        5.7685466757393881E-002  -3.9453446450446250E-004  0.99253727403468150        435049.79924732697        62.547398305763593        2.5222959134297529       0.44270263037638619                0           0   10813.279918261374        1.7042172232509015E-004  0.50000000000000000             1016   7.7338487609017736E-002           0
         365         366  0.29906545429998188       0.27572229150032296       -3.4223050706489746E-003  0.97703614846779008        409915.73603235272        89.792227251814452        15.905463348115676       0.30236581972084769                0           0   11476.298283102440        5.4424978456707430E-004  0.50000000000000000             1068 -0.23614381194900169                0
         201         202  0.41909726131645580       0.36316033186407948       -5.4401348907038797E-003  0.97784193266974673        439642.50440806977        104.26124217537117        18.407664991894247       0.38645292183224528                0           0   10700.319487940789        6.3220712582260643E-004  0.50000000000000000              904   7.2106886799958456E-002           0
         171         172  0.11855449161888632       0.10910379859810015       -6.3808363105355751E-004  0.99690688946593098        502629.43037454027        75.543937317710842        4.8233497855059735       0.23551438845026884                0           0   9359.4106778413025        1.6222029374787257E-004  0.50000000000000000              874  -7.4514913013339526E-002           0
         347         348  0.19457293008789711        9.8264029982305379E-002  -8.4213227326918961E-004  0.97623178622328566        525292.62380639045        84.608893442837001        9.1761740719095251       0.36571003394706042                0           0   8955.6088253366652        5.1262384884362530E-004  0.25000000000000000             1050  0.15742210872994256                0
         343         344   9.9716206803828866E-002   3.9838043689421537E-002  -1.9541286924161294E-004  0.98547806040898511        644708.77578794607        75.758248904357316        15.031044559232091       0.55305862984557941                0           0   7296.8066114739531        4.6110969753691106E-004  0.50000000000000000             1046   1.7406546092119741                0
          99         100  0.11123848720615616        3.9011678252708890E-002  -1.9764343022701515E-004  0.98119635498491209        697449.45099556562        81.825121918085514        6.4285844652687487       0.54588861070356998                0           0   6745.0268272914218        1.9609050585244134E-004  0.25000000000000000              802  0.13246139709798671                0
         391         392  0.13558686976987694        5.7578981684498085E-002  -2.5446740011902898E-004  0.98428057182237338        1015963.8259505472        114.33226250480101        15.877140154189181       0.30106125747133655                0           0   4630.3964151906221        1.9855493643177781E-004  0.50000000000000000             1094  0.10396120973664119                0
         385         386  0.12648191059682606        5.9749107023494945E-002  -2.5030111744847215E-004  0.99192399726360403        1010156.8010307509        112.51654391747591        20.884581021124166       0.27700766818791511                0           0   4657.0148840700185        1.9971473045980897E-004  0.50000000000000000             1088   7.8801736395158646E-003           0
          41          42  0.11122608390456809        8.6847116325004775E-002  -3.0034655602715249E-004  0.97689552612968544        1076875.4069236529        119.85571002551679        3.6864371677163335       0.83588358942627661                0           0   4368.4861102769009        1.9934720720389158E-004  0.25000000000000000              744  0.52095290841987840                0
         345         346  0.55774375829353751       0.47607345656862060       -4.7923803546830179E-003  0.97923176074338625        1065819.0059203701        206.47940675782556        5.4941126787030523       0.25873088074856865                0           0   4413.8031237137029        1.2529054742208931E-003  0.50000000000000000             1048  -4.2014034769086363E-002           0
          73          74  0.94128231410560004       0.69908498357263338       -1.0547991353088345E-002  0.98595090542721642        1010924.7705775029        232.48741209934116        18.711601050566681       0.55438278196407509                0           0   4653.4770880699325        1.4155097427745917E-003  0.50000000000000000              776  0.38498113457142114                0
         285         286   8.9462339041284894E-002   4.2834040765278178E-002  -1.2838168338598593E-004  0.97556116315563901        1178106.6063545495        111.23605151706303        8.3497523971089667       0.67107978957064474                0           0   3993.1150816660524        1.4410236536712358E-004  0.50000000000000000              988  0.22702488602255094                0
         293         294  0.55382231722128972       0.12326253909399966       -1.3046202120956597E-003  0.97555013427591697        1208714.8768618368        195.00098063437505        8.2825992117730376       0.57252999579704122                0           0   3891.9974823661364        1.1809822740092247E-003  0.50000000000000000              996  0.92348579088877480                0
         123         124  0.67985937278035102       0.12376754478802159       -1.4259437356367586E-003  0.97763450747397851        1328700.8239903566        219.90890269502705        3.9576270778700127       0.58895735443936093                0           0   3540.5376234484115        1.3330674591925293E-003  0.50000000000000000              826  0.32050354397519476                0
           7           8  0.10772050310063933        1.1526931384030817E-002  -3.7943697728780554E-005  0.99082248886431246        1424470.1409572540        121.95279694780302        13.152711710080522       0.47329663755391543                0           0   3302.5018372680170        1.6260639909577266E-004   6.2500000000000000E-002         710  -9.7948713285460343E-003           0
         355         356  0.32294731613854971       0.22153041596011064       -1.4146791448691402E-003  0.98835597978780254        1280677.5733209376        188.46314208734015        9.2480136007350549       0.44069057205625378                0           0   3673.3018174480535        1.1488556879049804E-003  0.50000000000000000             1058   6.7512204514386276E-002           0
          85          86   8.0567479673496034E-002   7.0359839832317903E-002  -1.6540594186675728E-004  0.98642166572395873        1357017.8794508749        127.71821781941760        11.599306295349194       0.32461359008566071                0           0   3466.6567986181526        1.9401392259058692E-004   6.2500000000000000E-002         788  -5.6283916557673008E-002           0
         387         388  0.11696728908539532        8.3148869844046139E-002  -2.2937455936043242E-004  0.95200761861716920        1621778.1367069904        158.01374419172740        1.5305631277910048       0.73824505688636921                0           0   2900.7144387806597        6.7504538844244974E-004   1.6204882534508194E-005        1090  0.28389985175662580                0
         103         104   9.4240900685283069E-002   8.1646476448274677E-002  -1.9581474411928143E-004  0.97430932578693863        1543295.6101144454        146.43699954217337        4.2880747700536350       0.15147499298831851                0           0   3048.2269416265021        8.8618227905427590E-004  0.25000000000000000              806  -4.7124758465306379E-002           0
          65          66   8.1196656538748205E-002   3.2700733033609646E-002  -6.2627861262289943E-005  0.98184767372588766        2149336.5504112290        157.99647215383459        16.116076646557580       0.56413258215471984                0           0   2188.7290088398181        1.9363885980735446E-004  0.50000000000000000              768  0.17588952718837872                0
          15          16  0.12041882448822794        4.7134796559794988E-002  -1.1370748620294229E-004  0.97825164521118502        2263928.7909641471        186.02285177799217        16.161758202352090       0.61163444363384423                0           0   2077.9431210119114        1.1281688166013199E-003  0.50000000000000000              718  0.17906571033192570                0
         243         244  0.10897784068549871        6.2870305948584129E-002  -1.2688985103554134E-004  0.99345305026723485        2514966.0648626112        201.22235189126619        7.1865087100226033       0.38219458321761385                0           0   1870.5283237695505        1.2297376519750148E-003  0.50000000000000000              946   7.3644909560757948E-002           0
         265         266   8.4095384718170976E-002   3.6296916915751078E-002  -2.5179238786161919E-005  0.98201125846909687        10108083.572012248        451.77130096339170        2.0785983783246187       0.52945959532221398                0           0   465.40130224786617        1.8456024267990219E-003   1.0940115959746769E-003         968  0.21612825797173718                0
         127         128  0.41687934908818136       0.27898104023835063       -1.0601324713850049E-003  0.99434194081511351        3619474.9262651657        408.83142482301037        14.576205732548686       0.31578003506388330                0           0   1299.7231237899509        2.4997052625840904E-003  0.25000000000000000              830  -2.4365990867197401E-003           0
         217         218   8.1228311512873880E-002   6.5270211912634449E-002  -8.4864059256294254E-005  0.97696892315676265        3390006.8490829859        232.81876606981328        19.478544299792361       0.71638275959431541                0           0   1387.7008121435813        1.4110585494170628E-003  0.50000000000000000              920  0.32152746948839933                0
         143         144  0.25022565110097550       0.15769561095085233       -3.9893226177458845E-004  0.97378367469115990        4047244.7606835263        368.61381757316616        7.4578776251146781       0.64961007873307808                0           0   1162.3500766111972        2.2305190603367172E-003  0.50000000000000000              846  0.21680734374789565                0
          61          62  0.16574606629006447        5.1105325148539382E-002  -1.0680914848388477E-004  0.98146224652464376        3985102.7316611102        295.54272204541036        8.4448450577041374       0.45212415988541443                0           0   1180.4752786595950        1.7952874583487142E-003  0.50000000000000000              764  0.28033967055519565                0
          29          30   9.2064989403419284E-002   3.8673592252436655E-002  -4.8326417632826574E-005  0.98790084533106615        4595724.3541263249        274.56410217347485        6.4342506091168472       0.83847721495881655                0           0   1023.6286807368981        1.6733196375634911E-003  0.25000000000000000              732  0.51026431612532830                0
         405         406   8.7236661288412828E-002   5.5735761705262711E-002  -1.4072219982536795E-005  0.99445045527554632        44632234.652881853        1287.6258805654079        9.4796112034467566       0.71344365393015219                0           0   105.40174145954420        7.8733128566099032E-003  0.50000000000000000             1108   1.2959784472619649                0
          45          46   8.6894120985331738E-002   8.6164685909330241E-002  -8.2040856412477007E-005  0.98387083180607882        5506893.1944410549        340.10174038637848        6.4454824323167248       0.65869160089780121                0           0   854.25939664011355        2.0685513436049150E-003  0.50000000000000000              748  0.47182153829130496                0
         161         162   9.3309048906446132E-002   9.2827486138433946E-002  -9.1370027698300225E-005  0.98755749188172004        5621449.4479538780        353.27746200156042        5.4779748525813314       0.39846259706181986                0           0   836.85094052692432        1.6438346685807602E-003   2.6271130564477110E-005         864   7.8980827546686616E-002           0
         289         290  0.10428359770713377        2.3242149003040714E-002  -2.7029352249055728E-005  0.98098931547127444        6248204.9129371298        334.17656042658325        20.732911641793081       0.16160740844921523                0           0   752.90668651156307        1.2421758817091010E-003   8.9118771216856413E-004         992  -4.7091835433446250E-002           0
         115         116   9.5073144526220191E-002   4.6025486525321645E-002  -4.6726263478262970E-005  0.98361077625756288        6339435.9430684811        348.99124241529205        15.786516524435070       0.49520276161990778                0           0   742.07158174513086        2.1223306805025111E-003  0.25000000000000000              818  0.16988068464480763                0
         223         224  0.13901763968801717        6.0776114313866474E-002  -7.7057782383532382E-005  0.98944905849665654        6749285.1452563507        408.60687580807644        4.6804649259424842       0.31671917353212264                0           0   697.00941009302755        2.1710410214907483E-003   1.1920506657427004E-004         926   9.6418750436921996E-002           0
         199         200  0.11230093762090229        4.7925291740752780E-002  -4.9845320530023470E-005  0.98557578802919299        7365259.5215128316        402.38621163417127        10.701045478847069       0.43905015248601659                0           0   638.71683596540686        2.4494184751019071E-003  0.50000000000000000              902  0.76424715423491851                0
         373         374  0.15845034820673778       0.15233439132851201       -1.7085668227573983E-004  0.97960408330287485        7914585.4426199729        526.47593761154110        4.5707927730780114       0.40226528716710702                0           0   594.38555458787096        2.7203051634569282E-003   2.6395475112136974E-005        1076  0.11481157446864773                0
          69          70  0.10464422723177559       0.10349050793134676       -8.6377732787562200E-005  0.98042651398566583        8085705.8082159301        467.23280664956275        15.432149918037497       0.16479882933630990                0           0   581.80638391081243        2.8368343572848856E-003  0.50000000000000000              772 -0.16251727892437950                0
          51          52  0.11606384615255892        9.5064690585184505E-002  -1.2276543213329298E-004  0.98205345115529663        4872545.5793825211        334.93415447263214        7.0583801010191740       0.45619130808298286                0           0   965.47383313362923        1.9892380511386115E-004  0.50000000000000000              754   6.4450253133671462E-002           0
         267         268  0.11152016154947933        1.9237634443879208E-002  -2.0555904511665548E-005  0.97571199300424494        7747973.5994836343        388.94465020650478        4.8051049411145526       0.54839660670045498                0           0   607.16717697105776        1.6319766124655219E-003   9.8707240276890685E-004         970  0.15335083599366259                0
         367         368  0.20322917187314732       0.17631903439505672       -1.9839567320361872E-004  0.98268209792669470        10352978.969139755        673.08883380116822        14.251284158226252       0.52780565544214630                0           0   454.39242865917379        3.8971132294872242E-003   4.6529706799425512E-004        1070   1.5345928746868567                0
         305         306   8.5255713978393793E-002   1.6586699482616780E-002  -1.1931200371230782E-005  0.97557216214542408        10624387.113807641        441.69112072417624        8.3980712248115861       0.24149632952578168                0           0   442.78462439785847        2.6751951435917505E-003  0.50000000000000000             1008   7.6538355165157612E-002           0
         325         326  0.14296285691723640        1.8018411898666035E-002  -1.7591034512000332E-005  0.98525910189351285        11605238.715074902        545.71725305743564        10.481534568417997       0.38861230148581616                0           0   405.36135215676182        1.9976652747874619E-004  0.50000000000000000             1028   2.6848575750313193E-002           0
         119         120  0.12744757891135747        8.2887871857059842E-002  -6.3848789170769046E-005  0.98269985033698937        12193204.574003790        616.57973866081329        11.197474904303059       0.25176312811761759                0           0   385.81451078697370        3.7479255214838184E-003  0.50000000000000000              822   6.8417916804912382E-002           0
         133         134  0.13034205300579016        4.8697333779162973E-002  -3.8327339301831010E-005  0.98104957588621977        13234774.389950195        617.16374506695558        3.4054841242721676       0.50903045574770422                0           0   355.45111076596646        3.1987937497011281E-003   6.1186586030296554E-004         836  0.21177825722263066                0
          17          18   8.8310858010865509E-002   3.6165089814597706E-002  -2.2321003472730643E-005  0.98140412768925933        12747100.610456508        533.22349031307033        11.950074024925954       0.35179933854126788                0           0   369.04982563531280        3.2391129273980847E-003  0.50000000000000000              720  -4.3130535115546556E-002           0
         275         276  0.13196141201412448        6.9014568623332620E-002  -4.7733755641666208E-005  0.97887113582755936        15446864.599230994        711.01941915716657        7.1294273577275700       0.43071581773900713                0           0   304.54822902241034        3.7298294001942007E-003   6.1855265770422233E-004         978  0.36992371507863464                0
         399         400  0.17014458503807270        6.6018282057290864E-002  -2.6984251455199407E-005  0.99072243110845881        45922062.542159237        1551.2839944266607        14.610579648504622       0.21726342399049556                0           0   102.44128850540886        7.3839435609988286E-003   1.0150751445882000E-004        1102 -0.12795851087792726                0
         157         158  0.17882018552997023        8.7937108552675433E-002  -4.2075425985865383E-005  0.98506355102447252        36757958.117987961        1392.7704282375669        3.8033283846710915       0.36991025338836081                0           0   127.98086451223875        4.5113121889298995E-003   2.9578379016023372E-004         860   3.5855223664530943E-003           0
         145         146  0.11284151051838727        7.1741434973604884E-002  -2.4259840026610344E-005  0.99380426790130671        37282065.833599314        1243.5703351856994        7.9928785978565946       0.41380618627796634                0           0   126.18172175977283        3.2209239810409417E-003   1.5151748991012863E-004         848  0.14691127385811886                0
         221         222  0.10685030920939192        6.9974509155263417E-002  -3.1626020566047643E-005  0.98475053553326819        22714556.459127463        881.02946082423080        16.123321063813421       0.24237533988258891                0           0   207.10575027558653        4.7261293497744342E-003   4.4382039899534986E-005         924 -0.19326761778293933                0
