 1031586   1   373 108   0      1.6   7.73   4.63  5.516     0.0  -0.2148   0.0000
  -1.117645   0.000000   0.245611   0.096985  -0.663599   0.060150   0.000000   0.000000   0.000000   0.000000
   0.00000   0.00000   0.13613   0.02862   0.00000  -1.11764   0.00000   0.00000  -0.87203   0.66276   0.19282   0.00000   0.00000
 NAME(I1)    NAME(I2)    M1[M*]                    M2[M*]                    EB[NB]                    ECC                       P[Days]                   SEMI[AU]                  RI[PC]                    VI[km/s]                  K*(I1)      K*(I2)      ZN[NB]                    RP[NB]                    STEP(I1)[NB]              NAME(ICM)                 ECM[NB]                   K*(ICM)      
           3           4   8.7970317491499028E-002   4.9196061553816367E-002  -9.2897646351125171E-004  0.98018963898304645        71340.815372945974        17.361255191394889        3.6298950834382020       0.20480762931594515                0           0   65941.428242054317        1.0539810829294615E-004  0.50000000000000000              706   6.6998133575617291E-002           0
          59          60  0.52934127945164156       0.11516011942956719       -3.1001072744619322E-002  0.99635260950274573        9025.0375450904266        7.3279160146024838        14.205749777972594       0.91162880963821225                0           0   521251.59969045070        4.4850020571511419E-005  0.50000000000000000              762   1.3849468827343103                0
          63          64  0.11284127030153632        5.3401276685359052E-002  -1.4468849236327175E-003  0.97984293960292113        54774.265105649982        15.520472950299069        13.528977048091063       0.36616420296231234                0           0   85885.502043175962        9.4206442072616631E-005  0.25000000000000000              766  0.19063284574652931                0
          83          84  0.10272953417562042        4.1373672231505683E-002  -1.2819188696754095E-003  0.97370419826673227        41789.837138321200        12.356008093958177        16.503355741251351       0.41572481289481084                0           0   112570.79662870750        7.4766174595093939E-005  0.12500000000000000              786  0.30831558925519775                0
         131         132   8.4797441590329786E-002   6.4637458177469395E-002  -7.7121942017657882E-004  0.98912831439601701        128788.41655396212        26.485513546867381        6.8262285185605709       0.44909370531064424                0           0   36527.471829531067        1.6151620773559698E-004   3.9062500000000000E-003         834  0.10918211756586782                0
         137         138  0.13717930409073115       0.13193897190263901       -4.0334545728335997E-003  0.97817964388784162        48147.574536657077        16.722602131164937        7.8167703034967957       0.31020657445898941                0           0   97706.173216745112        1.0141787278782275E-004  0.50000000000000000              840  0.59679417011720137                0
         167         168  0.11739175763496201        6.6852661947444644E-002  -1.3371095085191684E-003  0.97921691183512483        87047.450602289726        21.873015901955345        14.693652004761834       0.70026907239151626                0           0   54043.113555826756        1.3272323952673876E-004  0.25000000000000000              870  0.41160783049204092                0
         177         178  0.17518944591650459       0.15841447355487015       -4.8844045916293037E-002  0.97081544669269548        1948.4551180766894        2.1174370246531056       0.46252215592674473       0.79623056187697150                0           0   2414382.1502485364        1.2793853451865820E-005  0.25000000000000000              880  0.48177113134567168                0
         181         182  0.16494482085752635        4.8117280213717237E-002  -2.2342341753636167E-003  0.98308070947828008        38113.841390388654        13.238244572811659        3.1640891327656653       0.33642079115785667                0           0   123428.00111539195        8.0485139620415977E-005  0.50000000000000000              884   3.0653185670054525E-002           0
         193         194  0.13607741833753259        1.4509867592654014E-002  -3.3139095177587647E-004  0.98026160729439438        98477.807758994706        22.203845682541278        15.414162644085771       0.78154346948716535                0           0   47770.308506030713        1.3480179630591914E-004  0.50000000000000000              896   1.0815255322859121                0
         195         196  0.23980714281985319       0.16746154432118399       -1.7866781603804005E-002  0.96643523058497638        13874.745800257982        8.3762612435180923        11.252550152616656        1.0238905383946511                0           0   339055.96004197007        5.0498069052990366E-005  0.50000000000000000              898  0.79244552622119202                0
         207         208   9.9440827635248155E-002   5.0100703362626467E-002  -8.7683211256005204E-003  0.98112175417415370        2910.2243960466299        2.1174416066239212        2.8342298938945931       0.72564688178368619                0           0   1616478.5313583727        1.2860786271453537E-005  0.25000000000000000              910  0.45399957808060348                0
         225         226  0.11258739991983015        4.7810171057872303E-002  -9.4939383745014589E-004  0.98185672257896206        88575.957032427817        21.129198100363176        15.390146106525620       0.72919295451262167                0           0   53110.521356517827        1.2838083044770557E-004  0.50000000000000000              928   1.0220109104737789                0
         235         236   9.9158490776633662E-002   3.5661683213779022E-002  -5.1301121046354124E-003  0.96614283730650707        4095.4263718306088        2.5687641194955386        2.5076133760655921       0.32969953364952587                0           0   1148675.3345151674        1.5484037106406675E-005   3.1250000000000000E-002         938   8.4287948865089307E-002           0
         249         250   8.3325272192247987E-002   6.4931060179189190E-002  -5.9417119074347373E-003  0.97581540753508467        5929.7866670524481        3.3934150410168407        15.514031596314076       0.42239014142510023                0           0   793336.34104971308        2.0555510157367267E-005  0.25000000000000000              952   1.2425288167841437                0
         271         272  0.13618545113931463       0.10282415591629936       -1.7643068358636144E-003  0.98806680624688603        120181.93023047518        29.578155387187675        7.3249030960840065       0.48299000939104186                0           0   39143.282593508091        1.8027976026539725E-004  0.25000000000000000              974   9.3157476499266340E-002           0
         287         288   8.8414603939471620E-002   4.2704642040310346E-002  -5.8515194294090581E-004  0.98093659039144399        118941.02246670357        24.046383900145148        2.3865642443797537       0.59896661667068973                0           0   39551.663169548527        1.4603779329379048E-004  0.25000000000000000              990  0.19598652052313820                0
         291         292  0.10251315781699964        2.9651563345757474E-002  -1.1831110334550475E-003  0.98075559013170377        29765.556837160901        9.5746088155111213        12.521588330617627       0.58845659594888589                0           0   158045.59892431262        5.8142920318824777E-005   3.1250000000000000E-002         994  0.23388974548886712                0
         303         304  0.77980953382043972       0.33783563817501155       -5.2382472905160467E-002  0.97671789874474535        28033.625192942258        18.742492285908785        4.9920269155992854       0.63377874664757039                0           0   167809.73653129677        1.1358394461059082E-004  0.25000000000000000             1006  0.23213314809531083                0
         311         312  0.16827131513595273       0.11782564957455051       -9.1314488263872420E-003  0.97485864189666582        15717.300866973132        8.0915100549741776        16.532972237841648       0.15606382875432023                0           0   299308.08714936365        4.8990345746074786E-005  0.50000000000000000             1014 -0.12931510887114106                0
         321         322  0.12252965187021556        4.0765808550071510E-002  -1.0952504619379879E-003  0.97557453106160041        63331.226025514967        16.995860241612995        17.073902309183769       0.41494748410639071                0           0   74281.133539866772        1.0293936416602254E-004  0.50000000000000000             1024  0.71934391361812278                0
         323         324  0.13577855073708561        2.1714876777924844E-002  -1.0672784058174505E-003  0.97737634574565457        30402.145619620234        10.295090097572151        13.922003896970597       0.66472807915939447                0           0   154736.29119810546        6.2411468000077191E-005  0.25000000000000000             1026  0.36419717289118708                0
         337         338  0.14234346256931027        4.8688670540606271E-002  -2.7220309402593351E-003  0.98436219341894415        24424.438780536861        9.4883723855236379        12.746410253243443       0.40486268464286357                0           0   192606.89262565569        5.7724153992768256E-005  0.50000000000000000             1040   1.4563215664507838                0
         363         364   8.0030474895858961E-002   2.5241398542184282E-002  -3.2505135387658957E-004  0.96900162088983910        125469.53716214608        23.159872534501439        12.557986847441091       0.71074418004868078                0           0   37493.684634903126        1.3980643129274424E-004  0.50000000000000000             1066  0.54673624570963852                0
         371         372   9.0756420354949963E-002   8.9399293653254358E-002  -1.4941626717007766E-003  0.97790038526241019        78336.750524128642        20.236383406048532        10.339552076146575       0.47070100653144148                0           0   60052.468683849453        1.2271064128272370E-004  0.50000000000000000             1074  0.26854819290429138                0
         383         384   9.3433970454860987E-002   6.5975786712685114E-002  -2.9999592269293533E-003  0.97176827062077331        19385.313257799193        7.6576121486429507        10.118804086890684       0.46791763378509205                0           0   242674.19334851863        4.6290742961604388E-005  0.50000000000000000             1086  0.46663186297486481                0
         395         396  0.10118924464727580        7.2387835402996439E-002  -4.0679476328368365E-003  0.98184110250843104        15239.121285685993        6.7103307468978812        8.5042800321316125       0.49350544028334992                0           0   308699.90266850201        4.0771591993552411E-005  0.50000000000000000             1098   6.1826588795870205E-002           0
         401         402  0.11008182267075275        8.1520559788653676E-002  -2.1754919003101718E-003  0.98946501741247106        50292.904508829961        15.372504553420699        7.5636391367707043       0.41848320250259191                0           0   93538.349069078395        9.3761781152373525E-005  0.50000000000000000             1104  0.13767412438361085                0
         219         220   5.9461379470541447        2.5291364086335988      -0.75299076982192070       0.98221912150944157        80559.862777643633        74.428097414589246        6.2217538098986260       0.18774894422369598                0           0   58395.273967004177        4.5230718866207646E-004  0.50000000000000000              922  0.12483853556210328                0
         159         160  0.52009082554844766       0.13749382338007102       -6.8562166579241961E-003  0.98252657550525302        109146.58921206869        38.868446659729038        2.5603627052493758       0.57753912291020337                0           0   43100.891119047374        2.3624417772278330E-004  0.25000000000000000              862  0.18224151488551676                0
           1           2   2.0244841138268650       0.61000484406818434       -7.0741485713423660E-002  0.98738152934187551        118081.33591071346        65.056817812538299        16.253333555371462       0.49158842857568785                0           0   39839.617509086311        3.9638661146352313E-004  0.50000000000000000              704  0.12674471325144021                0
         283         284  0.18094602805437388        8.1870494517192083E-002  -1.6064068193646895E-003  0.97697797871714775        143540.44546752289        34.366892541613126        5.1886328469232703       0.28475964046388719                0           0   32773.447527785116        2.0829891525217590E-004   6.2500000000000000E-002         986  -5.1250157373961956E-002           0
         185         186  0.24628085064239766        6.9358336926096664E-002  -1.8551080494142963E-003  0.99057546901522908        130681.44545928008        34.314639623851313        8.4433278872347675       0.52714709277587413                0           0   35998.341165507023        2.0941269287605858E-004  0.50000000000000000              888  0.21747145393402326                0
         191         192  0.17819880543248182        5.0730547014061628E-002  -8.9966543292994278E-004  0.98450778698896024        174927.64032278312        37.446621017460309        17.960613430788367       0.62861970577975168                0           0   26892.921261409472        2.2782970840593575E-004  0.25000000000000000              894  0.46980208705930926                0
          71          72  0.16939743337267674        2.6319217633798585E-002  -4.7647967898261517E-004  0.96976219828091648        170003.73667627125        34.870225322542275        11.194736660928006       0.27569333991382572                0           0   27671.834452691655        1.5082883319385277E-004  0.25000000000000000              774 -0.11773565085476292                0
          53          54  0.10539273585624893        8.3691576402142989E-002  -9.4861616487088496E-004  0.98840746126056767        171334.30925667207        34.651436372167325        13.993594191308004       0.25043666031913736                0           0   27456.936547351612        2.1096666920612941E-004  0.50000000000000000              756 -0.17149732488140021                0
         245         246  0.10614450888457336        7.9534736728126665E-002  -8.8338078697462622E-004  0.97533507163214717        180155.36208468804        35.614411017835778        9.0245648582544842       0.15530942625069602                0           0   26112.546433302068        2.1568078356416255E-004  0.50000000000000000              948  0.11118933737930620                0
         331         332  0.12214104311112879        9.8521910482032543E-002  -1.1537755047203683E-003  0.97154055198387024        188414.45473505274        38.868024797675822        16.573799381252208       0.29009145354738020                0           0   24967.910579153504        2.3493249830021899E-004  0.50000000000000000             1034   6.9157776174059604E-002           0
         203         204  0.10958957416913398        5.6611292613942377E-002  -6.2817234305771752E-004  0.98494187057407623        200051.97130642890        36.805509599966030        14.947857182415264       0.12781808680118922                0           0   23515.465640870621        1.6988547057778460E-004  0.50000000000000000              906 -0.16868359824435092                0
          21          22  0.17137201111473407        1.8580527211685235E-002  -2.8964617018065918E-004  0.97725619083110171        219756.57682243298        40.968444197440832        3.3800125615457781       0.24054883899143564                0           0   21406.937283364805        1.8343950172520064E-004  0.25000000000000000              724   6.7925691003922151E-002           0
         369         370  0.35577330781196675       0.28758888866695975       -6.5923629871082615E-003  0.96841922705639494        200307.85819162280        57.839387851881206        14.034835260612420       0.41421567256705577                0           0   23485.425385280789        3.4904883910831302E-004  0.50000000000000000             1072   1.5689919866097812                0
          77          78   9.3430964505624117E-002   2.0354482771848002E-002  -1.6334883162896549E-004  0.97425183352183942        309441.22681298596        43.386459025179242        10.272173044841836       0.56652171354023417                0           0   15202.613129787858        1.8457846561722538E-004  0.50000000000000000              780  0.84490723534621059                0
         315         316  0.30834333591613694       0.21242803698149326       -3.5544000840579989E-003  0.96932722246065328        288048.63087816222        68.675120176768687        7.2209862683782493       0.40367641238532631                0           0   16331.670257563481        4.1463143421502049E-004   3.1250000000000000E-002        1018  0.21172063035745387                0
          89          90  0.20842321107894346       0.10223825271363279       -1.3435582502014560E-003  0.98702482580270168        297769.38109927031        59.104743533761280        6.3195358617706230       0.75710586654943590                0           0   15798.519109916271        3.6005640583131949E-004  0.50000000000000000              792  0.39951401118062208                0
         155         156  0.50373356431637750       0.18870347651975347       -4.6345267489272665E-003  0.98128177235206437        293320.33962033020        76.435433608783669        10.658320846918215       0.73333285175565699                0           0   16038.148816184937        4.6428632181207922E-004  0.50000000000000000              858  0.45977020927653695                0
         187         188  0.16652052450678573        4.4390738220572948E-002  -5.1200105471243477E-004  0.98740860044556455        313872.49940009229        53.803263366689940        5.6780900936849790       0.66691822599866946                0           0   14987.981637882163        1.5401396217716847E-004  0.50000000000000000              890  0.29319801059776140                0
         255         256   8.3811449474318997E-002   3.0344259974373743E-002  -1.9498774621546684E-004  0.99476358635673934        366335.73421504453        48.606227887337262        8.8296548684082801       0.45410884896674397                0           0   12841.540746017587        1.7373772739312873E-004  0.50000000000000000              958  0.23890485074960210                0
          93          94   8.5361728603296438E-002   7.1347741082274679E-002  -4.1080252103106030E-004  0.97812880800934654        378910.90214675880        55.249666982163497        9.4042808392255370       0.46559911367645546                0           0   12415.359998859836        1.7179347800011020E-004  0.50000000000000000              796  0.35132203888161340                0
          95         546  0.62290701776509083       0.52092362269304604       -3.7742837534246424E-003  0.93637430818260148        1958540.0553688775        320.39229569911049        7.5255910236386203       0.51738068928266079                0           0   2401.9499855256918        9.5551622667539265E-004   1.2337203976423696E-003         798  0.31877321815280685                0
          67          68  0.52597586808430075       0.46375414949012228       -9.5351984985231255E-003  0.98266064699714351        341740.68956755206        95.332992401100725        16.105126175034567       0.45188381856960352                0           0   13765.745201713413        5.7947742737167690E-004  0.50000000000000000              770   7.0837684614410090E-002           0
         213         214   8.6717284611907239E-002   1.7710005955573944E-002  -1.1427078035879827E-004  0.98213695314694749        400632.33674856107        50.085097135765906        3.7795601286946527       0.34505023075964314                0           0   11742.225542311169        1.5552041722878169E-004  0.25000000000000000              916  0.15268099526950737                0
         313         314  0.11479116130453372        5.7685466757393881E-002  -3.9453446450446250E-004  0.99253727403468150        435049.79924732697        62.547398305763593        2.5940567412307538       0.43335999024144706                0           0   10813.279918261374        1.7042172232509015E-004  0.50000000000000000             1016   7.7355672406299744E-002           0
         365         366  0.29906545429998188       0.27572229150032296       -3.4223050706489746E-003  0.97703614846779008        409915.73603235272        89.792227251814452        13.550883482478252       0.29693927671985221                0           0   11476.298283102440        5.4424978456707430E-004  0.50000000000000000             1068 -0.23625051948612980                0
         201         202  0.41909726131645580       0.36316033186407948       -5.4401348907038797E-003  0.97784193266974673        439642.50440806977        104.26124217537117        15.618500042960150       0.38834225136542389                0           0   10700.319487940789        6.3220712582260643E-004  0.50000000000000000              904   7.1975600429587352E-002           0
         171         172  0.11855449161888632       0.10910379859810015       -6.3808363105355751E-004  0.99690688946593098        502629.43037454027        75.543937317710842        4.0470960419078770       0.23562444755683035                0           0   9359.4106778413025        1.6222029374787257E-004  0.50000000000000000              874  -7.3888178678470917E-002           0
         347         348  0.19457293008789711        9.8264029982305379E-002  -8.4213227326918961E-004  0.97623178622328566        525292.62380639045        84.608893442837001        5.9927469642430307       0.38231250695659913                0           0   8955.6088253366652        5.1262384884362530E-004  0.25000000000000000             1050  0.15722228206784286                0
         343         344   9.9716206803828866E-002   3.9838043689421537E-002  -1.9541286924161294E-004  0.98547806040898511        644708.77578794607        75.758248904357316        14.266908021369661       0.56456153031547951                0           0   7296.8066114739531        4.6110969753691106E-004  0.50000000000000000             1046   1.7372646184917744                0
          99         100  0.11123848720615616        3.9011678252708890E-002  -1.9764343022701515E-004  0.98119635498491209        697449.45099556562        81.825121918085514        9.0096852167947930       0.54646608130627372                0           0   6745.0268272914218        1.9609050585244134E-004  0.25000000000000000              802  0.13384874231750976                0
         391         392  0.13558686976987694        5.7578981684498085E-002  -2.5446740011902898E-004  0.98428057182237338        1015963.8259505472        114.33226250480101        12.809330215671832       0.31019332182986137                0           0   4630.3964151906221        1.9855493643177781E-004  0.50000000000000000             1094  0.10374017936997083                0
         385         386  0.12648191059682606        5.9749107023494945E-002  -2.5030111744847215E-004  0.99192399726360403        1010156.8010307509        112.51654391747591        17.612789689259831       0.27600539310575439                0           0   4657.0148840700185        1.9971473045980897E-004  0.50000000000000000             1088   7.6280461949415814E-003           0
          41          42  0.11122608390456809        8.6847116325004775E-002  -3.0034655602715249E-004  0.97689552612968544        1076875.4069236529        119.85571002551679        1.4313947475494031       0.83479058514013738                0           0   4368.4861102769009        1.9934720720389158E-004  0.25000000000000000              744  0.52045505482652465                0
         345         346  0.55774375829353751       0.47607345656862060       -4.7923803546830179E-003  0.97923176074338625        1065819.0059203701        206.47940675782556        2.6205272944412039       0.25326610522655613                0           0   4413.8031237137029        1.2529054742208931E-003  0.50000000000000000             1048  -4.2335532578070302E-002           0
          73          74  0.94128231410560004       0.69908498357263338       -1.0547991353088345E-002  0.98595090542721642        1010924.7705775029        232.48741209934116        16.516092548261724       0.53565936051523322                0           0   4653.4770880699325        1.4155097427745917E-003  0.50000000000000000              776  0.38515785937116426                0
         285         286   8.9462339041284894E-002   4.2834040765278178E-002  -1.2838168338598593E-004  0.97556116315563901        1178106.6063545495        111.23605151706303        9.2380854895871778       0.66818568410933932                0           0   3993.1150816660524        1.4410236536712358E-004  0.50000000000000000              988  0.22760397038526936                0
         293         294  0.55382231722128972       0.12326253909399966       -1.3046202120956597E-003  0.97555013427591697        1208714.8768618368        195.00098063437505        9.4718951160859479       0.54482516739120623                0           0   3891.9974823661364        1.1809822740092247E-003  0.50000000000000000              996  0.92286517556276371                0
         123         124  0.67985937278035102       0.12376754478802159       -1.4259437356367586E-003  0.97763450747397851        1328700.8239903566        219.90890269502705        6.9719833417495014       0.57893087965963475                0           0   3540.5376234484115        1.3330674591925293E-003  0.50000000000000000              826  0.32055318971075464                0
           7           8  0.10772050310063933        1.1526931384030817E-002  -3.7943697728780554E-005  0.99082248886431246        1424470.1409572540        121.95279694780302        12.093209352670145       0.46656790831139350                0           0   3302.5018372680170        1.6260639909577266E-004   6.2500000000000000E-002         710  -9.6917411197196823E-003           0
         355         356  0.32294731613854971       0.22153041596011064       -1.4146791448691402E-003  0.98835597978780254        1280677.5733209376        188.46314208734015        6.2642517109483284       0.43770756907170388                0           0   3673.3018174480535        1.1488556879049804E-003  0.50000000000000000             1058   6.7312502931217044E-002           0
          85          86   8.0567479673496034E-002   7.0359839832317903E-002  -1.6540594186675728E-004  0.98642166572395873        1357017.8794508749        127.71821781941760        8.8553090826019698       0.31607639232748330                0           0   3466.6567986181526        1.9401392259058692E-004   6.2500000000000000E-002         788  -5.6287854482580627E-002           0
         387         388  0.11696728908539532        8.3148869844046139E-002  -2.2937348139529890E-004  0.96131561723170866        1621789.5692993440        158.01448679416697        3.1034834350069413       0.56673890958091744                0           0   2900.6939905755789        9.4940103709495970E-004   1.9800788442757666E-005        1090  0.16930406981077589                0
         103         104   9.4240900685283069E-002   8.1646476448274677E-002  -1.9581474411928143E-004  0.97430932578693863        1543295.6101144454        146.43699954217337        3.4177953500076659       0.15699741760296315                0           0   3048.2269416265021        8.8618227905427590E-004  0.25000000000000000              806  -5.0733795210761656E-002           0
          65          66   8.1196656538748205E-002   3.2700733033609646E-002  -6.2627861262289943E-005  0.98184767372588766        2149336.5504112290        157.99647215383459        13.199661068994940       0.55870387144108524                0           0   2188.7290088398181        1.9363885980735446E-004  0.50000000000000000              768  0.17595530325320485                0
          15          16  0.12041882448822794        4.7134796559794988E-002  -1.1370748620294229E-004  0.97825164521118502        2263928.7909641471        186.02285177799217        12.978997424352414       0.59831880741364951                0           0   2077.9431210119114        1.1281688166013199E-003  0.50000000000000000              718  0.17963745415663807                0
         243         244  0.10897784068549871        6.2870305948584129E-002  -1.2688985103554134E-004  0.99345305026723485        2514966.0648626112        201.22235189126619        9.4253130784462691       0.37616353177497780                0           0   1870.5283237695505        1.2297376519750148E-003  0.50000000000000000              946   7.3484109029445674E-002           0
         403         404  0.17519688796893346        3.8994197612049461E-002  -1.0593115685736930E-004  0.98389298168561634        2940509.0717390548        240.33775308321154        17.528265144676055       0.41557298766200285                0           0   1599.8302140460908        1.3067123990541511E-003   3.5761686717370280E-004        1106  0.14540563533361861                0
         127         128  0.41687934908818136       0.27898104023835063       -1.0601324713850049E-003  0.99434194081511351        3619474.9262651657        408.83142482301037        13.011728563191655       0.29826940822283049                0           0   1299.7231237899509        2.4997052625840904E-003  0.25000000000000000              830  -2.3387727202746206E-003           0
         217         218   8.1228311512873880E-002   6.5270211912634449E-002  -8.4864059256294254E-005  0.97696892315676265        3390006.8490829859        232.81876606981328        16.513853486364589       0.73415955141821365                0           0   1387.7008121435813        1.4110585494170628E-003  0.50000000000000000              920  0.32162507302610888                0
         143         144  0.25022565110097550       0.15769561095085233       -3.9893226177458845E-004  0.97378367469115990        4047244.7606835263        368.61381757316616        8.7779238567690818       0.64586317848036312                0           0   1162.3500766111972        2.2305190603367172E-003  0.50000000000000000              846  0.21810604824938137                0
          61          62  0.16574606629006447        5.1105325148539382E-002  -1.0680914848388477E-004  0.98146224652464376        3985102.7316611102        295.54272204541036        6.4841799407414795       0.44425998162464597                0           0   1180.4752786595950        1.7952874583487142E-003  0.50000000000000000              764  0.28012421452279113                0
          29          30   9.2064989403419284E-002   3.8673592252436655E-002  -4.8326417632826574E-005  0.98790084533106615        4595724.3541263249        274.56410217347485        6.0765318802099459       0.83218734489428714                0           0   1023.6286807368981        1.6733196375634911E-003  0.25000000000000000              732  0.51034680402913557                0
         405         406   8.7236661288412828E-002   5.5735761705262711E-002  -1.4072219982536795E-005  0.99445045527554632        44632234.652881853        1287.6258805654079        9.9313136703963849       0.68404858172130523                0           0   105.40174145954420        7.8733128566099032E-003  0.50000000000000000             1108   1.2956295418332076                0
          45          46   8.6894120985331738E-002   8.6164685909330241E-002  -8.2040856412477007E-005  0.98387083180607882        5506893.1944410549        340.10174038637848        7.2817596971538796       0.64703763852568519                0           0   854.25939664011355        2.0685513436049150E-003  0.50000000000000000              748  0.47189056219672382                0
         161         162   9.3309048906446132E-002   9.2827486138433946E-002  -9.1370357210073967E-005  0.98843122848340503        5621419.0387681471        353.27618796601234        6.9073650569403933       0.47183077066164747                0           0   836.85546748986815        2.1329142307632831E-003   3.0255334990096081E-005         864  0.12958352076725699                0
         289         290  0.10428359770713377        2.3242149003040714E-002  -2.7029319839481687E-005  0.98098913862947412        6248216.1508292602        334.17696112182989        17.608518277091544       0.16287018155134214                0           0   752.90533235160387        8.4923088516600991E-004   7.2307696434989032E-004         992  -4.6494327381697030E-002           0
         115         116   9.5073144526220191E-002   4.6025486525321645E-002  -4.6726263478262970E-005  0.98361077625756288        6339435.9430684811        348.99124241529205        13.172773981888538       0.48425509740149458                0           0   742.07158174513086        2.1223306805025111E-003  0.25000000000000000              818  0.16990797867222401                0
         223         224  0.13901763968801717        6.0776114313866474E-002  -7.7057730763215677E-005  0.98945986239822692        6749291.9271903299        408.60714953033801        4.2897771419734143       0.32772367617970444                0           0   697.00870971262418        2.4681677443815879E-003   2.5376176653435007E-004         926  0.10072298961397626                0
         199         200  0.11230093762090229        4.7925291740752780E-002  -4.9845320530023470E-005  0.98557578802919299        7365259.5215128316        402.38621163417127        9.2626596821741423       0.39587750795419208                0           0   638.71683596540686        2.4494184751019071E-003  0.50000000000000000              902  0.76405230116240574                0
         373         374  0.15845034820673778       0.15233439132851201       -1.7085668875357118E-004  0.97951660586812017        7914584.9925116152        526.47591765082234        3.9607448116822273       0.40183611205335368                0           0   594.38558839102120        3.1879851249233273E-003   1.1452548434632691E-004        1076  0.10674689629317907                0
          69          70  0.10464422723177559       0.10349050793134676       -8.6377732787562200E-005  0.98042651398566583        8085705.8082159301        467.23280664956275        12.459307268557751       0.16657847108143273                0           0   581.80638391081243        2.8368343572848856E-003  0.50000000000000000              772 -0.16229742772523814                0
          51          52  0.11606384615255892        9.5064690585184505E-002  -1.2276543213329298E-004  0.98205345115529663        4872545.5793825211        334.93415447263214        5.1325732812217275       0.45483612907407311                0           0   965.47383313362923        1.9892380511386115E-004  0.50000000000000000              754   6.4375516596611781E-002           0
         267         268  0.11152016154947933        1.9237634443879208E-002  -2.0555885960810068E-005  0.97570972052976934        7747984.0878350884        388.94500121331663        2.5045842011711108       0.54571981417525828                0           0   607.16635505626402        1.4594309405950392E-003   9.3242219384730011E-004         970  0.15271784638810793                0
         367         368  0.20322917187314732       0.17631903439505672       -1.9839343316135067E-004  0.98268548723734483        10353154.311455153        673.09643358617041        13.399980682591606       0.52326849780352425                0           0   454.38473301221029        1.9621932654527940E-003   3.2841946162114673E-004        1070   1.5334820230008224                0
         305         306   8.5255713978393793E-002   1.6586699482616780E-002  -1.1931200371230782E-005  0.97557216214542408        10624387.113807641        441.69112072417624        11.735744349417541       0.25254888566527117                0           0   442.78462439785847        2.6751951435917505E-003  0.50000000000000000             1008   7.7611514999095368E-002           0
         325         326  0.14296285691723640        1.8018411898666035E-002  -1.7591034512000332E-005  0.98525910189351285        11605238.715074902        545.71725305743564        8.2751267897521661       0.38184451529538999                0           0   405.36135215676182        1.9976652747874619E-004  0.50000000000000000             1028   2.6737669689879943E-002           0
         119         120  0.12744757891135747        8.2887871857059842E-002  -6.3848789170769046E-005  0.98269985033698937        12193204.574003790        616.57973866081329        10.032925242224842       0.25342314711341551                0           0   385.81451078697370        3.7479255214838184E-003  0.25000000000000000              822   6.8125580384828022E-002           0
         133         134  0.13034205300579016        4.8697333779162973E-002  -3.8327423920842190E-005  0.98105166904236663        13234730.560514664        617.16238249727303        5.3946292292008051       0.49042390349307519                0           0   355.45228791282807        3.6513942510811681E-003   6.5430427830673462E-004         836  0.21054668489487530                0
          17          18   8.8310858010865509E-002   3.6165089814597706E-002  -2.2321003472730643E-005  0.98140412768925933        12747100.610456508        533.22349031307033        9.3335872165515639       0.35858256808135869                0           0   369.04982563531280        3.2391129273980847E-003  0.50000000000000000              720  -4.3175152396919950E-002           0
         275         276  0.13196141201412448        6.9014568623332620E-002  -4.7733809660458801E-005  0.97886194374063251        15446838.378170548        711.01861451972388        9.7771048213108376       0.42356877609730614                0           0   304.54874599406020        3.8666039262185395E-003   6.2959789344580006E-004         978  0.37041438969298779                0
         221         222  0.10685030920939192        6.9974509155263417E-002  -3.1625402732486191E-005  0.98458922740926047        22715222.089410819        881.04667260724352        13.027695607032522       0.21094887412840310                0           0   207.09968139989169        4.7936510542529029E-003   4.5401063117426543E-005         924 -0.19926801873114453                0
         157         158  0.17882018552997023        8.7937108552675433E-002  -4.2075765615306612E-005  0.98507104283719948        36757513.061573610        1392.7591859978743        5.6594220998125273       0.37119605728214866                0           0   127.98241409217276        7.4600238186268040E-003   3.7942132766094776E-004         860   6.1976943127066923E-003           0
         145         146  0.11284151051838727        7.1741434973604884E-002  -2.4259707546842926E-005  0.99379406843353391        37282371.224305950        1243.5771261953789        10.733010852019326       0.41407551651788238                0           0   126.18068816872413        7.5658412488636209E-003   2.3097103137171049E-004         848  0.14793212096189204                0
         399         400  0.17014458503807270        6.6018282057290864E-002  -2.6984360380697097E-005  0.99072628898022186        45921784.487849317        1551.2777324890505        11.663612182835964       0.22259241145298944                0           0   102.44190878273692        9.2516876456719167E-003   1.1318922058420192E-004        1102 -0.12822218007003675                0
         265         266   8.4095384718170976E-002   3.6296916915751078E-002  -2.5179300758632609E-005  0.98201240130443179        10108046.254304338        451.77018904277190        2.9915408891948987       0.51577424510126801                0           0   465.40302045427535        2.3699789177579812E-003   3.8814985271871548E-005         968  0.21586017582751071                0
