 122 440   1   452 102   0      0.4   0.46   4.88  5.724     0.0  -0.2385   0.0000
  -1.209976   0.000000   0.288333   0.062472  -0.571267   0.053723   0.000000   0.000000   0.000000   0.000000
   0.00000   0.00000   0.15108   0.03386   0.00000  -1.20998   0.00000   0.00000  -0.92164   0.77512   0.21060   0.00000   0.00000
 NAME(I1)    NAME(I2)    M1[M*]                    M2[M*]                    EB[NB]                    ECC                       P[Days]                   SEMI[AU]                  RI[PC]                    VI[km/s]                  K*(I1)      K*(I2)      ZN[NB]                    RP[NB]                    STEP(I1)[NB]              NAME(ICM)                 ECM[NB]                   K*(ICM)      
           3           4   8.7970317491499028E-002   4.9196061553816367E-002  -9.2897646351125171E-004  0.98018963898304645        71340.815372945974        17.361255191394889        7.5797287176072636       0.17758411800712842                0           0   65941.428242054317        1.0539810829294615E-004  0.25000000000000000              706  0.11166046540200303                0
          57          58   8.8793517676333700E-002   7.4789808565780366E-002  -1.3944536633748324E-003  0.99288618157622466        67519.482439442989        17.747571380570307        13.791752221851658       0.60587180494893034                0           0   69673.449613065080        1.0843421479498632E-004  0.50000000000000000              760   1.1535333690369332                0
          59          60  0.52934127945164156       0.11516011942956719       -3.1001072744619322E-002  0.99635260950274573        9025.0375450904266        7.3279160146024838        17.351127430354257       0.80943327144697352                0           0   521251.59969045070        4.4850020571511419E-005  0.50000000000000000              762   1.4517756933643371                0
          63          64  0.11284127030153632        5.3401276685359052E-002  -1.4468849236327175E-003  0.97984293960292113        54774.265105649982        15.520472950299069        12.024444338420089       0.39212971526481921                0           0   85885.502043175962        9.4206442072616631E-005  0.25000000000000000              766  0.23326216155413745                0
          83          84  0.10272953417562042        4.1373672231505683E-002  -1.2819188696754095E-003  0.97370419826673227        41789.837138321200        12.356008093958177        13.967007116257200       0.35480883136499325                0           0   112570.79662870750        7.4766174595093939E-005  0.50000000000000000              786  0.23222168418272909                0
          87          88  0.10306885414503236        3.0345968261083246E-002  -4.1821248241819420E-003  0.98428134930470224        4652.7998571211401        2.7870887101701558        15.212263322508543       0.30322322008359098                0           0   1011071.9141389197        1.6955045282497800E-005  0.25000000000000000              790   8.8205454959277313E-002           0
         105         106  0.12790761581087476        8.1406408734692293E-002  -3.3640542461646258E-002  0.96974758674909145        989.02684361157492        1.1534833915785283        18.488150503939643       0.33015548834264802                0           0   4756509.1767037120        6.9657331703446991E-006  0.50000000000000000              808  0.11608501971241020                0
         131         132   8.4797441590329786E-002   6.4637458177469395E-002  -7.7121942017657882E-004  0.98912831439601701        128788.41655396212        26.485513546867381        7.9201749324058373       0.45536456682993770                0           0   36527.471829531067        1.6151620773559698E-004  0.25000000000000000              834  0.12283907517276996                0
         137         138  0.13717930409073115       0.13193897190263901       -4.0334545728335997E-003  0.97817964388784162        48147.574536657077        16.722602131164937        11.773521164110925       0.17605658754701789                0           0   97706.173216745112        1.0141787278782275E-004  0.50000000000000000              840  0.66853192310370924                0
         167         168  0.11739175763496201        6.6852661947444644E-002  -1.3371095085191684E-003  0.97921691183512483        87047.450602289726        21.873015901955345        12.753111499658054       0.67431799796396596                0           0   54043.113555826756        1.3272323952673876E-004  0.50000000000000000              870  0.41894684556326289                0
         177         178  0.17518944591650459       0.15841447355487015       -4.8844045916293037E-002  0.97081544669269548        1948.4551180766894        2.1174370246531056        3.7391274801174190       0.80599013070489622                0           0   2414382.1502485364        1.2793853451865820E-005  0.50000000000000000              880  0.50992620998001159                0
         181         182  0.16494482085752635        4.8117280213717237E-002  -2.2342341753636167E-003  0.98308070947828008        38113.841390388654        13.238244572811659        5.2615970879271785       0.30735599117261658                0           0   123428.00111539195        8.0485139620415977E-005  0.25000000000000000              884   5.1508537856767470E-002           0
         193         194  0.13607741833753259        1.4509867592654014E-002  -3.3139095177587647E-004  0.98026160729439438        98477.807758994706        22.203845682541278        15.670061508945205       0.70702817179869715                0           0   47770.308506030713        1.3480179630591914E-004  0.50000000000000000              896   1.1946574879404273                0
         195         196  0.23980714281985319       0.16746154432118399       -1.7866781603804005E-002  0.96643523058497638        13874.745800257982        8.3762612435180923        11.025608383734930       0.98371675186664498                0           0   339055.96004197007        5.0498069052990366E-005  0.50000000000000000              898  0.74842370199083108                0
         207         208   9.9440827635248155E-002   5.0100703362626467E-002  -8.7683211256005204E-003  0.98112175417415370        2910.2243960466299        2.1174416066239212        3.9541232510605013       0.74189932616256060                0           0   1616478.5313583727        1.2860786271453537E-005  0.50000000000000000              910  0.45608715607678052                0
         225         226  0.11258739991983015        4.7810171057872303E-002  -9.4939383745014589E-004  0.98185672257896206        88575.957032427817        21.129198100363176        15.881556906404212       0.61999821086861440                0           0   53110.521356517827        1.2838083044770557E-004  0.50000000000000000              928   1.1140122745446157                0
         235         236   9.9158490776633662E-002   3.5661683213779022E-002  -5.1301121046354124E-003  0.96614283730650707        4095.4263718306088        2.5687641194955386        6.9530685040047340       0.29586156928817048                0           0   1148675.3345151674        1.5484037106406675E-005  0.25000000000000000              938  0.12616521841193082                0
         239         240   8.3253089810449737E-002   5.9845060969569666E-002  -7.4110620056441019E-004  0.97866503909393976        121080.59857328323        25.053451414275163        15.735320904307605       0.47231202967819375                0           0   38852.758518512826        1.5197941044801133E-004  0.50000000000000000              942  0.14838891619013320                0
         247         248  0.12867704596478571        5.6124925773135610E-002  -4.8755267774440045E-002  0.97148621675522984        348.47281385192167       0.55201979559906922        18.954144502882066       0.61589530158507455                0           0   13499805.639483234        3.3365167437779866E-006  0.25000000000000000              950  0.54683357178358716                0
         249         250   8.3325272192247987E-002   6.4931060179189190E-002  -5.9417119074347373E-003  0.97581540753508467        5929.7866670524481        3.3934150410168407        16.418658667692817       0.50817804035063041                0           0   793336.34104971308        2.0555510157367267E-005  0.50000000000000000              952   1.3355998570502514                0
         271         272  0.13618545113931463       0.10282415591629936       -1.7643068358636144E-003  0.98806680624688603        120181.93023047518        29.578155387187675        6.6256457542353209       0.50171995515348200                0           0   39143.282593508091        1.8027976026539725E-004  0.50000000000000000              974   8.5799033006723563E-002           0
         287         288   8.8414603939471620E-002   4.2704642040310346E-002  -5.8515194294090581E-004  0.98093659039144399        118941.02246670357        24.046383900145148        2.9956618663905039       0.61512126935760147                0           0   39551.663169548527        1.4603779329379048E-004  0.50000000000000000              990  0.21400660229560625                0
         291         292  0.10251315781699964        2.9651563345757474E-002  -1.1831110334550475E-003  0.98075559013170377        29765.556837160901        9.5746088155111213        9.2533584479015705       0.59191743045825462                0           0   158045.59892431262        5.8142920318824777E-005   6.2500000000000000E-002         994  0.24135349441058015                0
         303         304  0.77980953382043972       0.33783563817501155       -5.2382472905160467E-002  0.97671789874474535        28033.625192942258        18.742492285908785        5.9256361913277988       0.63511372772718555                0           0   167809.73653129677        1.1358394461059082E-004  0.50000000000000000             1006  0.23038274909163955                0
         311         312  0.16827131513595273       0.11782564957455051       -9.1314488263872420E-003  0.97485864189666582        15717.300866973132        8.0915100549741776        14.438802896576124       0.17769457891011803                0           0   299308.08714936365        4.8990345746074786E-005  0.50000000000000000             1014 -0.14228591824842884                0
         321         322  0.12252965187021556        4.0765808550071510E-002  -1.0952504619379879E-003  0.97557453106160041        63331.226025514967        16.995860241612995        16.652922114571179       0.45169479340454477                0           0   74281.133539866772        1.0293936416602254E-004  0.50000000000000000             1024  0.78504989444059192                0
         323         324  0.13577855073708561        2.1714876777924844E-002  -1.0672784058174505E-003  0.97737634574565457        30402.145619620234        10.295090097572151        12.036135682258459       0.60244707146882714                0           0   154736.29119810546        6.2411468000077191E-005  0.50000000000000000             1026  0.38851853752266752                0
         337         338  0.14234346256931027        4.8688670540606271E-002  -2.7220309402593351E-003  0.98436219341894415        24424.438780536861        9.4883723855236379        16.304757882055618       0.46449902435810975                0           0   192606.89262565569        5.7724153992768256E-005  0.50000000000000000             1040   1.5594075853220548                0
         357         358   7.9717634398698847E-002   3.5168480550120958E-002  -1.1543449013877967E-003  0.99034897964864510        29342.295402160125        9.0508997532508531        13.601263166852856       0.51009294387609050                0           0   160325.40035359471        5.5228836842580753E-005  0.50000000000000000             1060  0.89604595119600217                0
         363         364   8.0030474895858961E-002   2.5241398542184282E-002  -3.2505135387658957E-004  0.96900162088983910        125469.53716214608        23.159872534501439        9.9403663569082248       0.68419141853703913                0           0   37493.684634903126        1.3980643129274424E-004  0.50000000000000000             1066  0.47870571755308167                0
         371         372   9.0756420354949963E-002   8.9399293653254358E-002  -1.4941626717007766E-003  0.97790038526241019        78336.750524128642        20.236383406048532        7.8993283706348079       0.39897368838707137                0           0   60052.468683849453        1.2271064128272370E-004  0.50000000000000000             1074  0.20538824213115722                0
         383         384   9.3433970454860987E-002   6.5975786712685114E-002  -2.9999592269293533E-003  0.97176827062077331        19385.313257799193        7.6576121486429507        12.531025239657474       0.52084798946608235                0           0   242674.19334851863        4.6290742961604388E-005  0.50000000000000000             1086  0.51609776890943637                0
         395         396  0.10118924464727580        7.2387835402996439E-002  -4.0679476328368365E-003  0.98184110250843104        15239.121285685993        6.7103307468978812        7.4259641988474208       0.47351543418029246                0           0   308699.90266850201        4.0771591993552411E-005  0.50000000000000000             1098   5.7991274713139203E-002           0
         401         402  0.11008182267075275        8.1520559788653676E-002  -2.1754919003101718E-003  0.98946501741247106        50292.904508829961        15.372504553420699        9.4679499360514399       0.47128990229352019                0           0   93538.349069078395        9.3761781152373525E-005  0.50000000000000000             1104  0.16336042570202405                0
         219         220   5.9461379470541447        2.5291364086335988      -0.75299076982192070       0.98221912150944157        80559.862777643633        74.428097414589246        9.4284381625497815       0.25012936375704353                0           0   58395.273967004177        4.5230718866207646E-004  0.25000000000000000              922  0.17429754092226682                0
         159         160  0.52009082554844766       0.13749382338007102       -6.8562166579241961E-003  0.98252657550525302        109146.58921206869        38.868446659729038        4.8573519099079245       0.56838410324168265                0           0   43100.891119047374        2.3624417772278330E-004  0.25000000000000000              862  0.22661366576871494                0
           1           2   2.0244841138268650       0.61000484406818434       -7.0741485713423660E-002  0.98738152934187551        118081.33591071346        65.056817812538299        14.009567515146898       0.46269313807957868                0           0   39839.617509086311        3.9638661146352313E-004  0.25000000000000000              704  0.10267292343776019                0
         283         284  0.18094602805437388        8.1870494517192083E-002  -1.6064068193646895E-003  0.97697797871714775        143540.44546752289        34.366892541613126        5.2233564401586063       0.30339631597182704                0           0   32773.447527785116        2.0829891525217590E-004  0.25000000000000000              986  -4.4208008306457616E-002           0
         185         186  0.24628085064239766        6.9358336926096664E-002  -1.8551080494142963E-003  0.99057546901522908        130681.44545928008        34.314639623851313        10.249660547148153       0.56550553288549044                0           0   35998.341165507023        2.0941269287605858E-004  0.25000000000000000              888  0.25151096780930154                0
         191         192  0.17819880543248182        5.0730547014061628E-002  -8.9966543292994278E-004  0.98450778698896024        174927.64032278312        37.446621017460309        15.833807156564056       0.61883451818277735                0           0   26892.921261409472        2.2782970840593575E-004  0.25000000000000000              894  0.50378095504988885                0
          71          72  0.16939743337267674        2.6319217633798585E-002  -4.7647967898261517E-004  0.96976219828091648        170003.73667627125        34.870225322542275        10.036633147917970       0.26590021813774695                0           0   27671.834452691655        1.5082883319385277E-004  0.25000000000000000              774 -0.14212415095099429                0
          53          54  0.10539273585624893        8.3691576402142989E-002  -9.4861616487088496E-004  0.98840746126056767        171334.30925667207        34.651436372167325        12.293998965357115       0.30404845434408545                0           0   27456.936547351612        2.1096666920612941E-004  0.25000000000000000              756 -0.17117900439461031                0
         245         246  0.10614450888457336        7.9534736728126665E-002  -8.8338078697462622E-004  0.97533507163214717        180155.36208468804        35.614411017835778        12.367036426524793       0.22804219776624260                0           0   26112.546433302068        2.1568078356416255E-004  0.25000000000000000              948  0.14735725002659411                0
         331         332  0.12214104311112879        9.8521910482032543E-002  -1.1537755047203683E-003  0.97154055198387024        188414.45473505274        38.868024797675822        13.574846026349995       0.29865968091904038                0           0   24967.910579153504        2.3493249830021899E-004  0.25000000000000000             1034   2.9087977388879256E-002           0
         203         204  0.10958957416913398        5.6611292613942377E-002  -6.2817234305771752E-004  0.98494187057407623        200051.97130642890        36.805509599966030        13.041188540487296       0.16949364559969396                0           0   23515.465640870621        1.6988547057778460E-004  0.25000000000000000              906 -0.19232076369599457                0
          21          22  0.17137201111473407        1.8580527211685235E-002  -2.8964617018065918E-004  0.97725619083110171        219756.57682243298        40.968444197440832        7.7723181716814391       0.25012522506728474                0           0   21406.937283364805        1.8343950172520064E-004  0.25000000000000000              724   9.7764953446646347E-002           0
         369         370  0.35577330781196675       0.28758888866695975       -6.5923629871082615E-003  0.96841922705639494        200307.85819162280        57.839387851881206        17.379546095322347       0.47141062664882449                0           0   23485.425385280789        3.4904883910831302E-004  0.25000000000000000             1072   1.6861164159732369                0
          77          78   9.3430964505624117E-002   2.0354482771848002E-002  -1.6334883162896549E-004  0.97425183352183942        309441.22681298596        43.386459025179242        13.701416932263406       0.51576346469676626                0           0   15202.613129787858        1.8457846561722538E-004  0.25000000000000000              780  0.92483680819556713                0
         315         316  0.30834333591613694       0.21242803698149326       -3.5544000840579989E-003  0.96932722246065328        288048.63087816222        68.675120176768687        10.103078930742077       0.37311742792582192                0           0   16331.670257563481        4.1463143421502049E-004  0.25000000000000000             1018  0.22560791182949796                0
          89          90  0.20842321107894346       0.10223825271363279       -1.3435582502014560E-003  0.98702482580270168        297769.38109927031        59.104743533761280        7.4569831853501860       0.77543762049486686                0           0   15798.519109916271        3.6005640583131949E-004  0.25000000000000000              792  0.42956929525202042                0
         155         156  0.50373356431637750       0.18870347651975347       -4.6345267489272665E-003  0.98128177235206437        293320.33962033020        76.435433608783669        11.416301633032493       0.67494428444210341                0           0   16038.148816184937        4.6428632181207922E-004  0.25000000000000000              858  0.41868234490644640                0
         187         188  0.16652052450678573        4.4390738220572948E-002  -5.1200105471243477E-004  0.98740860044556455        313872.49940009229        53.803263366689940        7.1185924699393457       0.68019160674429979                0           0   14987.981637882163        1.5401396217716847E-004  0.25000000000000000              890  0.30862775776595319                0
         255         256   8.3811449474318997E-002   3.0344259974373743E-002  -1.9498774621546684E-004  0.99476358635673934        366335.73421504453        48.606227887337262        11.306686344163142       0.47089016899303421                0           0   12841.540746017587        1.7373772739312873E-004  0.25000000000000000              958  0.28386148147667467                0
          93          94   8.5361728603296438E-002   7.1347741082274679E-002  -4.1080252103106030E-004  0.97812880800934654        378910.90214675880        55.249666982163497        13.035012690597986       0.38123499265454869                0           0   12415.359998859836        1.7179347800011020E-004  0.25000000000000000              796  0.39382541537457849                0
          95         546  0.62290701776509083       0.52092362269304604       -3.7742800149044809E-003  0.93634027650493723        1958542.9653450595        320.39261305581226        10.487743797733248       0.50623091692037248                0           0   2401.9464167414621        1.9018664213236219E-003   6.4405127491831747E-004         798  0.37161173996856783                0
          67          68  0.52597586808430075       0.46375414949012228       -9.5351984985231255E-003  0.98266064699714351        341740.68956755206        95.332992401100725        16.815855893637366       0.39672282031462691                0           0   13765.745201713413        5.7947742737167690E-004  0.25000000000000000              770  0.11796793088895266                0
         213         214   8.6717284611907239E-002   1.7710005955573944E-002  -1.1427078035879827E-004  0.98213695314694749        400632.33674856107        50.085097135765906        8.0848209587433484       0.36289681820351016                0           0   11742.225542311169        1.5552041722878169E-004  0.25000000000000000              916  0.17888304142972092                0
         313         314  0.11479116130453372        5.7685466757393881E-002  -3.9453446450446250E-004  0.99253727403468150        435049.79924732697        62.547398305763593        4.7857283711441756       0.38825175400941847                0           0   10813.279918261374        1.7042172232509015E-004  0.25000000000000000             1016   9.1807802463734406E-002           0
         365         366  0.29906545429998188       0.27572229150032296       -3.4223050706489746E-003  0.97703614846779008        409915.73603235272        89.792227251814452        13.535352645346082       0.29108294283925229                0           0   11476.298283102440        5.4424978456707430E-004  0.25000000000000000             1068 -0.23217055224794747                0
         201         202  0.41909726131645580       0.36316033186407948       -5.4401348907038797E-003  0.97784193266974673        439642.50440806977        104.26124217537117        13.257542734052228       0.39170131349505921                0           0   10700.319487940789        6.3220712582260643E-004  0.25000000000000000              904   4.8298904338463497E-002           0
         171         172  0.11855449161888632       0.10910379859810015       -6.3808363105355751E-004  0.99690688946593098        502629.43037454027        75.543937317710842        2.9498472641002751       0.23027458987729610                0           0   9359.4106778413025        1.6222029374787257E-004  0.25000000000000000              874  -8.2229476060315485E-002           0
         347         348  0.19457293008789711        9.8264029982305379E-002  -8.4213227326918961E-004  0.97623178622328566        525292.62380639045        84.608893442837001        5.8212264534059734       0.43607988949497956                0           0   8955.6088253366652        5.1262384884362530E-004   6.2500000000000000E-002        1050  0.17563233146618557                0
         343         344   9.9716206803828866E-002   3.9838043689421537E-002  -1.9541286924161294E-004  0.98547806040898511        644708.77578794607        75.758248904357316        17.443650140130853       0.65249754447566155                0           0   7296.8066114739531        4.6110969753691106E-004  0.25000000000000000             1046   1.8206122560544649                0
          55          56   8.3915877860446200E-002   1.7498204653530233E-002  -7.7740196882517218E-005  0.96898154446861051        677342.13462491788        70.390059717499767        13.555007750365071       0.14933945279856814                0           0   6945.2570823012566        1.8325936041652929E-004  0.25000000000000000              758 -0.19788929930470184                0
          99         100  0.11123848720615616        3.9011678252708890E-002  -1.9764343022701515E-004  0.98119635498491209        697449.45099556562        81.825121918085514        10.473971474635057       0.54324866223316859                0           0   6745.0268272914218        1.9609050585244134E-004  0.25000000000000000              802  0.14263152060568429                0
         391         392  0.13558686976987694        5.7578981684498085E-002  -2.5446740011902898E-004  0.98428057182237338        1015963.8259505472        114.33226250480101        12.716334540397266       0.36728486526073922                0           0   4630.3964151906221        1.9855493643177781E-004  0.25000000000000000             1094  0.14409726405970560                0
         385         386  0.12648191059682606        5.9749107023494945E-002  -2.5030111744847215E-004  0.99192399726360403        1010156.8010307509        112.51654391747591        14.116041958863672       0.28176358578036265                0           0   4657.0148840700185        1.9971473045980897E-004  0.25000000000000000             1088  -1.0832648947347695E-002           0
          41          42  0.11122608390456809        8.6847116325004775E-002  -3.0034655602715249E-004  0.97689552612968544        1076875.4069236529        119.85571002551679        3.5135466165860150       0.81617537078932667                0           0   4368.4861102769009        1.9934720720389158E-004  0.25000000000000000              744  0.51184623100636051                0
         345         346  0.55774375829353751       0.47607345656862060       -4.7923803546830179E-003  0.97923176074338625        1065819.0059203701        206.47940675782556        2.2714326545427705       0.23751131262815089                0           0   4413.8031237137029        1.2529054742208931E-003  0.50000000000000000             1048  -3.1242641632729343E-002           0
          73          74  0.94128231410560004       0.69908498357263338       -1.0547991353088345E-002  0.98595090542721642        1010924.7705775029        232.48741209934116        13.520030052564376       0.47281621464935564                0           0   4653.4770880699325        1.4155097427745917E-003  0.25000000000000000              776  0.32393301163699617                0
         285         286   8.9462339041284894E-002   4.2834040765278178E-002  -1.2838168338598593E-004  0.97556116315563901        1178106.6063545495        111.23605151706303        8.6161063113501744       0.65083282525193620                0           0   3993.1150816660524        1.4410236536712358E-004  0.25000000000000000              988  0.21708250809098883                0
         293         294  0.55382231722128972       0.12326253909399966       -1.3046202120956597E-003  0.97555013427591697        1208714.8768618368        195.00098063437505        13.175834779902814       0.46195983566608079                0           0   3891.9974823661364        1.1809822740092247E-003  0.25000000000000000              996  0.99372564318129131                0
         123         124  0.67985937278035102       0.12376754478802159       -1.4259437356367586E-003  0.97763450747397851        1328700.8239903566        219.90890269502705        10.128309985469492       0.52926185909030243                0           0   3540.5376234484115        1.3330674591925293E-003  0.25000000000000000              826  0.34851831626141400                0
           7           8  0.10772050310063933        1.1526931384030817E-002  -3.7943697728780554E-005  0.99082248886431246        1424470.1409572540        121.95279694780302        9.1479796864027048       0.43252887737894058                0           0   3302.5018372680170        1.6260639909577266E-004  0.25000000000000000              710  -2.5239116244828164E-002           0
         355         356  0.32294731613854971       0.22153041596011064       -1.4146791448691402E-003  0.98835597978780254        1280677.5733209376        188.46314208734015        6.8397591039048065       0.41370641840611372                0           0   3673.3018174480535        1.1488556879049804E-003  0.25000000000000000             1058   6.7197155923917062E-002           0
         117         118  0.40216802461087314       0.11268199431891886       -9.3948131643061938E-004  0.97690707695788359        1226845.1060164988        179.76007936485891        14.988940582425034       0.54938381039568396                0           0   3834.4818221751120        1.0894929361876689E-003  0.25000000000000000              820  0.95913400706109586                0
          85          86   8.0567479673496034E-002   7.0359839832317903E-002  -1.6540594186675728E-004  0.98642166572395873        1357017.8794508749        127.71821781941760        6.7587692763921385       0.29768612621582502                0           0   3466.6567986181526        1.9401392259058692E-004  0.25000000000000000              788  -7.2670631184770518E-002           0
          47          48   9.8900608463481726E-002   3.1153535981132970E-002  -9.0443949087021743E-005  0.96929450295796848        1448762.9164048610        126.95392421516813        15.890790871803901       0.81920375484381358                0           0   3247.1256714098058        1.9207619232510233E-004  0.25000000000000000              750  0.40675773722172326                0
         387         388  0.11696728908539532        8.3148869844046139E-002  -2.2937137637217157E-004  0.98798280554385420        1621811.8949646319        158.01593694960664        7.8176397367765791       0.43879421361397447                0           0   2900.6540599749105        9.6186697579884843E-004   7.9926873293328907E-005        1090  0.18412883623130868                0
         103         104   9.4240900685283069E-002   8.1646476448274677E-002  -1.9581474411928143E-004  0.97430932578693863        1543295.6101144454        146.43699954217337        6.4744049103280874       0.16257348873445712                0           0   3048.2269416265021        8.8618227905427590E-004  0.25000000000000000              806  -4.4060991878346806E-002           0
         215         216   9.9764396033006283E-002   5.7531129034738331E-002  -1.3467170227244636E-004  0.99202500142069505        1843377.2888768672        158.82594977762659        17.566114917438480       0.27942520493882433                0           0   2552.0089056272404        1.9606910170443681E-004  0.25000000000000000              918 -0.28027487392739359                0
          65          66   8.1196656538748205E-002   3.2700733033609646E-002  -6.2627861262289943E-005  0.98184767372588766        2149336.5504112290        157.99647215383459        10.392510730381565       0.55438528495066908                0           0   2188.7290088398181        1.9363885980735446E-004  0.50000000000000000              768  0.14601765564337948                0
          15          16  0.12041882448822794        4.7134796559794988E-002  -1.1370748620294229E-004  0.97825164521118502        2263928.7909641471        186.02285177799217        12.176690676925491       0.57223652221722288                0           0   2077.9431210119114        1.1281688166013199E-003  0.25000000000000000              718  0.22035418365505527                0
         243         244  0.10897784068549871        6.2870305948584129E-002  -1.2688985103554134E-004  0.99345305026723485        2514966.0648626112        201.22235189126619        11.733599924634563       0.34568378987421061                0           0   1870.5283237695505        1.2297376519750148E-003  0.50000000000000000              946   8.9696122335879827E-002           0
          37          38  0.10983277472157330        9.0349772612143470E-002  -1.6313461273031012E-004  0.98167519740275366        2786284.6185355540        226.68993556755197        15.982344321272421       0.58326008537398133                0           0   1688.3828831949368        1.3772225981147541E-003  0.50000000000000000              740  -8.2937428662408552E-002           0
         403         404  0.17519688796893346        3.8994197612049461E-002  -1.0593121929876322E-004  0.98389784130057079        2940506.4718049727        240.33761141558591        13.357451129160445       0.46549412906684701                0           0   1599.8316285823751        1.4555157095879475E-003   7.5802433511350904E-004        1106  0.13020794282982223                0
         127         128  0.41687934908818136       0.27898104023835063       -1.0601324713850049E-003  0.99434194081511351        3619474.9262651657        408.83142482301037        11.674716615208528       0.23776636605709506                0           0   1299.7231237899509        2.4997052625840904E-003  0.25000000000000000              830   2.8450438702657815E-002           0
         217         218   8.1228311512873880E-002   6.5270211912634449E-002  -8.4864059256294254E-005  0.97696892315676265        3390006.8490829859        232.81876606981328        15.133480147295662       0.77884890799149276                0           0   1387.7008121435813        1.4110585494170628E-003  0.50000000000000000              920  0.28211649382209303                0
         175         176   8.2952047495663137E-002   3.6571247402372269E-002  -5.1727450280958686E-005  0.99014100865804899        3413592.4425394102        218.55721506950357        15.459237916442087       0.57853339498567158                0           0   1378.1127468588984        2.4536219981100780E-004   7.9119162522267681E-004         878   3.9872692249392411E-002           0
         143         144  0.25022565110097550       0.15769561095085233       -3.9893226177458845E-004  0.97378367469115990        4047244.7606835263        368.61381757316616        8.2333095590178491       0.62643367682851259                0           0   1162.3500766111972        2.2305190603367172E-003  0.25000000000000000              846  0.20719298827159499                0
          61          62  0.16574606629006447        5.1105325148539382E-002  -1.0680914848388477E-004  0.98146224652464376        3985102.7316611102        295.54272204541036        9.2213547062854531       0.42594657198130348                0           0   1180.4752786595950        1.7952874583487142E-003  0.25000000000000000              764  0.31626365307923399                0
          29          30   9.2064989403419284E-002   3.8673592252436655E-002  -4.8326417632826574E-005  0.98790084533106615        4595724.3541263249        274.56410217347485        5.8942266549443998       0.79065399931799729                0           0   1023.6286807368981        1.6733196375634911E-003  0.25000000000000000              732  0.46458203736757497                0
         237         238  0.17519413512811899        4.8620481183886892E-002  -9.6133046925272949E-005  0.99516489023133436        4632593.2409340926        330.20636827131904        17.570525750622988       0.55943618756741320                0           0   1015.4820449326151        1.9984115928462558E-004  0.50000000000000000              940  0.71365231878351287                0
         147         148  0.31456825641218544       0.25964081492902225       -6.6243600918377415E-004  0.98456015427272825        4747337.3481747657        459.47645601886813        15.588655568219288       0.45821865849573751                0           0   990.93763780099937        1.9668248657376449E-004  0.50000000000000000              850  0.11994066949133902                0
         399         400  0.17014458503807270        6.6018282057290864E-002  -2.6982739025721224E-005  0.99085554754249283        45925923.613542601        1551.3709465941174        10.433329280329122       0.23500151005694672                0           0   102.43267609010172        9.2944742940126463E-003   5.5388315034852777E-005        1102 -0.15296873956449983                0
         281         282   8.0478030877779258E-002   1.6466831233086777E-002  -1.7957731288788616E-005  0.98262793072228261        5350085.1131176222        275.01427903745582        14.394726507099683       0.52944605800141875                0           0   879.29727437615406        1.6496537136718814E-003   2.3352960960186398E-003         984  0.45091823984602297                0
          45          46   8.6894120985331738E-002   8.6164685909330241E-002  -8.2040856412477007E-005  0.98387083180607882        5506893.1944410549        340.10174038637848        9.4565261708399646       0.60646667121164044                0           0   854.25939664011355        2.0685513436049150E-003  0.50000000000000000              748  0.51235591978118433                0
         161         162   9.3309048906446132E-002   9.2827486138433946E-002  -9.1369946136054200E-005  0.98808979903398664        5621456.9750155332        353.27777735802596        7.7488827913276186       0.50665660649297817                0           0   836.84981999382182        1.9414927105434155E-003   9.3568665934941450E-004         864  0.15884470638588699                0
         309         310  0.10545420084030525        5.3264404142991120E-002  -5.7855495593977865E-005  0.98363597107776712        6309425.5400360068        361.80592593708820        13.737547862347409       0.52613756560634817                0           0   745.60120058377254        2.2003001492994592E-003  0.25000000000000000             1012  -2.5283711788483099E-002           0
         189         190  0.11107991559331475        5.1209466390144058E-002  -5.9401457297079668E-005  0.98671314114777653        6112335.9088638304        356.86834591407722        18.288734623664375       0.14636130743847753                0           0   769.64278923590894        2.1736268209196817E-003  0.25000000000000000              892 -0.14509780101406905                0
         289         290  0.10428359770713377        2.3242149003040714E-002  -2.7029362654322596E-005  0.98098603552959973        6248201.3049589768        334.17643178143783        14.717313443975241       0.16416893458109158                0           0   752.90712127202335        1.1954224607734136E-003   8.7467671744323363E-004         992  -5.9764604320985820E-002           0
         115         116   9.5073144526220191E-002   4.6025486525321645E-002  -4.6726263478262970E-005  0.98361077625756288        6339435.9430684811        348.99124241529205        10.859946637002972       0.44697076256107143                0           0   742.07158174513086        2.1223306805025111E-003  0.25000000000000000              818  0.19403463818455374                0
         223         224  0.13901763968801717        6.0776114313866474E-002  -7.7058531131821839E-005  0.98944481221697100        6749186.7751597976        408.60290553126435        8.1180408586133517       0.39197475907285545                0           0   697.01956907739907        1.0504643913058014E-004   1.6682253870988433E-004         926  0.15380031871139158                0
         299         300   9.2079428251349071E-002   8.2023039557947389E-002  -6.9096117892173675E-005  0.98687518267444485        7196710.0116143981        407.34666168201170        17.373298848836285       0.11864579923321618                0           0   653.67581159345207        1.2272931539225097E-003   7.5835490377658204E-004        1002 -0.35649902610993139                0
         199         200  0.11230093762090229        4.7925291740752780E-002  -4.9845320530023470E-005  0.98557578802919299        7365259.5215128316        402.38621163417127        12.866738739901615       0.25789203327162075                0           0   638.71683596540686        2.4494184751019071E-003  0.50000000000000000              902  0.84843804402408973                0
         373         374  0.15845034820673778       0.15233439132851201       -1.7085715362235695E-004  0.97952559513830773        7914552.6914846906        526.47448521316664        7.0903985036797259       0.44989888976257242                0           0   594.38801420908601        3.1515421037484181E-003   4.5636398671014674E-004        1076  0.13838476112518050                0
          69          70  0.10464422723177559       0.10349050793134676       -8.6377732787562200E-005  0.98042651398566583        8085705.8082159301        467.23280664956275        12.310546943869038       0.18031696960790883                0           0   581.80638391081243        2.8368343572848856E-003  0.50000000000000000              772 -0.15168830467394764                0
         267         268  0.11152016154947933        1.9237634443879208E-002  -2.0549628320895746E-005  0.97571182013913360        7751523.4062515683        389.06344022963663        4.6735984927567609       0.52453916502688602                0           0   606.88912502679852        1.7028755720629571E-003   1.0217543611162859E-003         970  0.14435645576726630                0
         183         184  0.10185732075756881        5.4219839429199369E-002  -4.3501470637554891E-005  0.97496557350954549        9514136.0136334170        473.11407926356412        16.718428747334627       0.32898068222580851                0           0   494.45532951217507        2.8372605517362429E-003   7.6663506697673397E-005         886   1.2686116526334850                0
         265         266   8.4095384718170976E-002   3.6296916915751078E-002  -2.5177899455771694E-005  0.98208094505064814        10108890.127196215        451.79533279471570        6.3952456077350126       0.45563834140964810                0           0   465.36416940457383        2.7386231231560148E-003   1.3587424449295591E-003         968  0.24307480578575227                0
         367         368  0.20322917187314732       0.17631903439505672       -1.9839454547070594E-004  0.98271041309366003        10353067.243328638        673.09265983594810        16.788320722971118       0.54751251820669378                0           0   454.38855433650861        1.9014335728664339E-003   1.6160368646462713E-004        1070   1.6155990436442769                0
         305         306   8.5255713978393793E-002   1.6586699482616780E-002  -1.1931200371230782E-005  0.97557216214542408        10624387.113807641        441.69112072417624        14.229260783998603       0.30530933184231679                0           0   442.78462439785847        2.6751951435917505E-003  0.25000000000000000             1008  0.11434415665979937                0
         325         326  0.14296285691723640        1.8018411898666035E-002  -1.7591034512000332E-005  0.98525910189351285        11605238.715074902        545.71725305743564        6.1117787175057874       0.34215064638674703                0           0   405.36135215676182        1.9976652747874619E-004  0.12500000000000000             1028   2.7409661441159396E-002           0
         119         120  0.12744757891135747        8.2887871857059842E-002  -6.3848789170769046E-005  0.98269985033698937        12193204.574003790        616.57973866081329        6.3039489982771935       0.27737488262910853                0           0   385.81451078697370        3.7479255214838184E-003  0.25000000000000000              822   2.6310181608488720E-002           0
         133         134  0.13034205300579016        4.8697333779162973E-002  -3.8327016487668294E-005  0.98105827647933075        13234941.597653842        617.16894320695917        9.5445419905792157       0.41006983221854132                0           0   355.44662006507815        1.1157291627887267E-003   3.6580415496080201E-004         836  0.23984410443396223                0
          17          18   8.8310858010865509E-002   3.6165089814597706E-002  -2.2321003472730643E-005  0.98140412768925933        12747100.610456508        533.22349031307033        9.9334992504867259       0.37288887211619759                0           0   369.04982563531280        3.2391129273980847E-003  0.25000000000000000              720  -4.7292537267692031E-002           0
         275         276  0.13196141201412448        6.9014568623332620E-002  -4.7733777236009580E-005  0.97882892563949297        15446854.117192492        711.01909749819947        12.359123180013396       0.40716918428317134                0           0   304.54843568496034        3.1214506121525964E-003   5.6388392567830120E-004         978  0.41838955398367367                0
         221         222  0.10685030920939192        6.9974509155263417E-002  -3.1625631840580856E-005  0.98404188673781323        22714975.253307104        881.04028997035300        11.477547763284704       0.17166121433048659                0           0   207.10193188345451        4.4079775119566234E-003   4.4212498740906026E-005         924 -0.22826039972012513                0
         157         158  0.17882018552997023        8.7937108552675433E-002  -4.2075720970707980E-005  0.98508685693398523        36757571.564130954        1392.7606637901358        7.3295330468714210       0.37312987201029746                0           0   127.98221039812549        8.1979466349001422E-003   3.9752008084218234E-004         860   2.4559586702901599E-002           0
         145         146  0.11284151051838727        7.1741434973604884E-002  -2.4259751753792059E-005  0.99377306042013769        37282269.318534970        1243.5748601066191        13.203100627617349       0.40393168948051317                0           0   126.18103306565627        7.4455359364035264E-003   4.5862477155824409E-004         848  0.16487503745294052                0
         405         406   8.7236661288412828E-002   5.5735761705262711E-002  -1.4072219982536795E-005  0.99445045527554632        44632234.652881853        1287.6258805654079        14.928200348289696       0.59970689734317184                0           0   105.40174145954420        7.8733128566099032E-003  0.50000000000000000             1108   1.3786538071318566                0
          51          52  0.11606384615255892        9.5064690585184505E-002  -1.2276182580653178E-004  0.98210363410663770        4872760.2892948259        334.94399370397770        2.1235097634721565       0.44158354651702314                0           0   965.43129116773355        1.1958564716034381E-003   4.2847354774115947E-005         754   4.7879216935270509E-002           0
