 122 379   1   452 102   0      0.4   0.46   4.88  5.722     0.0  -0.2385   0.0000
  -1.210356   0.000000   0.288713   0.062472  -0.571267   0.053723   0.000000   0.000000   0.000000   0.000000
   0.00000   0.00000   0.15147   0.03384   0.00000  -1.21036   0.00000   0.00000  -0.92164   0.77512   0.21060   0.00000   0.00000
 NAME(I1)    NAME(I2)    M1[M*]                    M2[M*]                    EB[NB]                    ECC                       P[Days]                   SEMI[AU]                  RI[PC]                    VI[km/s]                  K*(I1)      K*(I2)      ZN[NB]                    RP[NB]                    STEP(I1)[NB]              NAME(ICM)                 ECM[NB]                   K*(ICM)      
           3           4   8.7970317491499028E-002   4.9196061553816367E-002  -9.2897646351125171E-004  0.98018963898304645        71340.815372945974        17.361255191394889        7.5945854683695870       0.17669207122891703                0           0   65941.428242054317        1.0539810829294615E-004  0.25000000000000000              706  0.11200107544378854                0
          57          58   8.8793517676333700E-002   7.4789808565780366E-002  -1.3944536633748324E-003  0.99288618157622466        67519.482439442989        17.747571380570307        13.865638096747945       0.59551032067406839                0           0   69673.449613065080        1.0843421479498632E-004  0.50000000000000000              760   1.1538468107378612                0
          59          60  0.52934127945164156       0.11516011942956719       -3.1001072744619322E-002  0.99635260950274573        9025.0375450904266        7.3279160146024838        17.445459096863836       0.80523164927141810                0           0   521251.59969045070        4.4850020571511419E-005  0.50000000000000000              762   1.4517641826233731                0
          63          64  0.11284127030153632        5.3401276685359052E-002  -1.4468849236327175E-003  0.97984293960292113        54774.265105649982        15.520472950299069        12.013949979194933       0.39321060851188128                0           0   85885.502043175962        9.4206442072616631E-005  0.25000000000000000              766  0.23325904337953599                0
          83          84  0.10272953417562042        4.1373672231505683E-002  -1.2819188696754095E-003  0.97370419826673227        41789.837138321200        12.356008093958177        13.974626410196105       0.35300394639201005                0           0   112570.79662870750        7.4766174595093939E-005  0.50000000000000000              786  0.23223121042054667                0
          87          88  0.10306885414503236        3.0345968261083246E-002  -4.1821248241819420E-003  0.98428134930470224        4652.7998571211401        2.7870887101701558        15.212998844289837       0.30157462633475307                0           0   1011071.9141389197        1.6955045282497800E-005  0.25000000000000000              790   8.8284982630196171E-002           0
         105         106  0.12790761581087476        8.1406408734692293E-002  -3.3640542461646258E-002  0.96974758674909145        989.02684361157492        1.1534833915785283        18.460445404571068       0.33258004579659473                0           0   4756509.1767037120        6.9657331703446991E-006  0.50000000000000000              808  0.11608525585705734                0
         131         132   8.4797441590329786E-002   6.4637458177469395E-002  -7.7121942017657882E-004  0.98912831439601701        128788.41655396212        26.485513546867381        7.8892548986263042       0.45747385062892082                0           0   36527.471829531067        1.6151620773559698E-004  0.25000000000000000              834  0.12308121374024987                0
         137         138  0.13717930409073115       0.13193897190263901       -4.0334545728335997E-003  0.97817964388784162        48147.574536657077        16.722602131164937        11.783025148502492       0.17049356808357599                0           0   97706.173216745112        1.0141787278782275E-004  0.50000000000000000              840  0.66849042077944554                0
         167         168  0.11739175763496201        6.6852661947444644E-002  -1.3371095085191684E-003  0.97921691183512483        87047.450602289726        21.873015901955345        12.750737205651593       0.67343026182179266                0           0   54043.113555826756        1.3272323952673876E-004  0.50000000000000000              870  0.41894786898702779                0
         177         178  0.17518944591650459       0.15841447355487015       -4.8844045916293037E-002  0.97081544669269548        1948.4551180766894        2.1174370246531056        3.7367118660329686       0.80594613890199851                0           0   2414382.1502485364        1.2793853451865820E-005  0.50000000000000000              880  0.51002932719757765                0
         181         182  0.16494482085752635        4.8117280213717237E-002  -2.2342341753636167E-003  0.98308070947828008        38113.841390388654        13.238244572811659        5.2422126266254123       0.30705034566173456                0           0   123428.00111539195        8.0485139620415977E-005  0.25000000000000000              884   5.2030029749519285E-002           0
         193         194  0.13607741833753259        1.4509867592654014E-002  -3.3139095177587647E-004  0.98026160729439438        98477.807758994706        22.203845682541278        15.666270248933237       0.70310652912905669                0           0   47770.308506030713        1.3480179630591914E-004  0.50000000000000000              896   1.1959532855005572                0
         195         196  0.23980714281985319       0.16746154432118399       -1.7866781603804005E-002  0.96643523058497638        13874.745800257982        8.3762612435180923        11.043237102410210       0.98228022779089574                0           0   339055.96004197007        5.0498069052990366E-005  0.50000000000000000              898  0.74804232990263486                0
         207         208   9.9440827635248155E-002   5.0100703362626467E-002  -8.7683211256005204E-003  0.98112175417415370        2910.2243960466299        2.1174416066239212        3.9338672679713609       0.74370820773124224                0           0   1616478.5313583727        1.2860786271453537E-005  0.50000000000000000              910  0.45601983549396818                0
         225         226  0.11258739991983015        4.7810171057872303E-002  -9.4939383745014589E-004  0.98185672257896206        88575.957032427817        21.129198100363176        15.887372088095804       0.61407088587215453                0           0   53110.521356517827        1.2838083044770557E-004  0.50000000000000000              928   1.1141351996600162                0
         235         236   9.9158490776633662E-002   3.5661683213779022E-002  -5.1301121046354124E-003  0.96614283730650707        4095.4263718306088        2.5687641194955386        6.9811511243671713       0.29427573918122740                0           0   1148675.3345151674        1.5484037106406675E-005  0.25000000000000000              938  0.12659134074653922                0
         239         240   8.3253089810449737E-002   5.9845060969569666E-002  -7.4110620056441019E-004  0.97866503909393976        121080.59857328323        25.053451414275163        15.769902505836983       0.47042149901517177                0           0   38852.758518512826        1.5197941044801133E-004  0.25000000000000000              942  0.14843500555114589                0
         247         248  0.12867704596478571        5.6124925773135610E-002  -4.8755267774440045E-002  0.97148621675522984        348.47281385192167       0.55201979559906922        18.901690171837309       0.61849122530818157                0           0   13499805.639483234        3.3365167437779866E-006  0.25000000000000000              950  0.54682391208248560                0
         249         250   8.3325272192247987E-002   6.4931060179189190E-002  -5.9417119074347373E-003  0.97581540753508467        5929.7866670524481        3.3934150410168407        16.366401860780545       0.51558629825161584                0           0   793336.34104971308        2.0555510157367267E-005  0.50000000000000000              952   1.3355436916698198                0
         271         272  0.13618545113931463       0.10282415591629936       -1.7643068358636144E-003  0.98806680624688603        120181.93023047518        29.578155387187675        6.6403034419210307       0.50318382273186424                0           0   39143.282593508091        1.8027976026539725E-004  0.25000000000000000              974   8.5786360515304083E-002           0
         287         288   8.8414603939471620E-002   4.2704642040310346E-002  -5.8515194294090581E-004  0.98093659039144399        118941.02246670357        24.046383900145148        3.0163885085214388       0.61560251209325567                0           0   39551.663169548527        1.4603779329379048E-004  0.25000000000000000              990  0.21421134830808605                0
         291         292  0.10251315781699964        2.9651563345757474E-002  -1.1831110334550475E-003  0.98075559013170377        29765.556837160901        9.5746088155111213        9.2002826200132013       0.59180823275825301                0           0   158045.59892431262        5.8142920318824777E-005   6.2500000000000000E-002         994  0.24134677977157731                0
         303         304  0.77980953382043972       0.33783563817501155       -5.2382472905160467E-002  0.97671789874474535        28033.625192942258        18.742492285908785        5.9313619250586411       0.63516929164192526                0           0   167809.73653129677        1.1358394461059082E-004  0.50000000000000000             1006  0.23048422339255251                0
         311         312  0.16827131513595273       0.11782564957455051       -9.1314488263872420E-003  0.97485864189666582        15717.300866973132        8.0915100549741776        14.433683586338995       0.17877960460460274                0           0   299308.08714936365        4.8990345746074786E-005  0.50000000000000000             1014 -0.14221671655497298                0
         321         322  0.12252965187021556        4.0765808550071510E-002  -1.0952504619379879E-003  0.97557453106160041        63331.226025514967        16.995860241612995        16.618159183016928       0.45605091897540384                0           0   74281.133539866772        1.0293936416602254E-004  0.50000000000000000             1024  0.78513770906936042                0
         323         324  0.13577855073708561        2.1714876777924844E-002  -1.0672784058174505E-003  0.97737634574565457        30402.145619620234        10.295090097572151        12.005072228596285       0.59980059373654948                0           0   154736.29119810546        6.2411468000077191E-005  0.50000000000000000             1026  0.38852030381406044                0
         337         338  0.14234346256931027        4.8688670540606271E-002  -2.7220309402593351E-003  0.98436219341894415        24424.438780536861        9.4883723855236379        16.280546761639453       0.47159518066893102                0           0   192606.89262565569        5.7724153992768256E-005  0.50000000000000000             1040   1.5594234061046814                0
         357         358   7.9717634398698847E-002   3.5168480550120958E-002  -1.1543449013877967E-003  0.99034897964864510        29342.295402160125        9.0508997532508531        13.608124962056193       0.50991934483523937                0           0   160325.40035359471        5.5228836842580753E-005  0.50000000000000000             1060  0.89646937895645229                0
         363         364   8.0030474895858961E-002   2.5241398542184282E-002  -3.2505135387658957E-004  0.96900162088983910        125469.53716214608        23.159872534501439        9.9167741158325295       0.68387771391916963                0           0   37493.684634903126        1.3980643129274424E-004  0.50000000000000000             1066  0.47856214296247407                0
         371         372   9.0756420354949963E-002   8.9399293653254358E-002  -1.4941626717007766E-003  0.97790038526241019        78336.750524128642        20.236383406048532        7.9121536556734888       0.39615349834489538                0           0   60052.468683849453        1.2271064128272370E-004  0.50000000000000000             1074  0.20523636398181999                0
         383         384   9.3433970454860987E-002   6.5975786712685114E-002  -2.9999592269293533E-003  0.97176827062077331        19385.313257799193        7.6576121486429507        12.461496198251540       0.52531672623563441                0           0   242674.19334851863        4.6290742961604388E-005  0.50000000000000000             1086  0.51645152975487663                0
         395         396  0.10118924464727580        7.2387835402996439E-002  -4.0679476328368365E-003  0.98184110250843104        15239.121285685993        6.7103307468978812        7.3734504615278427       0.47343949651534056                0           0   308699.90266850201        4.0771591993552411E-005  0.50000000000000000             1098   5.8046320191069853E-002           0
         401         402  0.11008182267075275        8.1520559788653676E-002  -2.1754919003101718E-003  0.98946501741247106        50292.904508829961        15.372504553420699        9.4429795930444378       0.47411266373677247                0           0   93538.349069078395        9.3761781152373525E-005  0.50000000000000000             1104  0.16322921163937093                0
         219         220   5.9461379470541447        2.5291364086335988      -0.75299076982192070       0.98221912150944157        80559.862777643633        74.428097414589246        9.4248462896646696       0.25371111114766542                0           0   58395.273967004177        4.5230718866207646E-004  0.25000000000000000              922  0.17459539006229946                0
         159         160  0.52009082554844766       0.13749382338007102       -6.8562166579241961E-003  0.98252657550525302        109146.58921206869        38.868446659729038        4.8488214550391087       0.56795637210615701                0           0   43100.891119047374        2.3624417772278330E-004  0.25000000000000000              862  0.22856464144460456                0
           1           2   2.0244841138268650       0.61000484406818434       -7.0741485713423660E-002  0.98738152934187551        118081.33591071346        65.056817812538299        14.033183473969496       0.46116996131914273                0           0   39839.617509086311        3.9638661146352313E-004  0.25000000000000000              704  0.10269682989633488                0
         283         284  0.18094602805437388        8.1870494517192083E-002  -1.6064068193646895E-003  0.97697797871714775        143540.44546752289        34.366892541613126        5.2238185877286263       0.30456173168392037                0           0   32773.447527785116        2.0829891525217590E-004  0.25000000000000000              986  -4.4109170799801999E-002           0
         185         186  0.24628085064239766        6.9358336926096664E-002  -1.8551080494142963E-003  0.99057546901522908        130681.44545928008        34.314639623851313        10.170277909285110       0.56759028130281597                0           0   35998.341165507023        2.0941269287605858E-004  0.25000000000000000              888  0.25155985801953651                0
         191         192  0.17819880543248182        5.0730547014061628E-002  -8.9966543292994278E-004  0.98450778698896024        174927.64032278312        37.446621017460309        15.788420661305866       0.61888717282653349                0           0   26892.921261409472        2.2782970840593575E-004  0.25000000000000000              894  0.50378445852495557                0
          71          72  0.16939743337267674        2.6319217633798585E-002  -4.7647967898261517E-004  0.96976219828091648        170003.73667627125        34.870225322542275        10.029562958515767       0.26512531675384254                0           0   27671.834452691655        1.5082883319385277E-004  0.25000000000000000              774 -0.14209119720856744                0
          53          54  0.10539273585624893        8.3691576402142989E-002  -9.4861616487088496E-004  0.98840746126056767        171334.30925667207        34.651436372167325        12.272659093227757       0.30725214150097013                0           0   27456.936547351612        2.1096666920612941E-004  0.25000000000000000              756 -0.17031112923649472                0
         245         246  0.10614450888457336        7.9534736728126665E-002  -8.8338078697462622E-004  0.97533507163214717        180155.36208468804        35.614411017835778        12.335571184345550       0.23305513887065080                0           0   26112.546433302068        2.1568078356416255E-004  0.25000000000000000              948  0.14734666149864026                0
         331         332  0.12214104311112879        9.8521910482032543E-002  -1.1537755047203683E-003  0.97154055198387024        188414.45473505274        38.868024797675822        13.615257447124742       0.29919140139980788                0           0   24967.910579153504        2.3493249830021899E-004  0.25000000000000000             1034   2.8984736276663835E-002           0
         203         204  0.10958957416913398        5.6611292613942377E-002  -6.2817234305771752E-004  0.98494187057407623        200051.97130642890        36.805509599966030        13.039049223110533       0.17146854532383102                0           0   23515.465640870621        1.6988547057778460E-004  0.25000000000000000              906 -0.19225057496875725                0
          21          22  0.17137201111473407        1.8580527211685235E-002  -2.8964617018065918E-004  0.97725619083110171        219756.57682243298        40.968444197440832        7.7727460716248009       0.25207732900089797                0           0   21406.937283364805        1.8343950172520064E-004  0.25000000000000000              724   9.8131976916853436E-002           0
         369         370  0.35577330781196675       0.28758888866695975       -6.5923629871082615E-003  0.96841922705639494        200307.85819162280        57.839387851881206        17.362316607350344       0.47993685183260243                0           0   23485.425385280789        3.4904883910831302E-004  0.25000000000000000             1072   1.6875571777114335                0
          77          78   9.3430964505624117E-002   2.0354482771848002E-002  -1.6334883162896549E-004  0.97425183352183942        309441.22681298596        43.386459025179242        13.693436634453587       0.51510213457513221                0           0   15202.613129787858        1.8457846561722538E-004  0.25000000000000000              780  0.92515212694032001                0
         315         316  0.30834333591613694       0.21242803698149326       -3.5544000840579989E-003  0.96932722246065328        288048.63087816222        68.675120176768687        10.068900689958005       0.37578255043163339                0           0   16331.670257563481        4.1463143421502049E-004  0.25000000000000000             1018  0.22821530548750035                0
          89          90  0.20842321107894346       0.10223825271363279       -1.3435582502014560E-003  0.98702482580270168        297769.38109927031        59.104743533761280        7.3672012065293568       0.77619292095008019                0           0   15798.519109916271        3.6005640583131949E-004  0.25000000000000000              792  0.42986403395363859                0
         155         156  0.50373356431637750       0.18870347651975347       -4.6345267489272665E-003  0.98128177235206437        293320.33962033020        76.435433608783669        11.485597805586758       0.67179285417791046                0           0   16038.148816184937        4.6428632181207922E-004  0.25000000000000000              858  0.41853710937196165                0
         187         188  0.16652052450678573        4.4390738220572948E-002  -5.1200105471243477E-004  0.98740860044556455        313872.49940009229        53.803263366689940        7.0372351044423409       0.68043206658036481                0           0   14987.981637882163        1.5401396217716847E-004  0.25000000000000000              890  0.30799825445277201                0
         255         256   8.3811449474318997E-002   3.0344259974373743E-002  -1.9498774621546684E-004  0.99476358635673934        366335.73421504453        48.606227887337262        11.263882551228257       0.47245505904827789                0           0   12841.540746017587        1.7373772739312873E-004  0.25000000000000000              958  0.28414104880917557                0
          93          94   8.5361728603296438E-002   7.1347741082274679E-002  -4.1080252103106030E-004  0.97812880800934654        378910.90214675880        55.249666982163497        13.020275293414059       0.37733446761930384                0           0   12415.359998859836        1.7179347800011020E-004  0.25000000000000000              796  0.39373936259616632                0
          51          52  0.11606384615255892        9.5064690585184505E-002  -1.2277047817380282E-004  0.98216546894862911        4872245.1796842050        334.92038820457867        2.1732631993841074       0.44170171679437364                0           0   965.53335970454452        1.9588536546835959E-004   6.2500000000000000E-002         754   4.7975138658311191E-002           0
          67          68  0.52597586808430075       0.46375414949012228       -9.5351984985231255E-003  0.98266064699714351        341740.68956755206        95.332992401100725        16.802841451463284       0.39338848852729402                0           0   13765.745201713413        5.7947742737167690E-004  0.25000000000000000              770  0.11796892918318888                0
         213         214   8.6717284611907239E-002   1.7710005955573944E-002  -1.1427078035879827E-004  0.98213695314694749        400632.33674856107        50.085097135765906        8.0796882315499392       0.36529126466823486                0           0   11742.225542311169        1.5552041722878169E-004  0.25000000000000000              916  0.17897267255489441                0
         313         314  0.11479116130453372        5.7685466757393881E-002  -3.9453446450446250E-004  0.99253727403468150        435049.79924732697        62.547398305763593        4.7801806018456121       0.38623071205069887                0           0   10813.279918261374        1.7042172232509015E-004  0.25000000000000000             1016   9.2031862116589688E-002           0
         365         366  0.29906545429998188       0.27572229150032296       -3.4223050706489746E-003  0.97703614846779008        409915.73603235272        89.792227251814452        13.512636947101845       0.28995194317979822                0           0   11476.298283102440        5.4424978456707430E-004  0.25000000000000000             1068 -0.23227269367765216                0
         201         202  0.41909726131645580       0.36316033186407948       -5.4401348907038797E-003  0.97784193266974673        439642.50440806977        104.26124217537117        13.309173203719178       0.39179314247585301                0           0   10700.319487940789        6.3220712582260643E-004  0.25000000000000000              904   4.8216822659743044E-002           0
         171         172  0.11855449161888632       0.10910379859810015       -6.3808363105355751E-004  0.99690688946593098        502629.43037454027        75.543937317710842        2.9130585982380124       0.23046083902905515                0           0   9359.4106778413025        1.6222029374787257E-004  0.25000000000000000              874  -8.2041390107081127E-002           0
         347         348  0.19457293008789711        9.8264029982305379E-002  -8.4213227326918961E-004  0.97623178622328566        525292.62380639045        84.608893442837001        5.7887522937208189       0.43947424262915075                0           0   8955.6088253366652        5.1262384884362530E-004   6.2500000000000000E-002        1050  0.17557147709634432                0
         343         344   9.9716206803828866E-002   3.9838043689421537E-002  -1.9541286924161294E-004  0.98547806040898511        644708.77578794607        75.758248904357316        17.414009031705852       0.66030963049125790                0           0   7296.8066114739531        4.6110969753691106E-004  0.25000000000000000             1046   1.8196906880314430                0
          55          56   8.3915877860446200E-002   1.7498204653530233E-002  -7.7740196882517218E-005  0.96898154446861051        677342.13462491788        70.390059717499767        13.562725551217394       0.14839943086888954                0           0   6945.2570823012566        1.8325936041652929E-004  0.25000000000000000              758 -0.19791687571777006                0
          99         100  0.11123848720615616        3.9011678252708890E-002  -1.9764343022701515E-004  0.98119635498491209        697449.45099556562        81.825121918085514        10.495037181853533       0.54326671063491672                0           0   6745.0268272914218        1.9609050585244134E-004  0.25000000000000000              802  0.14293890599545117                0
         391         392  0.13558686976987694        5.7578981684498085E-002  -2.5446740011902898E-004  0.98428057182237338        1015963.8259505472        114.33226250480101        12.668266728201672       0.37036300083662871                0           0   4630.3964151906221        1.9855493643177781E-004  0.25000000000000000             1094  0.14406147684566301                0
         385         386  0.12648191059682606        5.9749107023494945E-002  -2.5030111744847215E-004  0.99192399726360403        1010156.8010307509        112.51654391747591        14.090524866483051       0.28178098492190290                0           0   4657.0148840700185        1.9971473045980897E-004  0.25000000000000000             1088  -1.0791683685593320E-002           0
          41          42  0.11122608390456809        8.6847116325004775E-002  -3.0034655602715249E-004  0.97689552612968544        1076875.4069236529        119.85571002551679        3.5476337062676806       0.81622677064710347                0           0   4368.4861102769009        1.9934720720389158E-004  0.25000000000000000              744  0.51191336193136572                0
         345         346  0.55774375829353751       0.47607345656862060       -4.7923803546830179E-003  0.97923176074338625        1065819.0059203701        206.47940675782556        2.2821470503400283       0.23642326616933573                0           0   4413.8031237137029        1.2529054742208931E-003  0.50000000000000000             1048  -3.1155756152502247E-002           0
          73          74  0.94128231410560004       0.69908498357263338       -1.0547991353088345E-002  0.98595090542721642        1010924.7705775029        232.48741209934116        13.584990601540031       0.46985067789137286                0           0   4653.4770880699325        1.4155097427745917E-003  0.25000000000000000              776  0.32389937222070170                0
         285         286   8.9462339041284894E-002   4.2834040765278178E-002  -1.2838168338598593E-004  0.97556116315563901        1178106.6063545495        111.23605151706303        8.6411513334419467       0.64987457906318080                0           0   3993.1150816660524        1.4410236536712358E-004  0.25000000000000000              988  0.21715318911368911                0
         293         294  0.55382231722128972       0.12326253909399966       -1.3046202120956597E-003  0.97555013427591697        1208714.8768618368        195.00098063437505        13.164280771961911       0.46006362561361847                0           0   3891.9974823661364        1.1809822740092247E-003  0.25000000000000000              996  0.99364054343977082                0
         123         124  0.67985937278035102       0.12376754478802159       -1.4259437356367586E-003  0.97763450747397851        1328700.8239903566        219.90890269502705        10.117740657476284       0.52706871895258434                0           0   3540.5376234484115        1.3330674591925293E-003  0.25000000000000000              826  0.34868954952021047                0
           7           8  0.10772050310063933        1.1526931384030817E-002  -3.7943697728780554E-005  0.99082248886431246        1424470.1409572540        121.95279694780302        9.1172598497996304       0.43150500634907207                0           0   3302.5018372680170        1.6260639909577266E-004  0.25000000000000000              710  -2.5271802055707837E-002           0
         355         356  0.32294731613854971       0.22153041596011064       -1.4146791448691402E-003  0.98835597978780254        1280677.5733209376        188.46314208734015        6.8862107559060437       0.41307896745029182                0           0   3673.3018174480535        1.1488556879049804E-003  0.25000000000000000             1058   6.7159419033579165E-002           0
         117         118  0.40216802461087314       0.11268199431891886       -9.3948131643061938E-004  0.97690707695788359        1226845.1060164988        179.76007936485891        14.924217752633123       0.55806072155782505                0           0   3834.4818221751120        1.0894929361876689E-003  0.25000000000000000              820  0.95929225481840397                0
          85          86   8.0567479673496034E-002   7.0359839832317903E-002  -1.6540594186675728E-004  0.98642166572395873        1357017.8794508749        127.71821781941760        6.7258021807507165       0.29623914246643596                0           0   3466.6567986181526        1.9401392259058692E-004  0.25000000000000000              788  -7.2703951581560317E-002           0
          47          48   9.8900608463481726E-002   3.1153535981132970E-002  -9.0443949087021743E-005  0.96929450295796848        1448762.9164048610        126.95392421516813        15.951426216818540       0.82165688889961408                0           0   3247.1256714098058        1.9207619232510233E-004  0.25000000000000000              750  0.40679697513638763                0
         387         388  0.11696728908539532        8.3148869844046139E-002  -2.2937048062071790E-004  0.98799747587022979        1621821.3953705488        158.01655404298694        7.8458382464625487       0.44031303501306152                0           0   2900.6370683437285        5.0631201617890584E-004   2.3676566808253951E-004        1090  0.19317897157888186                0
         103         104   9.4240900685283069E-002   8.1646476448274677E-002  -1.9581474411928143E-004  0.97430932578693863        1543295.6101144454        146.43699954217337        6.4500953492645463       0.16422395668569809                0           0   3048.2269416265021        8.8618227905427590E-004  0.25000000000000000              806  -4.3943663301188859E-002           0
         215         216   9.9764396033006283E-002   5.7531129034738331E-002  -1.3467170227244636E-004  0.99202500142069505        1843377.2888768672        158.82594977762659        17.543844112537645       0.27692826133172077                0           0   2552.0089056272404        1.9606910170443681E-004  0.25000000000000000              918 -0.28024102381133120                0
          65          66   8.1196656538748205E-002   3.2700733033609646E-002  -6.2627861262289943E-005  0.98184767372588766        2149336.5504112290        157.99647215383459        10.355538725777011       0.55367598105633131                0           0   2188.7290088398181        1.9363885980735446E-004  0.25000000000000000              768  0.14607830161159940                0
          15          16  0.12041882448822794        4.7134796559794988E-002  -1.1370748620294229E-004  0.97825164521118502        2263928.7909641471        186.02285177799217        12.109375255181025       0.57031819986305776                0           0   2077.9431210119114        1.1281688166013199E-003  0.25000000000000000              718  0.22037120556313333                0
         243         244  0.10897784068549871        6.2870305948584129E-002  -1.2688985103554134E-004  0.99345305026723485        2514966.0648626112        201.22235189126619        11.698200751819224       0.34439393565760662                0           0   1870.5283237695505        1.2297376519750148E-003  0.25000000000000000              946   8.9753561946048888E-002           0
          37          38  0.10983277472157330        9.0349772612143470E-002  -1.6313461273031012E-004  0.98167519740275366        2786284.6185355540        226.68993556755197        15.961340009270463       0.58269538597892445                0           0   1688.3828831949368        1.3772225981147541E-003  0.25000000000000000              740  -8.2984834687176545E-002           0
         403         404  0.17519688796893346        3.8994197612049461E-002  -1.0593120618713418E-004  0.98389860954017139        2940507.0177465221        240.33764116336013        13.326229836333354       0.46683048145539274                0           0   1599.8313315538173        1.4616918032920089E-003   7.5921421461708672E-004        1106  0.13041245069827437                0
         127         128  0.41687934908818136       0.27898104023835063       -1.0601324713850049E-003  0.99434194081511351        3619474.9262651657        408.83142482301037        11.670782000046229       0.23461204520576023                0           0   1299.7231237899509        2.4997052625840904E-003  0.25000000000000000              830   2.8453178625305241E-002           0
         217         218   8.1228311512873880E-002   6.5270211912634449E-002  -8.4864059256294254E-005  0.97696892315676265        3390006.8490829859        232.81876606981328        15.176205349405478       0.78090610304652941                0           0   1387.7008121435813        1.4110585494170628E-003  0.25000000000000000              920  0.28216504849906487                0
         175         176   8.2952047495663137E-002   3.6571247402372269E-002  -5.1727560270777520E-005  0.99014094634919347        3413581.5549135641        218.55675034492802        15.399389077730696       0.57598054460151715                0           0   1378.1171423525229        1.0410649173577381E-003   1.7049604440276421E-003         878   3.9771826035239155E-002           0
         143         144  0.25022565110097550       0.15769561095085233       -3.9893226177458845E-004  0.97378367469115990        4047244.7606835263        368.61381757316616        8.2212785043353804       0.62602983021358760                0           0   1162.3500766111972        2.2305190603367172E-003  0.25000000000000000              846  0.20742908640715305                0
          61          62  0.16574606629006447        5.1105325148539382E-002  -1.0680914848388477E-004  0.98146224652464376        3985102.7316611102        295.54272204541036        9.2101365803770303       0.42612617933610641                0           0   1180.4752786595950        1.7952874583487142E-003  0.25000000000000000              764  0.31617502610784798                0
          29          30   9.2064989403419284E-002   3.8673592252436655E-002  -4.8326417632826574E-005  0.98790084533106615        4595724.3541263249        274.56410217347485        5.9492871932063496       0.78889271886029688                0           0   1023.6286807368981        1.6733196375634911E-003  0.25000000000000000              732  0.46453607387122647                0
         237         238  0.17519413512811899        4.8620481183886892E-002  -9.6133046925272949E-005  0.99516489023133436        4632593.2409340926        330.20636827131904        17.637020555459369       0.55754774594437329                0           0   1015.4820449326151        1.9984115928462558E-004  0.25000000000000000              940  0.71366322406495986                0
         147         148  0.31456825641218544       0.25964081492902225       -6.6243600918377415E-004  0.98456015427272825        4747337.3481747657        459.47645601886813        15.612012621108688       0.45768301088133834                0           0   990.93763780099937        1.9668248657376449E-004  0.25000000000000000              850  0.11995567140066069                0
         399         400  0.17014458503807270        6.6018282057290864E-002  -2.6982710565505632E-005  0.99085416968053930        45925996.274628416        1551.3725829142156        10.459310750898680       0.23704089219603999                0           0   102.43251402786963        8.8321118228840926E-003   5.4035493398375623E-005        1102 -0.15289845241995317                0
         281         282   8.0478030877779258E-002   1.6466831233086777E-002  -1.7957705060282846E-005  0.98262681899741999        5350096.8343917802        275.01468071537516        14.465651755551383       0.52569994665423558                0           0   879.29534796533608        1.0774865849634938E-003   9.5170011071472427E-004         984  0.45060972222075457                0
          45          46   8.6894120985331738E-002   8.6164685909330241E-002  -8.2040856412477007E-005  0.98387083180607882        5506893.1944410549        340.10174038637848        9.4659985098892552       0.60515411822703691                0           0   854.25939664011355        2.0685513436049150E-003  0.25000000000000000              748  0.51238263015635188                0
         161         162   9.3309048906446132E-002   9.2827486138433946E-002  -9.1370355474935445E-005  0.98808794490570973        5621419.1988956956        353.27619467478695        7.7076942609700252       0.50838693032949156                0           0   836.85544365182830        1.3445862023325923E-003   3.9105297483895746E-004         864  0.15873303114152074                0
         309         310  0.10545420084030525        5.3264404142991120E-002  -5.7855495593977865E-005  0.98363597107776712        6309425.5400360068        361.80592593708820        13.706503390682069       0.52405757261391717                0           0   745.60120058377254        2.2003001492994592E-003  0.25000000000000000             1012  -2.5340737932759705E-002           0
         189         190  0.11107991559331475        5.1209466390144058E-002  -5.9401457297079668E-005  0.98671314114777653        6112335.9088638304        356.86834591407722        18.297813171501769       0.14355778694937638                0           0   769.64278923590894        2.1736268209196817E-003  0.25000000000000000              892 -0.14504754518424776                0
         289         290  0.10428359770713377        2.3242149003040714E-002  -2.7029358564127562E-005  0.98098599429517186        6248202.7232147707        334.17648235040627        14.713398775513214       0.16463117772908620                0           0   752.90695037249691        1.0072746534058119E-003   7.8954289791251090E-004         992  -5.9619800238527629E-002           0
         115         116   9.5073144526220191E-002   4.6025486525321645E-002  -4.6726263478262970E-005  0.98361077625756288        6339435.9430684811        348.99124241529205        10.829562241467798       0.44509575468339774                0           0   742.07158174513086        2.1223306805025111E-003  0.25000000000000000              818  0.19401147215634446                0
         223         224  0.13901763968801717        6.0776114313866474E-002  -7.7058915091534225E-005  0.98944453976052427        6749136.3316923175        408.60086959481367        8.0981626105584485       0.39496855686513238                0           0   697.02477864529590        1.8673059681544697E-003   8.8030940897969139E-004         926  0.15432882995978453                0
         299         300   9.2079428251349071E-002   8.2023039557947389E-002  -6.9096340711817745E-005  0.98687514339277782        7196675.2000660459        407.34534808367590        17.362771160017999       0.12138471228841007                0           0   653.67897353511114        2.1572435809058461E-003   1.0110305837586020E-003        1002 -0.35660649238411402                0
         199         200  0.11230093762090229        4.7925291740752780E-002  -4.9845320530023470E-005  0.98557578802919299        7365259.5215128316        402.38621163417127        12.880377238925069       0.25125141201005069                0           0   638.71683596540686        2.4494184751019071E-003  0.25000000000000000              902  0.84839387965996960                0
         373         374  0.15845034820673778       0.15233439132851201       -1.7085617787837714E-004  0.97952874817296398        7914620.4905095464        526.47749186072156        7.0446214620276901       0.45258670599597622                0           0   594.38292250218774        2.5729671615843507E-003   4.1369082440651818E-004        1076  0.13891379747803792                0
          69          70  0.10464422723177559       0.10349050793134676       -8.6377732787562200E-005  0.98042651398566583        8085705.8082159301        467.23280664956275        12.309103671891666       0.18126459877759804                0           0   581.80638391081243        2.8368343572848856E-003  0.25000000000000000              772 -0.15165969081846165                0
         267         268  0.11152016154947933        1.9237634443879208E-002  -2.0549695233116800E-005  0.97571139325292999        7751485.5464765504        389.06217339338320        4.7123154619793812       0.52434683138892590                0           0   606.89208919226019        2.2519065104560716E-003   1.1783105704162578E-003         970  0.14420385542495223                0
         183         184  0.10185732075756881        5.4219839429199369E-002  -4.3501456136376550E-005  0.97495913922581612        9514140.7709291559        473.11423697579380        16.721888140626913       0.32650147246647182                0           0   494.45508227279856        2.6603954302854916E-003   7.4458240966837098E-005         886   1.2673379807585814                0
         265         266   8.4095384718170976E-002   3.6296916915751078E-002  -2.5177872933007782E-005  0.98208188920678618        10108906.100494128        451.79580872296344        6.3962100388718346       0.45315653928532246                0           0   465.36343407273449        2.2694484968254726E-003   6.2022569668915230E-004         968  0.24341811561314675                0
         367         368  0.20322917187314732       0.17631903439505672       -1.9839645023942611E-004  0.98271241491574801        10352918.146775099        673.08619759409498        16.778991352986225       0.55198256464291873                0           0   454.39509816950920        4.0114994820615599E-003   2.3586554709455161E-004        1070   1.6144062901537031                0
         305         306   8.5255713978393793E-002   1.6586699482616780E-002  -1.1931200371230782E-005  0.97557216214542408        10624387.113807641        441.69112072417624        14.213109465151112       0.30821520043729395                0           0   442.78462439785847        2.6751951435917505E-003  0.25000000000000000             1008  0.11449916521975191                0
         325         326  0.14296285691723640        1.8018411898666035E-002  -1.7591034512000332E-005  0.98525910189351285        11605238.715074902        545.71725305743564        6.1252786903986163       0.34024379323953269                0           0   405.36135215676182        1.9976652747874619E-004   6.2500000000000000E-002        1028   2.7347399758167936E-002           0
         119         120  0.12744757891135747        8.2887871857059842E-002  -6.3848789170769046E-005  0.98269985033698937        12193204.574003790        616.57973866081329        6.3231356484582868       0.27856584575972704                0           0   385.81451078697370        3.7479255214838184E-003  0.25000000000000000              822   2.6112963839013584E-002           0
         133         134  0.13034205300579016        4.8697333779162973E-002  -3.8327209988325042E-005  0.98105849108072041        13234841.369904691        617.16582733716655        9.5561411615574858       0.40513580753060163                0           0   355.44931187026697        2.5737754836908720E-003   5.4813206907962657E-004         836  0.23953574611495687                0
          17          18   8.8310858010865509E-002   3.6165089814597706E-002  -2.2321003472730643E-005  0.98140412768925933        12747100.610456508        533.22349031307033        9.9576972164363635       0.37475519944520219                0           0   369.04982563531280        3.2391129273980847E-003  0.25000000000000000              720  -4.7323396571681428E-002           0
         275         276  0.13196141201412448        6.9014568623332620E-002  -4.7734095194587125E-005  0.97882749722704532        15446699.779347697        711.01436137363430        12.318423599027588       0.40833622729143654                0           0   304.55147862292580        4.0964345739835737E-003   6.4669844194984393E-004         978  0.41860964368375719                0
         221         222  0.10685030920939192        6.9974509155263417E-002  -3.1626345602906006E-005  0.98401789827096531        22714206.289879635        881.02040612497251        11.478543540574581       0.17234647206296252                0           0   207.10894308205616        2.9183410577206473E-003   3.6489688816628779E-005         924 -0.22881003521957544                0
         157         158  0.17882018552997023        8.7937108552675433E-002  -4.2075754404750962E-005  0.98508774295300161        36757527.751940273        1392.7595570810452        7.3452131712457227       0.37336129967638920                0           0   127.98236294323254        8.3470581414330277E-003   2.0063960493206339E-004         860   2.4824311002400925E-002           0
         145         146  0.11284151051838727        7.1741434973604884E-002  -2.4259736275781469E-005  0.99377175651239613        37282304.998361304        1243.5756535226992        13.171421141648434       0.40453785962488925                0           0   126.18091230817234        7.3824752595559803E-003   2.2850961514706095E-004         848  0.16497526260977158                0
         405         406   8.7236661288412828E-002   5.5735761705262711E-002  -1.4072233658968393E-005  0.99445214411760929        44632169.587565579        1287.6246291558803        14.958617618654026       0.59751593238849943                0           0   105.40189511547688        7.3255928615807465E-003   2.5991565547083277E-004        1108   1.3786000925958688                0
          95         546  0.62290701776509083       0.52092362269304604       -4.1543552745918469E-003  0.93268631900440224        1696011.6393892248        291.08040994360601        10.456756972112700       0.52501276959447274                0           0   2773.7517528705771        6.1068012050239490E-004   4.6218299806923310E-005         798  0.38680693849146258                0
