 1021870   1   373 168   0      1.9   7.73   4.63  7.176     0.0  -0.2148   0.0000
  -1.117539   0.000000   0.245505   0.096985  -0.663599   0.060150   0.000000   0.000000   0.000000   0.000000
   0.00000   0.00000   0.13974   0.02962   0.00000  -1.11754   0.00000   0.00000  -0.87203   0.66276   0.19180   0.00000   0.00000
 NAME(I1)    NAME(I2)    M1[M*]                    M2[M*]                    EB[NB]                    ECC                       P[Days]                   SEMI[AU]                  RI[PC]                    VI[km/s]                  K*(I1)      K*(I2)      ZN[NB]                    RP[NB]                    STEP(I1)[NB]              NAME(ICM)                 ECM[NB]                   K*(ICM)      
           3           4   8.7970317491499028E-002   4.9196061553816367E-002  -9.2897646351125171E-004  0.98018963898304645        71340.815372945974        17.361255191394889        4.1256193585862748       0.21868731481137246                0           0   65941.428242054317        1.0539810829294615E-004  0.50000000000000000              706   6.7558763970973407E-002           0
          59          60  0.52934127945164156       0.11516011942956719       -3.1001072744619322E-002  0.99635260950274573        9025.0375450904266        7.3279160146024838        13.442667284633444       0.93622398986413302                0           0   521251.59969045070        4.4850020571511419E-005  0.50000000000000000              762   1.3848962874925765                0
          63          64  0.11284127030153632        5.3401276685359052E-002  -1.4468849236327175E-003  0.97984293960292113        54774.265105649982        15.520472950299069        12.875172419927489       0.36656568981851689                0           0   85885.502043175962        9.4206442072616631E-005  0.25000000000000000              766  0.19056514295415705                0
          83          84  0.10272953417562042        4.1373672231505683E-002  -1.2819188696754095E-003  0.97370419826673227        41789.837138321200        12.356008093958177        15.856035516643599       0.43478611829188013                0           0   112570.79662870750        7.4766174595093939E-005  0.50000000000000000              786  0.30815707631191891                0
         131         132   8.4797441590329786E-002   6.4637458177469395E-002  -7.7121942017657882E-004  0.98912831439601701        128788.41655396212        26.485513546867381        7.2126088832553510       0.50992926107942638                0           0   36527.471829531067        1.6151620773559698E-004   7.8125000000000000E-003         834  0.15998045489690949                0
         137         138  0.13717930409073115       0.13193897190263901       -4.0334545728335997E-003  0.97817964388784162        48147.574536657077        16.722602131164937        8.0984118996132004       0.34544418722339465                0           0   97706.173216745112        1.0141787278782275E-004  0.50000000000000000              840  0.59697334814818404                0
         167         168  0.11739175763496201        6.6852661947444644E-002  -1.3371095085191684E-003  0.97921691183512483        87047.450602289726        21.873015901955345        13.928806469256324       0.70498471663338880                0           0   54043.113555826756        1.3272323952673876E-004  0.25000000000000000              870  0.41153081424896243                0
         177         178  0.17518944591650459       0.15841447355487015       -4.8844045916293037E-002  0.97081544669269548        1948.4551180766894        2.1174370246531056        1.3146519797998080       0.79587228032711765                0           0   2414382.1502485364        1.2793853451865820E-005  0.25000000000000000              880  0.48253910430865327                0
         181         182  0.16494482085752635        4.8117280213717237E-002  -2.2342341753636167E-003  0.98308070947828008        38113.841390388654        13.238244572811659        3.5751507220401941       0.34222470141724559                0           0   123428.00111539195        8.0485139620415977E-005  0.50000000000000000              884   2.9968437952600943E-002           0
         193         194  0.13607741833753259        1.4509867592654014E-002  -3.3139095177587647E-004  0.98026160729439438        98477.807758994706        22.203845682541278        15.088819581572293       0.80435282163422994                0           0   47770.308506030713        1.3480179630591914E-004  0.50000000000000000              896   1.0768252033037724                0
         195         196  0.23980714281985319       0.16746154432118399       -1.7866781603804005E-002  0.96643523058497638        13874.745800257982        8.3762612435180923        11.442704245065375        1.0331008682281013                0           0   339055.96004197007        5.0498069052990366E-005  0.50000000000000000              898  0.79579507011992290                0
         207         208   9.9440827635248155E-002   5.0100703362626467E-002  -8.7683211256005204E-003  0.98112175417415370        2910.2243960466299        2.1174416066239212        2.5132486905633624       0.71934996106709004                0           0   1616478.5313583727        1.2860786271453537E-005  0.25000000000000000              910  0.45452355520310067                0
         225         226  0.11258739991983015        4.7810171057872303E-002  -9.4939383745014589E-004  0.98185672257896206        88575.957032427817        21.129198100363176        15.004379820972789       0.75901276241895888                0           0   53110.521356517827        1.2838083044770557E-004  0.50000000000000000              928   1.0216337291243014                0
         235         236   9.9158490776633662E-002   3.5661683213779022E-002  -5.1301121046354124E-003  0.96614283730650707        4095.4263718306088        2.5687641194955386        3.0089531836478587       0.34139206271855088                0           0   1148675.3345151674        1.5484037106406675E-005  0.12500000000000000              938   9.1471294631496627E-002           0
         249         250   8.3325272192247987E-002   6.4931060179189190E-002  -5.9417119074347373E-003  0.97581540753508467        5929.7866670524481        3.3934150410168407        15.540473690469756       0.41440188963388819                0           0   793336.34104971308        2.0555510157367267E-005  0.25000000000000000              952   1.2426685967675513                0
         271         272  0.13618545113931463       0.10282415591629936       -1.7643068358636144E-003  0.98806680624688603        120181.93023047518        29.578155387187675        6.6230091494874541       0.47591539622073725                0           0   39143.282593508091        1.8027976026539725E-004  0.50000000000000000              974   9.3559255982852141E-002           0
         287         288   8.8414603939471620E-002   4.2704642040310346E-002  -5.8515194294090581E-004  0.98093659039144399        118941.02246670357        24.046383900145148        1.7378649043843017       0.59747293525775236                0           0   39551.663169548527        1.4603779329379048E-004  0.25000000000000000              990  0.19455776046138018                0
         291         292  0.10251315781699964        2.9651563345757474E-002  -1.1831110334550475E-003  0.98075559013170377        29765.556837160901        9.5746088155111213        11.926386948044069       0.58858524378573096                0           0   158045.59892431262        5.8142920318824777E-005   3.1250000000000000E-002         994  0.23383034283669038                0
         303         304  0.77980953382043972       0.33783563817501155       -5.2382472905160467E-002  0.97671789874474535        28033.625192942258        18.742492285908785        5.0316589581317084       0.63090255052279831                0           0   167809.73653129677        1.1358394461059082E-004  0.25000000000000000             1006  0.23000429732211142                0
         311         312  0.16827131513595273       0.11782564957455051       -9.1314488263872420E-003  0.97485864189666582        15717.300866973132        8.0915100549741776        15.852697287976916       0.15033411270125044                0           0   299308.08714936365        4.8990345746074786E-005  0.50000000000000000             1014 -0.12997447675003954                0
         321         322  0.12252965187021556        4.0765808550071510E-002  -1.0952504619379879E-003  0.97557453106160041        63331.226025514967        16.995860241612995        16.706938718107033       0.41334377373516440                0           0   74281.133539866772        1.0293936416602254E-004  0.50000000000000000             1024  0.71930704831699344                0
         323         324  0.13577855073708561        2.1714876777924844E-002  -1.0672784058174505E-003  0.97737634574565457        30402.145619620234        10.295090097572151        13.423189550091978       0.67872551239476941                0           0   154736.29119810546        6.2411468000077191E-005  0.25000000000000000             1026  0.36412999705673743                0
         337         338  0.14234346256931027        4.8688670540606271E-002  -2.7220309402593351E-003  0.98436219341894415        24424.438780536861        9.4883723855236379        13.222763894401387       0.40833314619139227                0           0   192606.89262565569        5.7724153992768256E-005  0.50000000000000000             1040   1.4560007534128676                0
         363         364   8.0030474895858961E-002   2.5241398542184282E-002  -3.2505135387658957E-004  0.96900162088983910        125469.53716214608        23.159872534501439        12.422820354796876       0.71709252264111878                0           0   37493.684634903126        1.3980643129274424E-004  0.50000000000000000             1066  0.54693459438045644                0
         371         372   9.0756420354949963E-002   8.9399293653254358E-002  -1.4941626717007766E-003  0.97790038526241019        78336.750524128642        20.236383406048532        9.8065908973264175       0.48642746098516243                0           0   60052.468683849453        1.2271064128272370E-004  0.50000000000000000             1074  0.26903257438281897                0
         383         384   9.3433970454860987E-002   6.5975786712685114E-002  -2.9999592269293533E-003  0.97176827062077331        19385.313257799193        7.6576121486429507        11.192916107478862       0.45715714174243710                0           0   242674.19334851863        4.6290742961604388E-005  0.50000000000000000             1086  0.46639103108805241                0
         395         396  0.10118924464727580        7.2387835402996439E-002  -4.0679476328368365E-003  0.98184110250843104        15239.121285685993        6.7103307468978812        8.5522310508800814       0.49480494755923221                0           0   308699.90266850201        4.0771591993552411E-005  0.50000000000000000             1098   6.0948689051867108E-002           0
         401         402  0.11008182267075275        8.1520559788653676E-002  -2.1754919003101718E-003  0.98946501741247106        50292.904508829961        15.372504553420699        8.0822353897754979       0.40192991141663309                0           0   93538.349069078395        9.3761781152373525E-005  0.50000000000000000             1104  0.13815679710165218                0
         219         220   5.9461379470541447        2.5291364086335988      -0.75299076982192070       0.98221912150944157        80559.862777643633        74.428097414589246        6.7620622552914673       0.18022848177483308                0           0   58395.273967004177        4.5230718866207646E-004  0.50000000000000000              922  0.12498522767107291                0
         159         160  0.52009082554844766       0.13749382338007102       -6.8562166579241961E-003  0.98252657550525302        109146.58921206869        38.868446659729038        3.3308207555253126       0.57761152514560821                0           0   43100.891119047374        2.3624417772278330E-004  0.25000000000000000              862  0.17587416708219372                0
           1           2   2.0244841138268650       0.61000484406818434       -7.0741485713423660E-002  0.98738152934187551        118081.33591071346        65.056817812538299        15.307215420735748       0.49824239399680070                0           0   39839.617509086311        3.9638661146352313E-004  0.50000000000000000              704  0.12661584917208957                0
         283         284  0.18094602805437388        8.1870494517192083E-002  -1.6064068193646895E-003  0.97697797871714775        143540.44546752289        34.366892541613126        4.8656022266190222       0.27988731963168323                0           0   32773.447527785116        2.0829891525217590E-004   6.2500000000000000E-002         986  -5.1995691623322647E-002           0
         185         186  0.24628085064239766        6.9358336926096664E-002  -1.8551080494142963E-003  0.99057546901522908        130681.44545928008        34.314639623851313        9.4879719162191449       0.52056267055942884                0           0   35998.341165507023        2.0941269287605858E-004  0.50000000000000000              888  0.21732182915455001                0
         191         192  0.17819880543248182        5.0730547014061628E-002  -8.9966543292994278E-004  0.98450778698896024        174927.64032278312        37.446621017460309        17.447085593296332       0.63275888703091077                0           0   26892.921261409472        2.2782970840593575E-004  0.25000000000000000              894  0.46972790115583507                0
          71          72  0.16939743337267674        2.6319217633798585E-002  -4.7647967898261517E-004  0.96976219828091648        170003.73667627125        34.870225322542275        10.904379199563003       0.27926501190430908                0           0   27671.834452691655        1.5082883319385277E-004  0.25000000000000000              774 -0.11731385580123967                0
          53          54  0.10539273585624893        8.3691576402142989E-002  -9.4861616487088496E-004  0.98840746126056767        171334.30925667207        34.651436372167325        13.542374243821479       0.24143060559702528                0           0   27456.936547351612        2.1096666920612941E-004  0.50000000000000000              756 -0.17336310424927559                0
         245         246  0.10614450888457336        7.9534736728126665E-002  -8.8338078697462622E-004  0.97533507163214717        180155.36208468804        35.614411017835778        10.081620155165874       0.13981324189872804                0           0   26112.546433302068        2.1568078356416255E-004  0.50000000000000000              948  0.11136931807117081                0
         331         332  0.12214104311112879        9.8521910482032543E-002  -1.1537755047203683E-003  0.97154055198387024        188414.45473505274        38.868024797675822        15.384224502126804       0.28898299474358391                0           0   24967.910579153504        2.3493249830021899E-004  0.50000000000000000             1034   6.9192225265835905E-002           0
         203         204  0.10958957416913398        5.6611292613942377E-002  -6.2817234305771752E-004  0.98494187057407623        200051.97130642890        36.805509599966030        14.358468155196284       0.11654752860117620                0           0   23515.465640870621        1.6988547057778460E-004  0.50000000000000000              906 -0.16883882742229617                0
          21          22  0.17137201111473407        1.8580527211685235E-002  -2.8964617018065918E-004  0.97725619083110171        219756.57682243298        40.968444197440832        4.2812090430153500       0.24043594014547295                0           0   21406.937283364805        1.8343950172520064E-004  0.50000000000000000              724   6.9731474170503197E-002           0
         369         370  0.35577330781196675       0.28758888866695975       -6.5923629871082615E-003  0.96841922705639494        200307.85819162280        57.839387851881206        14.319667823150445       0.42570474943929648                0           0   23485.425385280789        3.4904883910831302E-004  0.50000000000000000             1072   1.5701693696598378                0
          77          78   9.3430964505624117E-002   2.0354482771848002E-002  -1.6334883162896549E-004  0.97425183352183942        309441.22681298596        43.386459025179242        10.900921090656073       0.58411175514976332                0           0   15202.613129787858        1.8457846561722538E-004  0.50000000000000000              780  0.84329520567474248                0
         315         316  0.30834333591613694       0.21242803698149326       -3.5544000840579989E-003  0.96932722246065328        288048.63087816222        68.675120176768687        8.2157461772490290       0.42127367129107512                0           0   16331.670257563481        4.1463143421502049E-004   3.1250000000000000E-002        1018  0.23060636592970671                0
          89          90  0.20842321107894346       0.10223825271363279       -1.3435582502014560E-003  0.98702482580270168        297769.38109927031        59.104743533761280        7.3745422483157812       0.75652921303906295                0           0   15798.519109916271        3.6005640583131949E-004  0.50000000000000000              792  0.39894213826134994                0
         155         156  0.50373356431637750       0.18870347651975347       -4.6345267489272665E-003  0.98128177235206437        293320.33962033020        76.435433608783669        10.371910257886750       0.74655810534963940                0           0   16038.148816184937        4.6428632181207922E-004  0.50000000000000000              858  0.46013872913873038                0
         187         188  0.16652052450678573        4.4390738220572948E-002  -5.1200105471243477E-004  0.98740860044556455        313872.49940009229        53.803263366689940        6.7285599573889012       0.66599770826573856                0           0   14987.981637882163        1.5401396217716847E-004  0.50000000000000000              890  0.29437975116314147                0
         255         256   8.3811449474318997E-002   3.0344259974373743E-002  -1.9498774621546684E-004  0.99476358635673934        366335.73421504453        48.606227887337262        9.7441938276480577       0.45169482162449909                0           0   12841.540746017587        1.7373772739312873E-004  0.50000000000000000              958  0.23757303055261642                0
          93          94   8.5361728603296438E-002   7.1347741082274679E-002  -4.1080252103106030E-004  0.97812880800934654        378910.90214675880        55.249666982163497        10.461857798637814       0.48510117579335832                0           0   12415.359998859836        1.7179347800011020E-004  0.50000000000000000              796  0.35206001119728636                0
          95         546  0.62290701776509083       0.52092362269304604       -3.7742888789645459E-003  0.93636362838229803        1958536.0657808571        320.39186060165270        8.4813501375690130       0.51662326628164135                0           0   2401.9548783591990        1.8352478766208041E-003   5.0206194611505904E-003         798  0.31266339699211065                0
          67          68  0.52597586808430075       0.46375414949012228       -9.5351984985231255E-003  0.98266064699714351        341740.68956755206        95.332992401100725        16.141980572635433       0.46872043985892325                0           0   13765.745201713413        5.7947742737167690E-004  0.50000000000000000              770   7.0762395947055801E-002           0
         213         214   8.6717284611907239E-002   1.7710005955573944E-002  -1.1427078035879827E-004  0.98213695314694749        400632.33674856107        50.085097135765906        4.6968618254243193       0.34053739938715166                0           0   11742.225542311169        1.5552041722878169E-004  0.50000000000000000              916  0.15434509473354455                0
         313         314  0.11479116130453372        5.7685466757393881E-002  -3.9453446450446250E-004  0.99253727403468150        435049.79924732697        62.547398305763593        2.9608103197022668       0.44162865120347505                0           0   10813.279918261374        1.7042172232509015E-004  0.50000000000000000             1016   7.7343474783369018E-002           0
         365         366  0.29906545429998188       0.27572229150032296       -3.4223050706489746E-003  0.97703614846779008        409915.73603235272        89.792227251814452        13.655568812390614       0.30173665596837457                0           0   11476.298283102440        5.4424978456707430E-004  0.50000000000000000             1068 -0.23615221623123173                0
         201         202  0.41909726131645580       0.36316033186407948       -5.4401348907038797E-003  0.97784193266974673        439642.50440806977        104.26124217537117        14.432200209244318       0.38667317854987249                0           0   10700.319487940789        6.3220712582260643E-004  0.50000000000000000              904   7.2096188920451984E-002           0
         171         172  0.11855449161888632       0.10910379859810015       -6.3808363105355751E-004  0.99690688946593098        502629.43037454027        75.543937317710842        3.8884790042704891       0.23552028392243152                0           0   9359.4106778413025        1.6222029374787257E-004  0.50000000000000000              874  -7.4443747052136855E-002           0
         347         348  0.19457293008789711        9.8264029982305379E-002  -8.4213227326918961E-004  0.97623178622328566        525292.62380639045        84.608893442837001        5.4978179687581878       0.36762260890209847                0           0   8955.6088253366652        5.1262384884362530E-004  0.25000000000000000             1050  0.15740169383091449                0
         343         344   9.9716206803828866E-002   3.9838043689421537E-002  -1.9541286924161294E-004  0.98547806040898511        644708.77578794607        75.758248904357316        14.668761250226117       0.55393916319006975                0           0   7296.8066114739531        4.6110969753691106E-004  0.50000000000000000             1046   1.7402840357262424                0
          99         100  0.11123848720615616        3.9011678252708890E-002  -1.9764343022701515E-004  0.98119635498491209        697449.45099556562        81.825121918085514        9.2898428388181316       0.54593888823279246                0           0   6745.0268272914218        1.9609050585244134E-004  0.25000000000000000              802  0.13261771323401639                0
         391         392  0.13558686976987694        5.7578981684498085E-002  -2.5446740011902898E-004  0.98428057182237338        1015963.8259505472        114.33226250480101        12.813322015905833       0.30200704191210564                0           0   4630.3964151906221        1.9855493643177781E-004  0.50000000000000000             1094  0.10393591207613080                0
         385         386  0.12648191059682606        5.9749107023494945E-002  -2.5030111744847215E-004  0.99192399726360403        1010156.8010307509        112.51654391747591        16.771883111070803       0.27689620891771993                0           0   4657.0148840700185        1.9971473045980897E-004  0.50000000000000000             1088   7.8512384025448620E-003           0
          41          42  0.11122608390456809        8.6847116325004775E-002  -3.0034655602715249E-004  0.97689552612968544        1076875.4069236529        119.85571002551679        1.2967575276847307       0.83572587359295025                0           0   4368.4861102769009        1.9934720720389158E-004  0.25000000000000000              744  0.52090642450742197                0
         345         346  0.55774375829353751       0.47607345656862060       -4.7923803546830179E-003  0.97923176074338625        1065819.0059203701        206.47940675782556        1.5689898482900979       0.25810262580016236                0           0   4413.8031237137029        1.2529054742208931E-003  0.50000000000000000             1048  -4.2067813650975311E-002           0
          73          74  0.94128231410560004       0.69908498357263338       -1.0547991353088345E-002  0.98595090542721642        1010924.7705775029        232.48741209934116        15.161905238277331       0.55223479222731919                0           0   4653.4770880699325        1.4155097427745917E-003  0.50000000000000000              776  0.38500358146576630                0
         285         286   8.9462339041284894E-002   4.2834040765278178E-002  -1.2838168338598593E-004  0.97556116315563901        1178106.6063545495        111.23605151706303        8.9144872708291576       0.67080153987336044                0           0   3993.1150816660524        1.4410236536712358E-004  0.50000000000000000              988  0.22708684581143579                0
         293         294  0.55382231722128972       0.12326253909399966       -1.3046202120956597E-003  0.97555013427591697        1208714.8768618368        195.00098063437505        10.062416440169622       0.56918378604006414                0           0   3891.9974823661364        1.1809822740092247E-003  0.50000000000000000              996  0.92341797515293056                0
         123         124  0.67985937278035102       0.12376754478802159       -1.4259437356367586E-003  0.97763450747397851        1328700.8239903566        219.90890269502705        7.9183338803506587       0.58777735236423578                0           0   3540.5376234484115        1.3330674591925293E-003  0.50000000000000000              826  0.32050062114378852                0
           7           8  0.10772050310063933        1.1526931384030817E-002  -3.7943697728780554E-005  0.99082248886431246        1424470.1409572540        121.95279694780302        11.499122001660329       0.47252732859508778                0           0   3302.5018372680170        1.6260639909577266E-004   6.2500000000000000E-002         710  -9.7804136888080817E-003           0
         355         356  0.32294731613854971       0.22153041596011064       -1.4146791448691402E-003  0.98835597978780254        1280677.5733209376        188.46314208734015        5.5868340390207907       0.44034097643743320                0           0   3673.3018174480535        1.1488556879049804E-003  0.50000000000000000             1058   6.7487904781770386E-002           0
          85          86   8.0567479673496034E-002   7.0359839832317903E-002  -1.6540594186675728E-004  0.98642166572395873        1357017.8794508749        127.71821781941760        8.4923922438423283       0.32363954658944183                0           0   3466.6567986181526        1.9401392259058692E-004   6.2500000000000000E-002         788  -5.6282386306332498E-002           0
         387         388  0.11696728908539532        8.3148869844046139E-002  -2.2934358861555299E-004  0.95325199381177805        1622106.6571567093        158.03508249635735        4.0873679206779148       0.73229000285197754                0           0   2900.1269656895847        8.8372537056942500E-004   1.4860686090945170E-005        1090  0.14176422222918467                0
         103         104   9.4240900685283069E-002   8.1646476448274677E-002  -1.9581474411928143E-004  0.97430932578693863        1543295.6101144454        146.43699954217337        4.2499852906775635       0.15216129649254906                0           0   3048.2269416265021        8.8618227905427590E-004  0.25000000000000000              806  -4.7505641606235535E-002           0
          65          66   8.1196656538748205E-002   3.2700733033609646E-002  -6.2627861262289943E-005  0.98184767372588766        2149336.5504112290        157.99647215383459        12.800060647658453       0.56349020236982728                0           0   2188.7290088398181        1.9363885980735446E-004  0.50000000000000000              768  0.17588909015841458                0
          15          16  0.12041882448822794        4.7134796559794988E-002  -1.1370748620294229E-004  0.97825164521118502        2263928.7909641471        186.02285177799217        13.151598432857321       0.61005695919989733                0           0   2077.9431210119114        1.1281688166013199E-003  0.50000000000000000              718  0.17914485024231441                0
         243         244  0.10897784068549871        6.2870305948584129E-002  -1.2688985103554134E-004  0.99345305026723485        2514966.0648626112        201.22235189126619        10.461952095041379       0.38150106716197152                0           0   1870.5283237695505        1.2297376519750148E-003  0.50000000000000000              946   7.3631715928352659E-002           0
         265         266   8.4095384718170976E-002   3.6296916915751078E-002  -2.5179261941902157E-005  0.98201122068096125        10108069.628388472        451.77088549851766        3.6575003557792862       0.52786218590671485                0           0   465.40194424786245        2.2693059124339297E-003   1.2150966907918045E-003         968  0.21608097613867280                0
         127         128  0.41687934908818136       0.27898104023835063       -1.0601324713850049E-003  0.99434194081511351        3619474.9262651657        408.83142482301037        12.440352083143274       0.31375718241134737                0           0   1299.7231237899509        2.4997052625840904E-003  0.25000000000000000              830  -2.4241961483791735E-003           0
         217         218   8.1228311512873880E-002   6.5270211912634449E-002  -8.4864059256294254E-005  0.97696892315676265        3390006.8490829859        232.81876606981328        15.820520311216837       0.71848227148016475                0           0   1387.7008121435813        1.4110585494170628E-003  0.50000000000000000              920  0.32153930008924070                0
         143         144  0.25022565110097550       0.15769561095085233       -3.9893226177458845E-004  0.97378367469115990        4047244.7606835263        368.61381757316616        8.9313710533263073       0.64916007146252763                0           0   1162.3500766111972        2.2305190603367172E-003  0.50000000000000000              846  0.21694944983181569                0
          61          62  0.16574606629006447        5.1105325148539382E-002  -1.0680914848388477E-004  0.98146224652464376        3985102.7316611102        295.54272204541036        6.8720766546605203       0.45112115716485929                0           0   1180.4752786595950        1.7952874583487142E-003  0.50000000000000000              764  0.28031905705202520                0
          29          30   9.2064989403419284E-002   3.8673592252436655E-002  -4.8326417632826574E-005  0.98790084533106615        4595724.3541263249        274.56410217347485        5.5792891060487078       0.83781590379915705                0           0   1023.6286807368981        1.6733196375634911E-003  0.25000000000000000              732  0.51027885984426158                0
         405         406   8.7236661288412828E-002   5.5735761705262711E-002  -1.4072219982536795E-005  0.99445045527554632        44632234.652881853        1287.6258805654079        10.398184810098625       0.70990564325037686                0           0   105.40174145954420        7.8733128566099032E-003  0.50000000000000000             1108   1.2959369969834804                0
          45          46   8.6894120985331738E-002   8.6164685909330241E-002  -8.2040856412477007E-005  0.98387083180607882        5506893.1944410549        340.10174038637848        7.3108549558584590       0.65729569959126788                0           0   854.25939664011355        2.0685513436049150E-003  0.50000000000000000              748  0.47182593057100786                0
         161         162   9.3309048906446132E-002   9.2827486138433946E-002  -9.1369373433216979E-005  0.98758045834669828        5621509.8280003369        353.27999170160547        7.2569026348434793       0.40726159163529785                0           0   836.84195199889302        1.8048887505748826E-003   2.7189094076393790E-005         864   8.3420452270741074E-002           0
         289         290  0.10428359770713377        2.3242149003040714E-002  -2.7029290315750259E-005  0.98098932180757259        6248226.3880961509        334.17732613884414        16.680260596485244       0.16176349599947557                0           0   752.90409877068794        1.5449484708317178E-004   2.5950166391638230E-004         992  -4.7026588092871809E-002           0
         115         116   9.5073144526220191E-002   4.6025486525321645E-002  -4.6726263478262970E-005  0.98361077625756288        6339435.9430684811        348.99124241529205        12.570022317549123       0.49392677111363026                0           0   742.07158174513086        2.1223306805025111E-003  0.25000000000000000              818  0.16988566296289073                0
         223         224  0.13901763968801717        6.0776114313866474E-002  -7.7057698490626291E-005  0.98945141116915558        6749296.1672043875        408.60732065938828        5.2358962232576909       0.31776939620796618                0           0   697.00827184078491        2.3965378114837845E-003   2.5007712584183340E-004         926   9.6809453913762528E-002           0
         199         200  0.11230093762090229        4.7925291740752780E-002  -4.9845320530023470E-005  0.98557578802919299        7365259.5215128316        402.38621163417127        9.3907430228683886       0.43406273581105009                0           0   638.71683596540686        2.4494184751019071E-003  0.50000000000000000              902  0.76422563315383840                0
         373         374  0.15845034820673778       0.15233439132851201       -1.7085637436709946E-004  0.97958797349745297        7914606.8375227069        526.47688639961370        5.0412474796819353       0.40172708692927417                0           0   594.38394783451133        3.0370134154089428E-003   5.5864035445527636E-005        1076  0.11358258755599072                0
          69          70  0.10464422723177559       0.10349050793134676       -8.6377732787562200E-005  0.98042651398566583        8085705.8082159301        467.23280664956275        12.170391719839319       0.16494861238922681                0           0   581.80638391081243        2.8368343572848856E-003  0.50000000000000000              772 -0.16249140984469540                0
          51          52  0.11606384615255892        9.5064690585184505E-002  -1.2276543213329298E-004  0.98205345115529663        4872545.5793825211        334.93415447263214        3.9845691088148940       0.45603607150984254                0           0   965.47383313362923        1.9892380511386115E-004  0.50000000000000000              754   6.4450703702355103E-002           0
         267         268  0.11152016154947933        1.9237634443879208E-002  -2.0555962553306885E-005  0.97571179274554087        7747940.7838380896        388.94355198569269        2.2814282484275217       0.54806812233731728                0           0   607.16974856826300        2.0573043290875678E-003   1.1106509276731930E-003         970  0.15328366866623674                0
         367         368  0.20322917187314732       0.17631903439505672       -1.9839460992525918E-004  0.98268257879862997        10353062.198063526        673.09244116122352        13.676486454099578       0.52694008753054211                0           0   454.38877576961477        3.0550170778680117E-003   4.1273207715752702E-004        1070   1.5345266508628537                0
         305         306   8.5255713978393793E-002   1.6586699482616780E-002  -1.1931200371230782E-005  0.97557216214542408        10624387.113807641        441.69112072417624        12.484401104549560       0.24270954553536808                0           0   442.78462439785847        2.6751951435917505E-003  0.50000000000000000             1008   7.6661522331014587E-002           0
         325         326  0.14296285691723640        1.8018411898666035E-002  -1.7591034512000332E-005  0.98525910189351285        11605238.715074902        545.71725305743564        7.3849527257149594       0.38785308470424551                0           0   405.36135215676182        1.9976652747874619E-004  0.50000000000000000             1028   2.6838535288754968E-002           0
         119         120  0.12744757891135747        8.2887871857059842E-002  -6.3848789170769046E-005  0.98269985033698937        12193204.574003790        616.57973866081329        9.1400639402015980       0.25186586871471878                0           0   385.81451078697370        3.7479255214838184E-003  0.50000000000000000              822   6.8386036762923000E-002           0
         133         134  0.13034205300579016        4.8697333779162973E-002  -3.8327416976313721E-005  0.98104994614729324        13234734.157507677        617.16249432066411        6.3914366794524460       0.50694743448824142                0           0   355.45219130647536        3.6420472744823043E-003   6.5345584753066788E-004         836  0.21164459283158402                0
          17          18   8.8310858010865509E-002   3.6165089814597706E-002  -2.2321003472730643E-005  0.98140412768925933        12747100.610456508        533.22349031307033        8.9659115837253545       0.35255486011419468                0           0   369.04982563531280        3.2391129273980847E-003  0.50000000000000000              720  -4.3132247231660509E-002           0
         275         276  0.13196141201412448        6.9014568623332620E-002  -4.7733545776142689E-005  0.97887002274279133        15446966.469975233        711.02254522836461        10.651183670020441       0.42974417183967456                0           0   304.54622056626408        2.9219847242033833E-003   5.4834535114360995E-004         978  0.36997295356211779                0
         399         400  0.17014458503807270        6.6018282057290864E-002  -2.6984145146709641E-005  0.99072260994110928        45922333.918734103        1551.2901059657790        10.960171436222049       0.21783182300580145                0           0   102.44068313186555        4.6806428030314274E-003   8.0712234892600849E-005        1102 -0.12799168500349936                0
         157         158  0.17882018552997023        8.7937108552675433E-002  -4.2075197587028349E-005  0.98506368577900061        36758257.420906104        1392.7779886808760        5.8782422794773712       0.37007752233907720                0           0   127.97982243220277        9.0511052171733414E-004   1.3410443602430115E-004         860   3.8792143444153354E-003           0
         145         146  0.11284151051838727        7.1741434973604884E-002  -2.4259841889014031E-005  0.99380400366488830        37282061.540439300        1243.5702397180542        11.775341866721567       0.41381176679049642                0           0   126.18173629004022        4.3846291378591765E-003   1.7576903772173220E-004         848  0.14702156832779922                0
         221         222  0.10685030920939192        6.9974509155263417E-002  -3.1627290374365246E-005  0.98473020074998985        22713188.518203381        880.99408825439730        12.537951814920744       0.23826254060788571                0           0   207.11822357633807        2.0931662685867961E-003   3.0853051275512188E-005         924 -0.19396068339196543                0
