 121 792   1   452 105   0      0.8   0.46   4.88  5.881     0.0  -0.2385   0.0000
  -1.209956   0.000000   0.288313   0.062472  -0.571267   0.053723   0.000000   0.000000   0.000000   0.000000
   0.00000   0.00000   0.15212   0.03439   0.00000  -1.20996   0.00000   0.00000  -0.92164   0.77512   0.20997   0.00000   0.00000
 NAME(I1)    NAME(I2)    M1[M*]                    M2[M*]                    EB[NB]                    ECC                       P[Days]                   SEMI[AU]                  RI[PC]                    VI[km/s]                  K*(I1)      K*(I2)      ZN[NB]                    RP[NB]                    STEP(I1)[NB]              NAME(ICM)                 ECM[NB]                   K*(ICM)      
           3           4   8.7970317491499028E-002   4.9196061553816367E-002  -9.2897646351125171E-004  0.98018963898304645        71340.815372945974        17.361255191394889        7.4882992414753717       0.18573452021734824                0           0   65941.428242054317        1.0539810829294615E-004  0.50000000000000000              706  0.10993088187318148                0
          57          58   8.8793517676333700E-002   7.4789808565780366E-002  -1.3944536633748324E-003  0.99288618157622466        67519.482439442989        17.747571380570307        13.347621941346009       0.66487060077664251                0           0   69673.449613065080        1.0843421479498632E-004  0.50000000000000000              760   1.1516572721386391                0
          59          60  0.52934127945164156       0.11516011942956719       -3.1001072744619322E-002  0.99635260950274573        9025.0375450904266        7.3279160146024838        16.767477771309672       0.83576042524851113                0           0   521251.59969045070        4.4850020571511419E-005  0.50000000000000000              762   1.4518432824119669                0
          63          64  0.11284127030153632        5.3401276685359052E-002  -1.4468849236327175E-003  0.97984293960292113        54774.265105649982        15.520472950299069        12.080423259861231       0.38708507310324375                0           0   85885.502043175962        9.4206442072616631E-005  0.50000000000000000              766  0.23325822050461062                0
          83          84  0.10272953417562042        4.1373672231505683E-002  -1.2819188696754095E-003  0.97370419826673227        41789.837138321200        12.356008093958177        13.909958685704311       0.36752354716567626                0           0   112570.79662870750        7.4766174595093939E-005  0.50000000000000000              786  0.23215287254987432                0
          87          88  0.10306885414503236        3.0345968261083246E-002  -4.1821248241819420E-003  0.98428134930470224        4652.7998571211401        2.7870887101701558        15.204224652032096       0.31311364383233420                0           0   1011071.9141389197        1.6955045282497800E-005  0.50000000000000000              790   8.7662348330143927E-002           0
         105         106  0.12790761581087476        8.1406408734692293E-002  -3.3640542461646258E-002  0.96974758674909145        989.02684361157492        1.1534833915785283        18.636864597385479       0.31618880332087718                0           0   4756509.1767037120        6.9657331703446991E-006  0.50000000000000000              808  0.11606742252084490                0
         131         132   8.4797441590329786E-002   6.4637458177469395E-002  -7.7121942017657882E-004  0.98912831439601701        128788.41655396212        26.485513546867381        8.1196082050330478       0.44299904800801820                0           0   36527.471829531067        1.6151620773559698E-004   6.2500000000000000E-002         834  0.12135054741265618                0
         137         138  0.13717930409073115       0.13193897190263901       -4.0334545728335997E-003  0.97817964388784162        48147.574536657077        16.722602131164937        11.681035968846297       0.21340063734074349                0           0   97706.173216745112        1.0141787278782275E-004  0.50000000000000000              840  0.66876347578836759                0
         167         168  0.11739175763496201        6.6852661947444644E-002  -1.3371095085191684E-003  0.97921691183512483        87047.450602289726        21.873015901955345        12.747375136117798       0.67986941005809687                0           0   54043.113555826756        1.3272323952673876E-004  0.50000000000000000              870  0.41891875238143894                0
         177         178  0.17518944591650459       0.15841447355487015       -4.8844045916293037E-002  0.97081544669269548        1948.4551180766894        2.1174370246531056        3.8059755176524988       0.80646798517604279                0           0   2414382.1502485364        1.2793853451865820E-005  0.50000000000000000              880  0.50990348765355653                0
         181         182  0.16494482085752635        4.8117280213717237E-002  -2.2342341753636167E-003  0.98308070947828008        38113.841390388654        13.238244572811659        5.3782418487694930       0.31028734775040245                0           0   123428.00111539195        8.0485139620415977E-005  0.50000000000000000              884   4.8922733390623710E-002           0
         193         194  0.13607741833753259        1.4509867592654014E-002  -3.3139095177587647E-004  0.98026160729439438        98477.807758994706        22.203845682541278        15.674429374188069       0.73167383663241770                0           0   47770.308506030713        1.3480179630591914E-004  0.50000000000000000              896   1.1876320621824594                0
         195         196  0.23980714281985319       0.16746154432118399       -1.7866781603804005E-002  0.96643523058497638        13874.745800257982        8.3762612435180923        10.985170732039879       0.99224318489358321                0           0   339055.96004197007        5.0498069052990366E-005  0.50000000000000000              898  0.75078373539264043                0
         207         208   9.9440827635248155E-002   5.0100703362626467E-002  -8.7683211256005204E-003  0.98112175417415370        2910.2243960466299        2.1174416066239212        4.0808779449956765       0.73146939974335923                0           0   1616478.5313583727        1.2860786271453537E-005  0.50000000000000000              910  0.45657620097654450                0
         225         226  0.11258739991983015        4.7810171057872303E-002  -9.4939383745014589E-004  0.98185672257896206        88575.957032427817        21.129198100363176        15.827546466609945       0.65578434027441701                0           0   53110.521356517827        1.2838083044770557E-004  0.50000000000000000              928   1.1133857047045450                0
         235         236   9.9158490776633662E-002   3.5661683213779022E-002  -5.1301121046354124E-003  0.96614283730650707        4095.4263718306088        2.5687641194955386        6.7837385694987926       0.30676390241670071                0           0   1148675.3345151674        1.5484037106406675E-005  0.50000000000000000              938  0.12370757259149760                0
         239         240   8.3253089810449737E-002   5.9845060969569666E-002  -7.4110620056441019E-004  0.97866503909393976        121080.59857328323        25.053451414275163        15.530576271432416       0.48242034550294222                0           0   38852.758518512826        1.5197941044801133E-004  0.50000000000000000              942  0.14807502698200972                0
         247         248  0.12867704596478571        5.6124925773135610E-002  -4.8755267774440045E-002  0.97148621675522984        348.47281385192167       0.55201979559906922        19.233387959720151       0.60181637228163842                0           0   13499805.639483234        3.3365167437779866E-006  0.50000000000000000              950  0.54687593408769519                0
         249         250   8.3325272192247987E-002   6.4931060179189190E-002  -5.9417119074347373E-003  0.97581540753508467        5929.7866670524481        3.3934150410168407        16.685393393729520       0.46878918305927370                0           0   793336.34104971308        2.0555510157367267E-005  0.50000000000000000              952   1.3358846413695811                0
         271         272  0.13618545113931463       0.10282415591629936       -1.7643068358636144E-003  0.98806680624688603        120181.93023047518        29.578155387187675        6.5168914316974886       0.49301075845769199                0           0   39143.282593508091        1.8027976026539725E-004  0.50000000000000000              974   8.5865459363138580E-002           0
         287         288   8.8414603939471620E-002   4.2704642040310346E-002  -5.8515194294090581E-004  0.98093659039144399        118941.02246670357        24.046383900145148        2.9306300410516157       0.61248584808975748                0           0   39551.663169548527        1.4603779329379048E-004  0.50000000000000000              990  0.21271562517182979                0
         291         292  0.10251315781699964        2.9651563345757474E-002  -1.1831110334550475E-003  0.98075559013170377        29765.556837160901        9.5746088155111213        9.5389722508974728       0.59265318654166499                0           0   158045.59892431262        5.8142920318824777E-005   6.2500000000000000E-002         994  0.24135416944341970                0
         303         304  0.77980953382043972       0.33783563817501155       -5.2382472905160467E-002  0.97671789874474535        28033.625192942258        18.742492285908785        5.9343839602380903       0.63371839891834270                0           0   167809.73653129677        1.1358394461059082E-004  0.50000000000000000             1006  0.22963523986553480                0
         311         312  0.16827131513595273       0.11782564957455051       -9.1314488263872420E-003  0.97485864189666582        15717.300866973132        8.0915100549741776        14.443985908455735       0.17148598670901596                0           0   299308.08714936365        4.8990345746074786E-005  0.50000000000000000             1014 -0.14273057584289151                0
         321         322  0.12252965187021556        4.0765808550071510E-002  -1.0952504619379879E-003  0.97557453106160041        63331.226025514967        16.995860241612995        16.829875167855391       0.42938247158373782                0           0   74281.133539866772        1.0293936416602254E-004  0.50000000000000000             1024  0.78454817456372461                0
         323         324  0.13577855073708561        2.1714876777924844E-002  -1.0672784058174505E-003  0.97737634574565457        30402.145619620234        10.295090097572151        12.214248478824054       0.61848795708461168                0           0   154736.29119810546        6.2411468000077191E-005  0.50000000000000000             1026  0.38848521613386988                0
         337         338  0.14234346256931027        4.8688670540606271E-002  -2.7220309402593351E-003  0.98436219341894415        24424.438780536861        9.4883723855236379        16.400563015079264       0.42902718451498612                0           0   192606.89262565569        5.7724153992768256E-005  0.50000000000000000             1040   1.5592997098868673                0
         357         358   7.9717634398698847E-002   3.5168480550120958E-002  -1.1543449013877967E-003  0.99034897964864510        29342.295402160125        9.0508997532508531        13.550301628031848       0.51482253579279014                0           0   160325.40035359471        5.5228836842580753E-005  0.50000000000000000             1060  0.89380100081055924                0
         363         364   8.0030474895858961E-002   2.5241398542184282E-002  -3.2505135387658957E-004  0.96900162088983910        125469.53716214608        23.159872534501439        10.112098824320936       0.68682725488970586                0           0   37493.684634903126        1.3980643129274424E-004  0.50000000000000000             1066  0.47951059443255745                0
         371         372   9.0756420354949963E-002   8.9399293653254358E-002  -1.4941626717007766E-003  0.97790038526241019        78336.750524128642        20.236383406048532        7.8449910998317973       0.41558013632557311                0           0   60052.468683849453        1.2271064128272370E-004  0.50000000000000000             1074  0.20627360273534148                0
         383         384   9.3433970454860987E-002   6.5975786712685114E-002  -2.9999592269293533E-003  0.97176827062077331        19385.313257799193        7.6576121486429507        12.926418114204651       0.49628466696406770                0           0   242674.19334851863        4.6290742961604388E-005  0.50000000000000000             1086  0.51437858685993865                0
         395         396  0.10118924464727580        7.2387835402996439E-002  -4.0679476328368365E-003  0.98184110250843104        15239.121285685993        6.7103307468978812        7.7546450137360328       0.47398277091392627                0           0   308699.90266850201        4.0771591993552411E-005  0.50000000000000000             1098   5.7560644514380116E-002           0
         401         402  0.11008182267075275        8.1520559788653676E-002  -2.1754919003101718E-003  0.98946501741247106        50292.904508829961        15.372504553420699        9.6308041485553399       0.45406750867986506                0           0   93538.349069078395        9.3761781152373525E-005  0.50000000000000000             1104  0.16405675670697617                0
         219         220   5.9461379470541447        2.5291364086335988      -0.75299076982192070       0.98221912150944157        80559.862777643633        74.428097414589246        9.4513286780763579       0.23076610175906345                0           0   58395.273967004177        4.5230718866207646E-004  0.50000000000000000              922  0.17269620654846296                0
         159         160  0.52009082554844766       0.13749382338007102       -6.8562166579241961E-003  0.98252657550525302        109146.58921206869        38.868446659729038        4.9277684289111665       0.57022109375964591                0           0   43100.891119047374        2.3624417772278330E-004  0.50000000000000000              862  0.21514229570949595                0
           1           2   2.0244841138268650       0.61000484406818434       -7.0741485713423660E-002  0.98738152934187551        118081.33591071346        65.056817812538299        13.865886043003103       0.47104852375592771                0           0   39839.617509086311        3.9638661146352313E-004  0.50000000000000000              704  0.10252826510093029                0
         283         284  0.18094602805437388        8.1870494517192083E-002  -1.6064068193646895E-003  0.97697797871714775        143540.44546752289        34.366892541613126        5.2496956508763040       0.29629968856190469                0           0   32773.447527785116        2.0829891525217590E-004  0.50000000000000000              986  -4.4900139855236713E-002           0
         185         186  0.24628085064239766        6.9358336926096664E-002  -1.8551080494142963E-003  0.99057546901522908        130681.44545928008        34.314639623851313        10.685999198444767       0.55370578200614129                0           0   35998.341165507023        2.0941269287605858E-004  0.50000000000000000              888  0.25122670851203771                0
         191         192  0.17819880543248182        5.0730547014061628E-002  -8.9966543292994278E-004  0.98450778698896024        174927.64032278312        37.446621017460309        16.071992666052868       0.61956169033096875                0           0   26892.921261409472        2.2782970840593575E-004  0.50000000000000000              894  0.50374901567209474                0
          71          72  0.16939743337267674        2.6319217633798585E-002  -4.7647967898261517E-004  0.96976219828091648        170003.73667627125        34.870225322542275        10.055508666595692       0.27072029582939100                0           0   27671.834452691655        1.5082883319385277E-004  0.50000000000000000              774 -0.14236457127781904                0
          53          54  0.10539273585624893        8.3691576402142989E-002  -9.4861616487088496E-004  0.98840746126056767        171334.30925667207        34.651436372167325        12.385721531576523       0.28711260300788743                0           0   27456.936547351612        2.1096666920612941E-004  0.50000000000000000              756 -0.17569085564414200                0
         245         246  0.10614450888457336        7.9534736728126665E-002  -8.8338078697462622E-004  0.97533507163214717        180155.36208468804        35.614411017835778        12.532951777774009       0.19946658696389341                0           0   26112.546433302068        2.1568078356416255E-004  0.50000000000000000              948  0.14745241848852464                0
         331         332  0.12214104311112879        9.8521910482032543E-002  -1.1537755047203683E-003  0.97154055198387024        188414.45473505274        38.868024797675822        13.340823601758492       0.29554949174912110                0           0   24967.910579153504        2.3493249830021899E-004  0.50000000000000000             1034   2.9533152393751788E-002           0
         203         204  0.10958957416913398        5.6611292613942377E-002  -6.2817234305771752E-004  0.98494187057407623        200051.97130642890        36.805509599966030        13.028724865487298       0.15798171532809946                0           0   23515.465640870621        1.6988547057778460E-004  0.50000000000000000              906 -0.19272236732143785                0
          21          22  0.17137201111473407        1.8580527211685235E-002  -2.8964617018065918E-004  0.97725619083110171        219756.57682243298        40.968444197440832        7.7508172882711142       0.24031566465083226                0           0   21406.937283364805        1.8343950172520064E-004  0.50000000000000000              724   9.5853703630573980E-002           0
         369         370  0.35577330781196675       0.28758888866695975       -6.5923629871082615E-003  0.96841922705639494        200307.85819162280        57.839387851881206        17.429458108280727       0.42950814135055992                0           0   23485.425385280789        3.4904883910831302E-004  0.50000000000000000             1072   1.6789977518157384                0
          77          78   9.3430964505624117E-002   2.0354482771848002E-002  -1.6334883162896549E-004  0.97425183352183942        309441.22681298596        43.386459025179242        13.738497202651434       0.52319242392758214                0           0   15202.613129787858        1.8457846561722538E-004  0.50000000000000000              780  0.92288205208353258                0
         315         316  0.30834333591613694       0.21242803698149326       -3.5544000840579989E-003  0.96932722246065328        288048.63087816222        68.675120176768687        10.307042141046631       0.36172344775667714                0           0   16331.670257563481        4.1463143421502049E-004   3.1250000000000000E-002        1018  0.21959673411022346                0
          89          90  0.20842321107894346       0.10223825271363279       -1.3435582502014560E-003  0.98702482580270168        297769.38109927031        59.104743533761280        7.9628938679368231       0.77147089159651017                0           0   15798.519109916271        3.6005640583131949E-004  0.50000000000000000              792  0.42810366558856028                0
         155         156  0.50373356431637750       0.18870347651975347       -4.6345267489272665E-003  0.98128177235206437        293320.33962033020        76.435433608783669        11.037146121208238       0.69254165324563710                0           0   16038.148816184937        4.6428632181207922E-004  0.50000000000000000              858  0.41949481209846451                0
         187         188  0.16652052450678573        4.4390738220572948E-002  -5.1200105471243477E-004  0.98740860044556455        313872.49940009229        53.803263366689940        7.5774107360906067       0.67840410155179498                0           0   14987.981637882163        1.5401396217716847E-004  0.50000000000000000              890  0.31171389144861678                0
         255         256   8.3811449474318997E-002   3.0344259974373743E-002  -1.9498774621546684E-004  0.99476358635673934        366335.73421504453        48.606227887337262        11.556266659750584       0.46305285358354603                0           0   12841.540746017587        1.7373772739312873E-004  0.50000000000000000              958  0.28209614299360863                0
          93          94   8.5361728603296438E-002   7.1347741082274679E-002  -4.1080252103106030E-004  0.97812880800934654        378910.90214675880        55.249666982163497        13.114206242121329       0.40516749805064323                0           0   12415.359998859836        1.7179347800011020E-004  0.50000000000000000              796  0.39445427642764153                0
          95         546  0.62290701776509083       0.52092362269304604       -3.7742804026413080E-003  0.93635501743906524        1958542.6635394960        320.39258014145463        10.672128025573748       0.50444706152950392                0           0   2401.9467868742167        1.8694817982752700E-003   1.2748867407028899E-003         798  0.36775312721798115                0
          67          68  0.52597586808430075       0.46375414949012228       -9.5351984985231255E-003  0.98266064699714351        341740.68956755206        95.332992401100725        16.858149361757299       0.41700438816446334                0           0   13765.745201713413        5.7947742737167690E-004  0.50000000000000000              770  0.11792264336879274                0
         213         214   8.6717284611907239E-002   1.7710005955573944E-002  -1.1427078035879827E-004  0.98213695314694749        400632.33674856107        50.085097135765906        8.0965764345232252       0.35023306847039404                0           0   11742.225542311169        1.5552041722878169E-004  0.50000000000000000              916  0.17843523514192908                0
         313         314  0.11479116130453372        5.7685466757393881E-002  -3.9453446450446250E-004  0.99253727403468150        435049.79924732697        62.547398305763593        4.8274801799221079       0.39999089818185962                0           0   10813.279918261374        1.7042172232509015E-004  0.50000000000000000             1016   9.1029123981692786E-002           0
         365         366  0.29906545429998188       0.27572229150032296       -3.4223050706489746E-003  0.97703614846779008        409915.73603235272        89.792227251814452        13.642020097050525       0.29776780244664774                0           0   11476.298283102440        5.4424978456707430E-004  0.50000000000000000             1068 -0.23167102587468927                0
         201         202  0.41909726131645580       0.36316033186407948       -5.4401348907038797E-003  0.97784193266974673        439642.50440806977        104.26124217537117        12.956446782475535       0.39098697153791551                0           0   10700.319487940789        6.3220712582260643E-004  0.50000000000000000              904   4.8743041544548962E-002           0
         171         172  0.11855449161888632       0.10910379859810015       -6.3808363105355751E-004  0.99690688946593098        502629.43037454027        75.543937317710842        3.1688928117384818       0.22918537690432206                0           0   9359.4106778413025        1.6222029374787257E-004  0.25000000000000000              874  -8.3237968212348815E-002           0
         347         348  0.19457293008789711        9.8264029982305379E-002  -8.4213227326918961E-004  0.97623178622328566        525292.62380639045        84.608893442837001        5.9811551363628892       0.41616211862429348                0           0   8955.6088253366652        5.1262384884362530E-004   6.2500000000000000E-002        1050  0.17596953324674600                0
         343         344   9.9716206803828866E-002   3.9838043689421537E-002  -1.9541286924161294E-004  0.98547806040898511        644708.77578794607        75.758248904357316        17.570454999209904       0.61089365566309994                0           0   7296.8066114739531        4.6110969753691106E-004  0.50000000000000000             1046   1.8256870200118507                0
          55          56   8.3915877860446200E-002   1.7498204653530233E-002  -7.7740196882517218E-005  0.96898154446861051        677342.13462491788        70.390059717499767        13.545062301302513       0.15587315675896632                0           0   6945.2570823012566        1.8325936041652929E-004  0.50000000000000000              758 -0.19779647323637994                0
          99         100  0.11123848720615616        3.9011678252708890E-002  -1.9764343022701515E-004  0.98119635498491209        697449.45099556562        81.825121918085514        10.384360840501687       0.54301464840550184                0           0   6745.0268272914218        1.9609050585244134E-004  0.50000000000000000              802  0.14052941108549671                0
         391         392  0.13558686976987694        5.7578981684498085E-002  -2.5446740011902898E-004  0.98428057182237338        1015963.8259505472        114.33226250480101        12.960235570333731       0.35036768575303429                0           0   4630.3964151906221        1.9855493643177781E-004  0.50000000000000000             1094  0.14432600632778919                0
         385         386  0.12648191059682606        5.9749107023494945E-002  -2.5030111744847215E-004  0.99192399726360403        1010156.8010307509        112.51654391747591        14.253449638613267       0.28174131613863129                0           0   4657.0148840700185        1.9971473045980897E-004  0.50000000000000000             1088  -1.1033012906202080E-002           0
          41          42  0.11122608390456809        8.6847116325004775E-002  -3.0034655602715249E-004  0.97689552612968544        1076875.4069236529        119.85571002551679        3.3537607156249671       0.81655043480925182                0           0   4368.4861102769009        1.9934720720389158E-004  0.50000000000000000              744  0.51131868660863400                0
         345         346  0.55774375829353751       0.47607345656862060       -4.7923803546830179E-003  0.97923176074338625        1065819.0059203701        206.47940675782556        2.2068750434299780       0.24411435020014874                0           0   4413.8031237137029        1.2529054742208931E-003  0.50000000000000000             1048  -3.1709872665012517E-002           0
          73          74  0.94128231410560004       0.69908498357263338       -1.0547991353088345E-002  0.98595090542721642        1010924.7705775029        232.48741209934116        13.146977939632668       0.49033073946571276                0           0   4653.4770880699325        1.4155097427745917E-003  0.50000000000000000              776  0.32409460682190971                0
         285         286   8.9462339041284894E-002   4.2834040765278178E-002  -1.2838168338598593E-004  0.97556116315563901        1178106.6063545495        111.23605151706303        8.5205298578057054       0.65559798123888380                0           0   3993.1150816660524        1.4410236536712358E-004  0.25000000000000000              988  0.21659551148735742                0
         293         294  0.55382231722128972       0.12326253909399966       -1.3046202120956597E-003  0.97555013427591697        1208714.8768618368        195.00098063437505        13.221650228221208       0.47730836110984387                0           0   3891.9974823661364        1.1809822740092247E-003  0.50000000000000000              996  0.99437007670623645                0
         123         124  0.67985937278035102       0.12376754478802159       -1.4259437356367586E-003  0.97763450747397851        1328700.8239903566        219.90890269502705        10.200032495350031       0.54174455941917743                0           0   3540.5376234484115        1.3330674591925293E-003  0.25000000000000000              826  0.34989295102000162                0
           7           8  0.10772050310063933        1.1526931384030817E-002  -3.7943697728780554E-005  0.99082248886431246        1424470.1409572540        121.95279694780302        9.3520719440401674       0.43835315597456093                0           0   3302.5018372680170        1.6260639909577266E-004  0.25000000000000000              710  -2.5105822517210538E-002           0
         355         356  0.32294731613854971       0.22153041596011064       -1.4146791448691402E-003  0.98835597978780254        1280677.5733209376        188.46314208734015        6.5448835246520556       0.41772172966922705                0           0   3673.3018174480535        1.1488556879049804E-003  0.50000000000000000             1058   6.7352074328465100E-002           0
         117         118  0.40216802461087314       0.11268199431891886       -9.3948131643061938E-004  0.97690707695788359        1226845.1060164988        179.76007936485891        15.343349370509367       0.49917843450155858                0           0   3834.4818221751120        1.0894929361876689E-003  0.50000000000000000              820  0.95813974923777312                0
          85          86   8.0567479673496034E-002   7.0359839832317903E-002  -1.6540594186675728E-004  0.98642166572395873        1357017.8794508749        127.71821781941760        6.9294812777030703       0.30595692338338976                0           0   3466.6567986181526        1.9401392259058692E-004  0.25000000000000000              788  -7.2513565129254276E-002           0
          47          48   9.8900608463481726E-002   3.1153535981132970E-002  -9.0443949087021743E-005  0.96929450295796848        1448762.9164048610        126.95392421516813        15.527030262028807       0.80462764765056571                0           0   3247.1256714098058        1.9207619232510233E-004  0.50000000000000000              750  0.40651292922771159                0
         387         388  0.11696728908539532        8.3148869844046139E-002  -2.2937623387958063E-004  0.96438617854598885        1621760.3774984069        158.01259064135360        7.6644352375400748       0.68366810473588457                0           0   2900.7462032715644        7.0668681137278243E-004   1.6174792244584343E-005        1090  0.19463361657103118                0
         103         104   9.4240900685283069E-002   8.1646476448274677E-002  -1.9581474411928143E-004  0.97430932578693863        1543295.6101144454        146.43699954217337        6.6003392841278332       0.15538882039300783                0           0   3048.2269416265021        8.8618227905427590E-004  0.25000000000000000              806  -4.3115919029221225E-002           0
         215         216   9.9764396033006283E-002   5.7531129034738331E-002  -1.3467170227244636E-004  0.99202500142069505        1843377.2888768672        158.82594977762659        17.713682654723854       0.29409086703426945                0           0   2552.0089056272404        1.9606910170443681E-004  0.50000000000000000              918 -0.28048525562878446                0
          65          66   8.1196656538748205E-002   3.2700733033609646E-002  -6.2627861262289943E-005  0.98184767372588766        2149336.5504112290        157.99647215383459        10.583926567747795       0.55864304902031381                0           0   2188.7290088398181        1.9363885980735446E-004  0.50000000000000000              768  0.14564985715496304                0
          15          16  0.12041882448822794        4.7134796559794988E-002  -1.1370748620294229E-004  0.97825164521118502        2263928.7909641471        186.02285177799217        12.539934726976639       0.58405383243701714                0           0   2077.9431210119114        1.1281688166013199E-003  0.25000000000000000              718  0.22018097682252274                0
         243         244  0.10897784068549871        6.2870305948584129E-002  -1.2688985103554134E-004  0.99345305026723485        2514966.0648626112        201.22235189126619        11.938304759660872       0.35362876950396382                0           0   1870.5283237695505        1.2297376519750148E-003  0.50000000000000000              946   8.9392465346607580E-002           0
          37          38  0.10983277472157330        9.0349772612143470E-002  -1.6313461273031012E-004  0.98167519740275366        2786284.6185355540        226.68993556755197        16.143137181434223       0.58651380865757763                0           0   1688.3828831949368        1.3772225981147541E-003  0.50000000000000000              740  -8.2726746464179490E-002           0
         403         404  0.17519688796893346        3.8994197612049461E-002  -1.0593124994946791E-004  0.98389398794947802        2940505.1955726654        240.33754187503808        13.536791189622505       0.45737878110025004                0           0   1599.8323229381656        1.2987051702392247E-003   7.1815597315474174E-004        1106  0.12877119076533028                0
         127         128  0.41687934908818136       0.27898104023835063       -1.0601324713850049E-003  0.99434194081511351        3619474.9262651657        408.83142482301037        11.707070889937190       0.25683779567526960                0           0   1299.7231237899509        2.4997052625840904E-003  0.50000000000000000              830   2.8420678742035972E-002           0
         217         218   8.1228311512873880E-002   6.5270211912634449E-002  -8.4864059256294254E-005  0.97696892315676265        3390006.8490829859        232.81876606981328        14.871717216961139       0.76612578267008680                0           0   1387.7008121435813        1.4110585494170628E-003  0.50000000000000000              920  0.28181310483068267                0
         175         176   8.2952047495663137E-002   3.6571247402372269E-002  -5.1727557533235136E-005  0.99014128839922644        3413581.8258955539        218.55676191145841        15.832923421633140       0.59415563996033027                0           0   1378.1170329527943        1.0180239468142397E-003   1.7079504237593238E-003         878   4.0594296154056131E-002           0
         143         144  0.25022565110097550       0.15769561095085233       -3.9893226177458845E-004  0.97378367469115990        4047244.7606835263        368.61381757316616        8.3479754031824243       0.62886033552942433                0           0   1162.3500766111972        2.2305190603367172E-003  0.50000000000000000              846  0.20575863508547965                0
          61          62  0.16574606629006447        5.1105325148539382E-002  -1.0680914848388477E-004  0.98146224652464376        3985102.7316611102        295.54272204541036        9.2641164574762875       0.42672261873664846                0           0   1180.4752786595950        1.7952874583487142E-003  0.50000000000000000              764  0.31673655842025988                0
          29          30   9.2064989403419284E-002   3.8673592252436655E-002  -4.8326417632826574E-005  0.98790084533106615        4595724.3541263249        274.56410217347485        5.6019802308800344       0.79993475714025031                0           0   1023.6286807368981        1.6733196375634911E-003  0.25000000000000000              732  0.46480564241952449                0
         237         238  0.17519413512811899        4.8620481183886892E-002  -9.6133046925272949E-005  0.99516489023133436        4632593.2409340926        330.20636827131904        17.169204056076435       0.57247908959975491                0           0   1015.4820449326151        1.9984115928462558E-004  0.50000000000000000              940  0.71358653248311543                0
         147         148  0.31456825641218544       0.25964081492902225       -6.6243600918377415E-004  0.98456015427272825        4747337.3481747657        459.47645601886813        15.473657367077585       0.46255157457867230                0           0   990.93763780099937        1.9668248657376449E-004  0.50000000000000000              850  0.11983662637863912                0
         399         400  0.17014458503807270        6.6018282057290864E-002  -2.6982715290004494E-005  0.99086083567444849        45925984.212611750        1551.3723112789141        10.261320259134331       0.22408673240711041                0           0   102.43254093078117        9.4227203937792062E-003   1.1166750771739261E-004        1102 -0.15320254753207813                0
         281         282   8.0478030877779258E-002   1.6466831233086777E-002  -1.7957711365664539E-005  0.98263129270819827        5350094.0165717080        275.01458415114723        13.984006591833801       0.55165251782192004                0           0   879.29581107796037        1.5764617667770372E-003   2.2897688515250000E-003         984  0.45268161864196910                0
          45          46   8.6894120985331738E-002   8.6164685909330241E-002  -8.2040856412477007E-005  0.98387083180607882        5506893.1944410549        340.10174038637848        9.4082989403364810       0.61523204432985779                0           0   854.25939664011355        2.0685513436049150E-003  0.50000000000000000              748  0.51220578087021096                0
         161         162   9.3309048906446132E-002   9.2827486138433946E-002  -9.1369841878591876E-005  0.98811702379335498        5621466.5965546621        353.27818046526357        8.0112064428254381       0.49602571374690130                0           0   836.84838766594976        1.5863066117459343E-003   1.0501577071183713E-004         864  0.15926971022528286                0
         309         310  0.10545420084030525        5.3264404142991120E-002  -5.7855495593977865E-005  0.98363597107776712        6309425.5400360068        361.80592593708820        13.956256789301095       0.53858922007734611                0           0   745.60120058377254        2.2003001492994592E-003  0.50000000000000000             1012  -2.5013922390893617E-002           0
         189         190  0.11107991559331475        5.1209466390144058E-002  -5.9401457297079668E-005  0.98671314114777653        6112335.9088638304        356.86834591407722        18.242040569366122       0.16249983395929507                0           0   769.64278923590894        2.1736268209196817E-003  0.50000000000000000              892 -0.14541966760953529                0
         289         290  0.10428359770713377        2.3242149003040714E-002  -2.7029439804166025E-005  0.98098728095540255        6248174.5537159676        334.17547794519197        14.728369781735177       0.16123919535860892                0           0   752.91034480574376        2.0203099560911642E-003   1.1293242222047122E-003         992  -6.0675762503213250E-002           0
         115         116   9.5073144526220191E-002   4.6025486525321645E-002  -4.6726263478262970E-005  0.98361077625756288        6339435.9430684811        348.99124241529205        11.032109352282294       0.45838456397779831                0           0   742.07158174513086        2.1223306805025111E-003  0.50000000000000000              818  0.19413284366386269                0
         223         224  0.13901763968801717        6.0776114313866474E-002  -7.7058831807861990E-005  0.98944850081488778        6749147.2731963014        408.60131120260996        8.2123784858560409       0.37484089235110951                0           0   697.02364865078221        2.0415209938386561E-003   9.2654674819533174E-004         926  0.15067678905986953                0
         299         300   9.2079428251349071E-002   8.2023039557947389E-002  -6.9096092460338055E-005  0.98687483071725146        7196713.9848976145        407.34681161195681        17.410589880300499       0.10398965038277648                0           0   653.67545070108690        1.0591609037034523E-003   7.1715624853640352E-004        1002 -0.35598899139525664                0
         199         200  0.11230093762090229        4.7925291740752780E-002  -4.9845320530023470E-005  0.98557578802919299        7365259.5215128316        402.38621163417127        12.749414724813164       0.29996459437307632                0           0   638.71683596540686        2.4494184751019071E-003  0.50000000000000000              902  0.84869324588266681                0
         373         374  0.15845034820673778       0.15233439132851201       -1.7085612197831126E-004  0.97950978996841143        7914624.3747236850        526.47766411165492        7.3410391497750700       0.43449712348649866                0           0   594.38263080034039        2.0972219957759151E-003   1.8564427593006360E-004        1076  0.13609896041941708                0
          69          70  0.10464422723177559       0.10349050793134676       -8.6377732787562200E-005  0.98042651398566583        8085705.8082159301        467.23280664956275        12.289303082507578       0.17576768075758012                0           0   581.80638391081243        2.8368343572848856E-003  0.50000000000000000              772 -0.15188855635311443                0
          51          52  0.11606384615255892        9.5064690585184505E-002  -1.2276543213329298E-004  0.98205345115529663        4872545.5793825211        334.93415447263214        1.8591633214769654       0.44139225345624999                0           0   965.47383313362923        1.9892380511386115E-004   3.1250000000000000E-002         754   4.7742910150724759E-002           0
         183         184  0.10185732075756881        5.4219839429199369E-002  -4.3501583689349359E-005  0.97501977920872651        9514098.9256922733        473.11284973601329        16.676139899514585       0.35560146788619212                0           0   494.45725700213529        2.7590194588053723E-003   7.5448854782351658E-005         886   1.2777319479124960                0
         265         266   8.4095384718170976E-002   3.6296916915751078E-002  -2.5177873618930980E-005  0.98207753657894459        10108905.687397305        451.79579641464744        6.3911306732298181       0.47084400157444273                0           0   465.36345308964519        2.5419800235687898E-003   1.3113407462413335E-003         968  0.24126288716187325                0
         367         368  0.20322917187314732       0.17631903439505672       -1.9839575043260478E-004  0.98270166638356582        10352972.924025467        673.08857178966832        16.800962159692876       0.52577106953394859                0           0   454.39269397950090        3.7673211595567022E-003   4.5757562550471529E-004        1070   1.6213546925056579                0
         305         306   8.5255713978393793E-002   1.6586699482616780E-002  -1.1931200371230782E-005  0.97557216214542408        10624387.113807641        441.69112072417624        14.330214048882254       0.28897979846942656                0           0   442.78462439785847        2.6751951435917505E-003  0.50000000000000000             1008  0.11340752453202624                0
         325         326  0.14296285691723640        1.8018411898666035E-002  -1.7591034512000332E-005  0.98525910189351285        11605238.715074902        545.71725305743564        6.0374022163355514       0.35300093534859039                0           0   405.36135215676182        1.9976652747874619E-004  0.25000000000000000             1028   2.7728586975804763E-002           0
         119         120  0.12744757891135747        8.2887871857059842E-002  -6.3848789170769046E-005  0.98269985033698937        12193204.574003790        616.57973866081329        6.2154677134636360       0.27102355550296614                0           0   385.81451078697370        3.7479255214838184E-003  0.50000000000000000              822   2.7290138571407108E-002           0
         133         134  0.13034205300579016        4.8697333779162973E-002  -3.8327395133511022E-005  0.98105617250270172        13234745.471232250        617.16284604189514        9.4689267037086022       0.43792598724300691                0           0   355.45188744810497        3.3453654358282111E-003   6.2750318336845157E-004         836  0.24159074870548225                0
          17          18   8.8310858010865509E-002   3.6165089814597706E-002  -2.2321003472730643E-005  0.98140412768925933        12747100.610456508        533.22349031307033        9.7735386941517177       0.36236845373827958                0           0   369.04982563531280        3.2391129273980847E-003  0.50000000000000000              720  -4.7122697830063898E-002           0
         275         276  0.13196141201412448        6.9014568623332620E-002  -4.7733588825811743E-005  0.97883894631860136        15446945.573160406        711.02190397582081        12.593315179525657       0.40284413407259889                0           0   304.54663256007524        2.3238224839693378E-003   4.8581138449573988E-004         978  0.41728678996221680                0
         221         222  0.10685030920939192        6.9974509155263417E-002  -3.1624999186368431E-005  0.98418561458688425        22715656.872138079        881.05791507280685        11.458278618165549       0.17272436476170624                0           0   207.09571746590555        5.3424263142530168E-003   4.7874491907173858E-005         924 -0.22542675385395577                0
         157         158  0.17882018552997023        8.7937108552675433E-002  -4.2075756944852487E-005  0.98508366471419107        36757524.423378028        1392.7594730005455        7.2622609918707459       0.37181574810239365                0           0   127.98237453262188        8.4718352265076811E-003   4.0398954079847002E-004         860   2.2782336642296043E-002           0
         145         146  0.11284151051838727        7.1741434973604884E-002  -2.4259741422238548E-005  0.99377779657576082        37282293.134769954        1243.5753897107888        13.392154709747606       0.40118994171091898                0           0   126.18095246017627        7.5973006011308348E-003   4.6341521505426547E-004         848  0.16425662807218400                0
         405         406   8.7236661288412828E-002   5.5735761705262711E-002  -1.4072219982536795E-005  0.99445045527554632        44632234.652881853        1287.6258805654079        14.718638687088513       0.61669939379577166                0           0   105.40174145954420        7.8733128566099032E-003  0.50000000000000000             1108   1.3789744265526174                0
