 1031593   1   373 107   0      1.6   7.73   4.63  5.505     0.0  -0.2148   0.0000
  -1.118025   0.000000   0.245991   0.096985  -0.663599   0.060150   0.000000   0.000000   0.000000   0.000000
   0.00000   0.00000   0.13655   0.02861   0.00000  -1.11802   0.00000   0.00000  -0.87203   0.66276   0.19282   0.00000   0.00000
 NAME(I1)    NAME(I2)    M1[M*]                    M2[M*]                    EB[NB]                    ECC                       P[Days]                   SEMI[AU]                  RI[PC]                    VI[km/s]                  K*(I1)      K*(I2)      ZN[NB]                    RP[NB]                    STEP(I1)[NB]              NAME(ICM)                 ECM[NB]                   K*(ICM)      
           3           4   8.7970317491499028E-002   4.9196061553816367E-002  -9.2897646351125171E-004  0.98018963898304645        71340.815372945974        17.361255191394889        3.6115235920434716       0.20514787124747524                0           0   65941.428242054317        1.0539810829294615E-004  0.50000000000000000              706   6.7042073471236363E-002           0
          59          60  0.52934127945164156       0.11516011942956719       -3.1001072744619322E-002  0.99635260950274573        9025.0375450904266        7.3279160146024838        14.209289507145174       0.91222983891260134                0           0   521251.59969045070        4.4850020571511419E-005  0.50000000000000000              762   1.3849454078513732                0
          63          64  0.11284127030153632        5.3401276685359052E-002  -1.4468849236327175E-003  0.97984293960292113        54774.265105649982        15.520472950299069        13.547915212177660       0.36616059377081406                0           0   85885.502043175962        9.4206442072616631E-005  0.25000000000000000              766  0.19063163901804314                0
          83          84  0.10272953417562042        4.1373672231505683E-002  -1.2819188696754095E-003  0.97370419826673227        41789.837138321200        12.356008093958177        16.514933146464788       0.41617631383617898                0           0   112570.79662870750        7.4766174595093939E-005  0.12500000000000000              786  0.30831114503988716                0
         131         132   8.4797441590329786E-002   6.4637458177469395E-002  -7.7121942017657882E-004  0.98912831439601701        128788.41655396212        26.485513546867381        6.8140577729350333       0.44987451658965721                0           0   36527.471829531067        1.6151620773559698E-004   7.8125000000000000E-003         834  0.10975412750249972                0
         137         138  0.13717930409073115       0.13193897190263901       -4.0334545728335997E-003  0.97817964388784162        48147.574536657077        16.722602131164937        7.8208164450376190       0.31106820619718339                0           0   97706.173216745112        1.0141787278782275E-004  0.50000000000000000              840  0.59680023234128443                0
         167         168  0.11739175763496201        6.6852661947444644E-002  -1.3371095085191684E-003  0.97921691183512483        87047.450602289726        21.873015901955345        14.714352031099505       0.70038268205039944                0           0   54043.113555826756        1.3272323952673876E-004  0.25000000000000000              870  0.41160627123271154                0
         177         178  0.17518944591650459       0.15841447355487015       -4.8844045916293037E-002  0.97081544669269548        1948.4551180766894        2.1174370246531056       0.47066019377820739       0.79621802302983269                0           0   2414382.1502485364        1.2793853451865820E-005  0.25000000000000000              880  0.48178882842443660                0
         181         182  0.16494482085752635        4.8117280213717237E-002  -2.2342341753636167E-003  0.98308070947828008        38113.841390388654        13.238244572811659        3.1510232373253513       0.33654769055088640                0           0   123428.00111539195        8.0485139620415977E-005  0.50000000000000000              884   3.0661544852804951E-002           0
         193         194  0.13607741833753259        1.4509867592654014E-002  -3.3139095177587647E-004  0.98026160729439438        98477.807758994706        22.203845682541278        15.432031258332783       0.78210079849278968                0           0   47770.308506030713        1.3480179630591914E-004  0.50000000000000000              896   1.0814086457211451                0
         195         196  0.23980714281985319       0.16746154432118399       -1.7866781603804005E-002  0.96643523058497638        13874.745800257982        8.3762612435180923        11.238051234141757        1.0241120359767724                0           0   339055.96004197007        5.0498069052990366E-005  0.50000000000000000              898  0.79252565634735928                0
         207         208   9.9440827635248155E-002   5.0100703362626467E-002  -8.7683211256005204E-003  0.98112175417415370        2910.2243960466299        2.1174416066239212        2.8498119798712418       0.72548587027056899                0           0   1616478.5313583727        1.2860786271453537E-005  0.25000000000000000              910  0.45401447394893774                0
         225         226  0.11258739991983015        4.7810171057872303E-002  -9.4939383745014589E-004  0.98185672257896206        88575.957032427817        21.129198100363176        15.405570202233843       0.72992809026338390                0           0   53110.521356517827        1.2838083044770557E-004  0.50000000000000000              928   1.0220013269746322                0
         235         236   9.9158490776633662E-002   3.5661683213779022E-002  -5.1301121046354124E-003  0.96614283730650707        4095.4263718306088        2.5687641194955386        2.4870086814019392       0.33014298200352360                0           0   1148675.3345151674        1.5484037106406675E-005   3.1250000000000000E-002         938   8.4550886322148980E-002           0
         249         250   8.3325272192247987E-002   6.4931060179189190E-002  -5.9417119074347373E-003  0.97581540753508467        5929.7866670524481        3.3934150410168407        15.525216306781893       0.42210825992632567                0           0   793336.34104971308        2.0555510157367267E-005  0.25000000000000000              952   1.2425326967206503                0
         271         272  0.13618545113931463       0.10282415591629936       -1.7643068358636144E-003  0.98806680624688603        120181.93023047518        29.578155387187675        7.3434512336757631       0.48282057660618505                0           0   39143.282593508091        1.8027976026539725E-004  0.25000000000000000              974   9.3166476215252592E-002           0
         287         288   8.8414603939471620E-002   4.2704642040310346E-002  -5.8515194294090581E-004  0.98093659039144399        118941.02246670357        24.046383900145148        2.3746505386260091       0.59893399044358209                0           0   39551.663169548527        1.4603779329379048E-004  0.25000000000000000              990  0.19594095011475149                0
         291         292  0.10251315781699964        2.9651563345757474E-002  -1.1831110334550475E-003  0.98075559013170377        29765.556837160901        9.5746088155111213        12.548419089521934       0.58845940586307877                0           0   158045.59892431262        5.8142920318824777E-005   3.1250000000000000E-002         994  0.23388837086848291                0
         303         304  0.77980953382043972       0.33783563817501155       -5.2382472905160467E-002  0.97671789874474535        28033.625192942258        18.742492285908785        4.9695771639945736       0.63371708065799703                0           0   167809.73653129677        1.1358394461059082E-004  0.25000000000000000             1006  0.23208131778042601                0
         311         312  0.16827131513595273       0.11782564957455051       -9.1314488263872420E-003  0.97485864189666582        15717.300866973132        8.0915100549741776        16.554869050846033       0.15592127496635230                0           0   299308.08714936365        4.8990345746074786E-005  0.50000000000000000             1014 -0.12933035691563707                0
         321         322  0.12252965187021556        4.0765808550071510E-002  -1.0952504619379879E-003  0.97557453106160041        63331.226025514967        16.995860241612995        17.087872577416100       0.41485548501921632                0           0   74281.133539866772        1.0293936416602254E-004  0.50000000000000000             1024  0.71934267977730315                0
         323         324  0.13577855073708561        2.1714876777924844E-002  -1.0672784058174505E-003  0.97737634574565457        30402.145619620234        10.295090097572151        13.935690666881651       0.66506893817298984                0           0   154736.29119810546        6.2411468000077191E-005  0.25000000000000000             1026  0.36419630056980956                0
         337         338  0.14234346256931027        4.8688670540606271E-002  -2.7220309402593351E-003  0.98436219341894415        24424.438780536861        9.4883723855236379        12.749333042770614       0.40484344756698770                0           0   192606.89262565569        5.7724153992768256E-005  0.50000000000000000             1040   1.4563153487669991                0
         363         364   8.0030474895858961E-002   2.5241398542184282E-002  -3.2505135387658957E-004  0.96900162088983910        125469.53716214608        23.159872534501439        12.550937815289332       0.71088855079530089                0           0   37493.684634903126        1.3980643129274424E-004  0.50000000000000000             1066  0.54674256362880569                0
         371         372   9.0756420354949963E-002   8.9399293653254358E-002  -1.4941626717007766E-003  0.97790038526241019        78336.750524128642        20.236383406048532        10.330302371801730       0.47108747873327927                0           0   60052.468683849453        1.2271064128272370E-004  0.50000000000000000             1074  0.26855918429519521                0
         383         384   9.3433970454860987E-002   6.5975786712685114E-002  -2.9999592269293533E-003  0.97176827062077331        19385.313257799193        7.6576121486429507        10.105986180829179       0.46758616697270938                0           0   242674.19334851863        4.6290742961604388E-005  0.50000000000000000             1086  0.46653762569981633                0
         395         396  0.10118924464727580        7.2387835402996439E-002  -4.0679476328368365E-003  0.98184110250843104        15239.121285685993        6.7103307468978812        8.4952232711766165       0.49353735643229246                0           0   308699.90266850201        4.0771591993552411E-005  0.50000000000000000             1098   6.1814786041473523E-002           0
         401         402  0.11008182267075275        8.1520559788653676E-002  -2.1754919003101718E-003  0.98946501741247106        50292.904508829961        15.372504553420699        7.5460309998592221       0.41810220504038120                0           0   93538.349069078395        9.3761781152373525E-005  0.50000000000000000             1104  0.13770782082875893                0
         219         220   5.9461379470541447        2.5291364086335988      -0.75299076982192070       0.98221912150944157        80559.862777643633        74.428097414589246        6.2016710324823423       0.18751385734653106                0           0   58395.273967004177        4.5230718866207646E-004  0.50000000000000000              922  0.12486193434745305                0
         159         160  0.52009082554844766       0.13749382338007102       -6.8562166579241961E-003  0.98252657550525302        109146.58921206869        38.868446659729038        2.5487078294338077       0.57756034152618685                0           0   43100.891119047374        2.3624417772278330E-004  0.25000000000000000              862  0.18202593459488409                0
           1           2   2.0244841138268650       0.61000484406818434       -7.0741485713423660E-002  0.98738152934187551        118081.33591071346        65.056817812538299        16.270760965646456       0.49175866580875954                0           0   39839.617509086311        3.9638661146352313E-004  0.50000000000000000              704  0.12674155224977829                0
         283         284  0.18094602805437388        8.1870494517192083E-002  -1.6064068193646895E-003  0.97697797871714775        143540.44546752289        34.366892541613126        5.1733244810287751       0.28464090828862176                0           0   32773.447527785116        2.0829891525217590E-004   6.2500000000000000E-002         986  -5.1257566505640416E-002           0
         185         186  0.24628085064239766        6.9358336926096664E-002  -1.8551080494142963E-003  0.99057546901522908        130681.44545928008        34.314639623851313        8.4520475142678624       0.52697613536207200                0           0   35998.341165507023        2.0941269287605858E-004  0.50000000000000000              888  0.21746724474102780                0
         191         192  0.17819880543248182        5.0730547014061628E-002  -8.9966543292994278E-004  0.98450778698896024        174927.64032278312        37.446621017460309        17.984528907163110       0.62871103080103286                0           0   26892.921261409472        2.2782970840593575E-004  0.25000000000000000              894  0.46980057769810635                0
          71          72  0.16939743337267674        2.6319217633798585E-002  -4.7647967898261517E-004  0.96976219828091648        170003.73667627125        34.870225322542275        11.209181705647655       0.27578209643173179                0           0   27671.834452691655        1.5082883319385277E-004  0.25000000000000000              774 -0.11772447833573141                0
          53          54  0.10539273585624893        8.3691576402142989E-002  -9.4861616487088496E-004  0.98840746126056767        171334.30925667207        34.651436372167325        14.015422096337652       0.25020572711497857                0           0   27456.936547351612        2.1096666920612941E-004  0.50000000000000000              756 -0.17154625323727013                0
         245         246  0.10614450888457336        7.9534736728126665E-002  -8.8338078697462622E-004  0.97533507163214717        180155.36208468804        35.614411017835778        9.0184199451765554       0.15489647628532985                0           0   26112.546433302068        2.1568078356416255E-004  0.50000000000000000              948  0.11119676568849371                0
         331         332  0.12214104311112879        9.8521910482032543E-002  -1.1537755047203683E-003  0.97154055198387024        188414.45473505274        38.868024797675822        16.584831836306456       0.29005513143339989                0           0   24967.910579153504        2.3493249830021899E-004  0.50000000000000000             1034   6.9159425286723850E-002           0
         203         204  0.10958957416913398        5.6611292613942377E-002  -6.2817234305771752E-004  0.98494187057407623        200051.97130642890        36.805509599966030        14.968142109439889       0.12753987911968326                0           0   23515.465640870621        1.6988547057778460E-004  0.50000000000000000              906 -0.16868794142451327                0
          21          22  0.17137201111473407        1.8580527211685235E-002  -2.8964617018065918E-004  0.97725619083110171        219756.57682243298        40.968444197440832        3.3739897013010549       0.24051556928448128                0           0   21406.937283364805        1.8343950172520064E-004  0.25000000000000000              724   6.7968238312749674E-002           0
         369         370  0.35577330781196675       0.28758888866695975       -6.5923629871082615E-003  0.96841922705639494        200307.85819162280        57.839387851881206        14.039389281700620       0.41436640650751050                0           0   23485.425385280789        3.4904883910831302E-004  0.50000000000000000             1072   1.5690067910025547                0
          77          78   9.3430964505624117E-002   2.0354482771848002E-002  -1.6334883162896549E-004  0.97425183352183942        309441.22681298596        43.386459025179242        10.261463046473819       0.56692367815537126                0           0   15202.613129787858        1.8457846561722538E-004  0.50000000000000000              780  0.84485894092154612                0
         315         316  0.30834333591613694       0.21242803698149326       -3.5544000840579989E-003  0.96932722246065328        288048.63087816222        68.675120176768687        7.2022734348410822       0.39999349400344514                0           0   16331.670257563481        4.1463143421502049E-004   3.1250000000000000E-002        1018  0.21168999532792801                0
          89          90  0.20842321107894346       0.10223825271363279       -1.3435582502014560E-003  0.98702482580270168        297769.38109927031        59.104743533761280        6.3275217177899048       0.75708365909542474                0           0   15798.519109916271        3.6005640583131949E-004  0.50000000000000000              792  0.39949645804229655                0
         155         156  0.50373356431637750       0.18870347651975347       -4.6345267489272665E-003  0.98128177235206437        293320.33962033020        76.435433608783669        10.634628163400066       0.73366912623048097                0           0   16038.148816184937        4.6428632181207922E-004  0.50000000000000000              858  0.45977988122786190                0
         187         188  0.16652052450678573        4.4390738220572948E-002  -5.1200105471243477E-004  0.98740860044556455        313872.49940009229        53.803263366689940        5.6824057183331034       0.66689111533427459                0           0   14987.981637882163        1.5401396217716847E-004  0.50000000000000000              890  0.29322587404450795                0
         255         256   8.3811449474318997E-002   3.0344259974373743E-002  -1.9498774621546684E-004  0.99476358635673934        366335.73421504453        48.606227887337262        8.8118033637150646       0.45402285787849417                0           0   12841.540746017587        1.7373772739312873E-004  0.50000000000000000              958  0.23886171645507021                0
          93          94   8.5361728603296438E-002   7.1347741082274679E-002  -4.1080252103106030E-004  0.97812880800934654        378910.90214675880        55.249666982163497        9.3879853986619857       0.46607856536306019                0           0   12415.359998859836        1.7179347800011020E-004  0.50000000000000000              796  0.35135430011940677                0
          51          52  0.11606384615255892        9.5064690585184505E-002  -1.2277047817380282E-004  0.98216546894862911        4872245.1796842050        334.92038820457867        5.1342303041002246       0.45489183070590961                0           0   965.53335970454452        1.9588536546835959E-004  0.50000000000000000              754   6.4397831607401784E-002           0
          67          68  0.52597586808430075       0.46375414949012228       -9.5351984985231255E-003  0.98266064699714351        341740.68956755206        95.332992401100725        16.125818630892361       0.45229696494727972                0           0   13765.745201713413        5.7947742737167690E-004  0.50000000000000000              770   7.0835507619192745E-002           0
         213         214   8.6717284611907239E-002   1.7710005955573944E-002  -1.1427078035879827E-004  0.98213695314694749        400632.33674856107        50.085097135765906        3.7745510814011447       0.34491800596757916                0           0   11742.225542311169        1.5552041722878169E-004  0.25000000000000000              916  0.15271930314905363                0
         313         314  0.11479116130453372        5.7685466757393881E-002  -3.9453446450446250E-004  0.99253727403468150        435049.79924732697        62.547398305763593        2.5813360279404662       0.43356621296580244                0           0   10813.279918261374        1.7042172232509015E-004  0.50000000000000000             1016   7.7367984147342833E-002           0
         365         366  0.29906545429998188       0.27572229150032296       -3.4223050706489746E-003  0.97703614846779008        409915.73603235272        89.792227251814452        13.568560399465055       0.29705676735202335                0           0   11476.298283102440        5.4424978456707430E-004  0.50000000000000000             1068 -0.23624769089308811                0
         201         202  0.41909726131645580       0.36316033186407948       -5.4401348907038797E-003  0.97784193266974673        439642.50440806977        104.26124217537117        15.630529347041918       0.38830154266397870                0           0   10700.319487940789        6.3220712582260643E-004  0.50000000000000000              904   7.1979355323374267E-002           0
         171         172  0.11855449161888632       0.10910379859810015       -6.3808363105355751E-004  0.99690688946593098        502629.43037454027        75.543937317710842        4.0418207136492814       0.23562382841920887                0           0   9359.4106778413025        1.6222029374787257E-004  0.50000000000000000              874  -7.3924249084400873E-002           0
         347         348  0.19457293008789711        9.8264029982305379E-002  -8.4213227326918961E-004  0.97623178622328566        525292.62380639045        84.608893442837001        6.0140409384849223       0.38195054870889528                0           0   8955.6088253366652        5.1262384884362530E-004  0.25000000000000000             1050  0.15722753012043650                0
         343         344   9.9716206803828866E-002   3.9838043689421537E-002  -1.9541286924161294E-004  0.98547806040898511        644708.77578794607        75.758248904357316        14.272705354202820       0.56421967227984482                0           0   7296.8066114739531        4.6110969753691106E-004  0.50000000000000000             1046   1.7373431944305338                0
          99         100  0.11123848720615616        3.9011678252708890E-002  -1.9764343022701515E-004  0.98119635498491209        697449.45099556562        81.825121918085514        8.9884194595460745       0.54644866045017637                0           0   6745.0268272914218        1.9609050585244134E-004  0.25000000000000000              802  0.13383184006644841                0
         391         392  0.13558686976987694        5.7578981684498085E-002  -2.5446740011902898E-004  0.98428057182237338        1015963.8259505472        114.33226250480101        12.833714037773882       0.30997280572127922                0           0   4630.3964151906221        1.9855493643177781E-004  0.50000000000000000             1094  0.10374509214204236                0
         385         386  0.12648191059682606        5.9749107023494945E-002  -2.5030111744847215E-004  0.99192399726360403        1010156.8010307509        112.51654391747591        17.633879787742003       0.27602810110154924                0           0   4657.0148840700185        1.9971473045980897E-004  0.50000000000000000             1088   7.6333974563794222E-003           0
          41          42  0.11122608390456809        8.6847116325004775E-002  -3.0034655602715249E-004  0.97689552612968544        1076875.4069236529        119.85571002551679        1.4371398524017349       0.83480786939176843                0           0   4368.4861102769009        1.9934720720389158E-004  0.25000000000000000              744  0.52046522197055523                0
         345         346  0.55774375829353751       0.47607345656862060       -4.7923803546830179E-003  0.97923176074338625        1065819.0059203701        206.47940675782556        2.6317954798834471       0.25338631401679135                0           0   4413.8031237137029        1.2529054742208931E-003  0.50000000000000000             1048  -4.2334623299340672E-002           0
          73          74  0.94128231410560004       0.69908498357263338       -1.0547991353088345E-002  0.98595090542721642        1010924.7705775029        232.48741209934116        16.520709369860278       0.53606918708586637                0           0   4653.4770880699325        1.4155097427745917E-003  0.50000000000000000              776  0.38515436462217301                0
         285         286   8.9462339041284894E-002   4.2834040765278178E-002  -1.2838168338598593E-004  0.97556116315563901        1178106.6063545495        111.23605151706303        9.2235511896514435       0.66825999424050520                0           0   3993.1150816660524        1.4410236536712358E-004  0.50000000000000000              988  0.22759554198306314                0
         293         294  0.55382231722128972       0.12326253909399966       -1.3046202120956597E-003  0.97555013427591697        1208714.8768618368        195.00098063437505        9.4628302931109545       0.54539650594484668                0           0   3891.9974823661364        1.1809822740092247E-003  0.50000000000000000              996  0.92287908651171791                0
         123         124  0.67985937278035102       0.12376754478802159       -1.4259437356367586E-003  0.97763450747397851        1328700.8239903566        219.90890269502705        6.9547690756739424       0.57913038536534278                0           0   3540.5376234484115        1.3330674591925293E-003  0.50000000000000000              826  0.32105077825623768                0
           7           8  0.10772050310063933        1.1526931384030817E-002  -3.7943697728780554E-005  0.99082248886431246        1424470.1409572540        121.95279694780302        12.096027954857052       0.46671597108528079                0           0   3302.5018372680170        1.6260639909577266E-004   6.2500000000000000E-002         710  -9.6923814437579470E-003           0
         355         356  0.32294731613854971       0.22153041596011064       -1.4146791448691402E-003  0.98835597978780254        1280677.5733209376        188.46314208734015        6.2803288352381905       0.43777163151753107                0           0   3673.3018174480535        1.1488556879049804E-003  0.50000000000000000             1058   6.7315585722809712E-002           0
          85          86   8.0567479673496034E-002   7.0359839832317903E-002  -1.6540594186675728E-004  0.98642166572395873        1357017.8794508749        127.71821781941760        8.8725977588232574       0.31626446251312229                0           0   3466.6567986181526        1.9401392259058692E-004   6.2500000000000000E-002         788  -5.6288861787664318E-002           0
         387         388  0.11696728908539532        8.3148869844046139E-002  -2.2937414486124685E-004  0.96130085019035805        1621782.5327518517        158.01402973641387        3.0852387917212041       0.56399726272591932                0           0   2900.7065760305413        8.1588682179315830E-004   1.8504518593122802E-005        1090  0.16581009540411246                0
         103         104   9.4240900685283069E-002   8.1646476448274677E-002  -1.9581474411928143E-004  0.97430932578693863        1543295.6101144454        146.43699954217337        3.4181090263876817       0.15688904071289245                0           0   3048.2269416265021        8.8618227905427590E-004  0.25000000000000000              806  -5.0650981241154948E-002           0
          65          66   8.1196656538748205E-002   3.2700733033609646E-002  -6.2627861262289943E-005  0.98184767372588766        2149336.5504112290        157.99647215383459        13.219582367900678       0.55881869991840316                0           0   2188.7290088398181        1.9363885980735446E-004  0.50000000000000000              768  0.17595165161484799                0
          15          16  0.12041882448822794        4.7134796559794988E-002  -1.1370748620294229E-004  0.97825164521118502        2263928.7909641471        186.02285177799217        13.006691155538169       0.59859983563485519                0           0   2077.9431210119114        1.1281688166013199E-003  0.50000000000000000              718  0.17962637776296483                0
         243         244  0.10897784068549871        6.2870305948584129E-002  -1.2688985103554134E-004  0.99345305026723485        2514966.0648626112        201.22235189126619        9.4137970153733317       0.37629608741226933                0           0   1870.5283237695505        1.2297376519750148E-003  0.50000000000000000              946   7.3494054231492217E-002           0
         403         404  0.17519688796893346        3.8994197612049461E-002  -1.0593119102670437E-004  0.98389284655242248        2940507.6489961767        240.33767555947995        17.549878159523363       0.41528876465714515                0           0   1599.8309881121074        1.0731747694604176E-003   3.2306794324958241E-004        1106  0.14525424613008753                0
         127         128  0.41687934908818136       0.27898104023835063       -1.0601324713850049E-003  0.99434194081511351        3619474.9262651657        408.83142482301037        13.018737640435914       0.29864993146042673                0           0   1299.7231237899509        2.4997052625840904E-003  0.25000000000000000              830  -2.3398597002598914E-003           0
         217         218   8.1228311512873880E-002   6.5270211912634449E-002  -8.4864059256294254E-005  0.97696892315676265        3390006.8490829859        232.81876606981328        16.531362179696444       0.73378279800507840                0           0   1387.7008121435813        1.4110585494170628E-003  0.50000000000000000              920  0.32162277544136186                0
         143         144  0.25022565110097550       0.15769561095085233       -3.9893226177458845E-004  0.97378367469115990        4047244.7606835263        368.61381757316616        8.7660278275113779       0.64594108406871620                0           0   1162.3500766111972        2.2305190603367172E-003  0.50000000000000000              846  0.21808550620337042                0
          61          62  0.16574606629006447        5.1105325148539382E-002  -1.0680914848388477E-004  0.98146224652464376        3985102.7316611102        295.54272204541036        6.4971875339668292       0.44441087359174070                0           0   1180.4752786595950        1.7952874583487142E-003  0.50000000000000000              764  0.28013050072067480                0
          29          30   9.2064989403419284E-002   3.8673592252436655E-002  -4.8326417632826574E-005  0.98790084533106615        4595724.3541263249        274.56410217347485        6.0655531946444974       0.83233904090284949                0           0   1023.6286807368981        1.6733196375634911E-003  0.25000000000000000              732  0.51033820826635545                0
         405         406   8.7236661288412828E-002   5.5735761705262711E-002  -1.4072219982536795E-005  0.99445045527554632        44632234.652881853        1287.6258805654079        9.9242753617812944       0.68465601294983713                0           0   105.40174145954420        7.8733128566099032E-003  0.50000000000000000             1108   1.2956382740160011                0
          45          46   8.6894120985331738E-002   8.6164685909330241E-002  -8.2040856412477007E-005  0.98387083180607882        5506893.1944410549        340.10174038637848        7.2695146972216316       0.64727967048993074                0           0   854.25939664011355        2.0685513436049150E-003  0.50000000000000000              748  0.47189324818560147                0
         161         162   9.3309048906446132E-002   9.2827486138433946E-002  -9.1370083928006419E-005  0.98843346113989139        5621444.2587433308        353.27724459245849        6.8951256186807370       0.47104368358119364                0           0   836.85171303226764        1.9674060561483001E-003   2.9160239790100806E-005         864  0.12899871934768486                0
         289         290  0.10428359770713377        2.3242149003040714E-002  -2.7029305510649102E-005  0.98098914453466890        6248221.1193062523        334.17713827642706        17.626963515384425       0.16284513783533827                0           0   752.90473365435071        6.1452264638144852E-004   6.1131256242347685E-004         992  -4.6507987624844691E-002           0
         115         116   9.5073144526220191E-002   4.6025486525321645E-002  -4.6726263478262970E-005  0.98361077625756288        6339435.9430684811        348.99124241529205        13.190114427994716       0.48449064471837094                0           0   742.07158174513086        2.1223306805025111E-003  0.25000000000000000              818  0.16990824038961411                0
         223         224  0.13901763968801717        6.0776114313866474E-002  -7.7057709563454018E-005  0.98945980112989063        6749294.7124416241        408.60726194445255        4.2876366295812121       0.32744769787180350                0           0   697.00842207599055        2.4854700497537359E-003   2.5441867944260956E-004         926  0.10061927161263987                0
         199         200  0.11230093762090229        4.7925291740752780E-002  -4.9845320530023470E-005  0.98557578802919299        7365259.5215128316        402.38621163417127        9.2689136951166358       0.39681493081701175                0           0   638.71683596540686        2.4494184751019071E-003  0.50000000000000000              902  0.76405784835495139                0
         373         374  0.15845034820673778       0.15233439132851201       -1.7085698817240690E-004  0.97951737487719326        7914564.1876138095        526.47499502653875        3.9623254952970455       0.40175121620658910                0           0   594.38715084362514        2.7961333211902221E-003   5.3590746117938368E-005        1076  0.10686721262080767                0
          69          70  0.10464422723177559       0.10349050793134676       -8.6377732787562200E-005  0.98042651398566583        8085705.8082159301        467.23280664956275        12.479511494011595       0.16652799882290709                0           0   581.80638391081243        2.8368343572848856E-003  0.50000000000000000              772 -0.16230239821655235                0
          95         546  0.62290701776509083       0.52092362269304604       -4.1543651461103739E-003  0.93271844663042014        1696005.5943499277        291.07971828421682        7.5609076803088593       0.53165496225430275                0           0   2773.7616392992550        1.4312962010088969E-003   1.8900883944735090E-003         798  0.33675877104047397                0
         267         268  0.11152016154947933        1.9237634443879208E-002  -2.0555738879985352E-005  0.97570989607371394        7748067.2457746770        388.94778420019350        2.5111115139681188       0.54577474516756308                0           0   607.15983850168686        1.0961558663501500E-003   8.0746751936639871E-004         970  0.15272705748999002                0
         367         368  0.20322917187314732       0.17631903439505672       -1.9839317640204642E-004  0.98268548088523233        10353174.409950517        673.09730470369129        13.404793064421821       0.52329451626653045                0           0   454.38385092048748        1.5459016427513542E-003   2.9094757208401759E-004        1070   1.5335193673097411                0
         305         306   8.5255713978393793E-002   1.6586699482616780E-002  -1.1931200371230782E-005  0.97557216214542408        10624387.113807641        441.69112072417624        11.714285226760888       0.25229582510692800                0           0   442.78462439785847        2.6751951435917505E-003  0.50000000000000000             1008   7.7591992437605367E-002           0
         325         326  0.14296285691723640        1.8018411898666035E-002  -1.7591034512000332E-005  0.98525910189351285        11605238.715074902        545.71725305743564        8.2846418465628737       0.38199640984311950                0           0   405.36135215676182        1.9976652747874619E-004  0.50000000000000000             1028   2.6741510847023184E-002           0
         119         120  0.12744757891135747        8.2887871857059842E-002  -6.3848789170769046E-005  0.98269985033698937        12193204.574003790        616.57973866081329        10.031943133742253       0.25336950816465587                0           0   385.81451078697370        3.7479255214838184E-003  0.25000000000000000              822   6.8131925873628291E-002           0
         133         134  0.13034205300579016        4.8697333779162973E-002  -3.8327412621374305E-005  0.98105159274417486        13234736.413196092        617.16256444554574        5.3802022582479188       0.49084676298616264                0           0   355.45213072427981        3.5961179212473846E-003   6.4923824923351025E-004         836  0.21059012323280324                0
          17          18   8.8310858010865509E-002   3.6165089814597706E-002  -2.2321003472730643E-005  0.98140412768925933        12747100.610456508        533.22349031307033        9.3481297495884288       0.35842942478860756                0           0   369.04982563531280        3.2391129273980847E-003  0.50000000000000000              720  -4.3173959649645891E-002           0
         275         276  0.13196141201412448        6.9014568623332620E-002  -4.7733844893314245E-005  0.97886217930407893        15446821.275961695        711.01808970936941        9.7626632669230187       0.42366490247176086                0           0   304.54908318034387        3.9584003062818505E-003   6.3690535188921839E-004         978  0.37031317320205204                0
         221         222  0.10685030920939192        6.9974509155263417E-002  -3.1626601805985103E-005  0.98459386220538236        22713930.283093918        881.01326909070679        13.047842275593510       0.21153941811623470                0           0   207.11145975235326        2.3766616039030174E-003   3.2957638835437380E-005         924 -0.19914806861208545                0
         157         158  0.17882018552997023        8.7937108552675433E-002  -4.2075784574590638E-005  0.98507088936256904        36757488.217257842        1392.7585584227199        5.6401000483222772       0.37117719800961990                0           0   127.98250059524089        7.6241789245963662E-003   3.8351192312009887E-004         860   6.2311977060228504E-003           0
         145         146  0.11284151051838727        7.1741434973604884E-002  -2.4259710650787450E-005  0.99379438030219847        37282364.069084071        1243.5769670840659        10.718784291066116       0.41406495262807408                0           0   126.18071238528989        7.5996630042047125E-003   2.3144868057623858E-004         848  0.14791637633924037                0
         399         400  0.17014458503807270        6.6018282057290864E-002  -2.6984391381632118E-005  0.99072619690911268        45921705.352220803        1551.2759503084001        11.680077433374436       0.22246637785890455                0           0   102.44208531809805        8.9161353434456664E-003   1.0963650734810666E-004        1102 -0.12821770829152412                0
         265         266   8.4095384718170976E-002   3.6296916915751078E-002  -2.5179272003752310E-005  0.98201296039818864        10108063.569483846        451.77070496704914        2.9775852849745177       0.51606172271372297                0           0   465.40222321583423        2.0128721041112207E-003   3.6300516863083259E-005         968  0.21588697242720611                0
