 1011048   1   373 114   0      1.0   7.73   4.63  6.001     0.0  -0.2148   0.0000
  -1.117597   0.000000   0.245552   0.096985  -0.663599   0.060150   0.000000   0.000000   0.000000   0.000000
   0.00000   0.00000   0.13272   0.02867   0.00000  -1.11760   0.00000   0.00000  -0.87204   0.66276   0.19107   0.00000   0.00000
 NAME(I1)    NAME(I2)    M1[M*]                    M2[M*]                    EB[NB]                    ECC                       P[Days]                   SEMI[AU]                  RI[PC]                    VI[km/s]                  K*(I1)      K*(I2)      ZN[NB]                    RP[NB]                    STEP(I1)[NB]              NAME(ICM)                 ECM[NB]                   K*(ICM)      
           3           4   8.7970317491499028E-002   4.9196061553816367E-002  -9.2897646351125171E-004  0.98018963898304645        71340.815372945974        17.361255191394889        5.7276695310151213       0.18255945416596461                0           0   65941.428242054317        1.0539810829294615E-004  0.50000000000000000              706   6.7526305106762871E-002           0
          59          60  0.52934127945164156       0.11516011942956719       -3.1001072744619322E-002  0.99635260950274573        9025.0375450904266        7.3279160146024838        13.795887798068600       0.86723880215727056                0           0   521251.59969045070        4.4850020571511419E-005  0.50000000000000000              762   1.3853333244329828                0
          63          64  0.11284127030153632        5.3401276685359052E-002  -1.4468849236327175E-003  0.97984293960292113        54774.265105649982        15.520472950299069        11.592159663141544       0.36852656873290929                0           0   85885.502043175962        9.4206442072616631E-005  0.25000000000000000              766  0.19072344214047113                0
          83          84  0.10272953417562042        4.1373672231505683E-002  -1.2819188696754095E-003  0.97370419826673227        41789.837138321200        12.356008093958177        15.148549810761535       0.38436661814752343                0           0   112570.79662870750        7.4766174595093939E-005  0.50000000000000000              786  0.30860896348608269                0
         131         132   8.4797441590329786E-002   6.4637458177469395E-002  -7.7121942017657882E-004  0.98912831439601701        128788.41655396212        26.485513546867381        8.1863497398063068       0.44374996043990317                0           0   36527.471829531067        1.6151620773559698E-004   3.1250000000000000E-002         834  0.10095000365118062                0
         137         138  0.13717930409073115       0.13193897190263901       -4.0334545728335997E-003  0.97817964388784162        48147.574536657077        16.722602131164937        8.0811126938616198       0.24639891490843063                0           0   97706.173216745112        1.0141787278782275E-004  0.50000000000000000              840  0.59661917881172843                0
         167         168  0.11739175763496201        6.6852661947444644E-002  -1.3371095085191684E-003  0.97921691183512483        87047.450602289726        21.873015901955345        12.423469440716245       0.69202704479010058                0           0   54043.113555826756        1.3272323952673876E-004  0.50000000000000000              870  0.41172502568373492                0
         177         178  0.17518944591650459       0.15841447355487015       -4.8844045916293037E-002  0.97081544669269548        1948.4551180766894        2.1174370246531056        2.3407797612166799       0.79729819731516605                0           0   2414382.1502485364        1.2793853451865820E-005  0.25000000000000000              880  0.48023588891635871                0
         181         182  0.16494482085752635        4.8117280213717237E-002  -2.2342341753636167E-003  0.98308070947828008        38113.841390388654        13.238244572811659        4.6062317174677121       0.32804516263115924                0           0   123428.00111539195        8.0485139620415977E-005  0.50000000000000000              884   3.2831226628885185E-002           0
         193         194  0.13607741833753259        1.4509867592654014E-002  -3.3139095177587647E-004  0.98026160729439438        98477.807758994706        22.203845682541278        13.889608032140123       0.74019764410475297                0           0   47770.308506030713        1.3480179630591914E-004  0.50000000000000000              896   1.0910871138718008                0
         195         196  0.23980714281985319       0.16746154432118399       -1.7866781603804005E-002  0.96643523058497638        13874.745800257982        8.3762612435180923        12.643585369224708        1.0073277609780289                0           0   339055.96004197007        5.0498069052990366E-005  0.50000000000000000              898  0.78688926920885793                0
         207         208   9.9440827635248155E-002   5.0100703362626467E-002  -8.7683211256005204E-003  0.98112175417415370        2910.2243960466299        2.1174416066239212        1.4942462336115121       0.73846143372782380                0           0   1616478.5313583727        1.2860786271453537E-005  0.25000000000000000              910  0.45281494979721504                0
         225         226  0.11258739991983015        4.7810171057872303E-002  -9.4939383745014589E-004  0.98185672257896206        88575.957032427817        21.129198100363176        14.054409933194165       0.67344727676127503                0           0   53110.521356517827        1.2838083044770557E-004  0.50000000000000000              928   1.0231313096206942                0
         235         236   9.9158490776633662E-002   3.5661683213779022E-002  -5.1301121046354124E-003  0.96614283730650707        4095.4263718306088        2.5687641194955386        4.8478530392328123       0.30448958215672139                0           0   1148675.3345151674        1.5484037106406675E-005  0.50000000000000000              938   8.2862833201494734E-002           0
         249         250   8.3325272192247987E-002   6.4931060179189190E-002  -5.9417119074347373E-003  0.97581540753508467        5929.7866670524481        3.3934150410168407        14.657990709761926       0.45530866952315546                0           0   793336.34104971308        2.0555510157367267E-005  0.50000000000000000              952   1.2419873690020644                0
         271         272  0.13618545113931463       0.10282415591629936       -1.7643068358636144E-003  0.98806680624688603        120181.93023047518        29.578155387187675        5.4603034110285407       0.49475042044652368                0           0   39143.282593508091        1.8027976026539725E-004  0.50000000000000000              974   9.2285450382274509E-002           0
         287         288   8.8414603939471620E-002   4.2704642040310346E-002  -5.8515194294090581E-004  0.98093659039144399        118941.02246670357        24.046383900145148        3.7414928580989071       0.60114447544141147                0           0   39551.663169548527        1.4603779329379048E-004  0.50000000000000000              990  0.19822254134255435                0
         291         292  0.10251315781699964        2.9651563345757474E-002  -1.1831110334550475E-003  0.98075559013170377        29765.556837160901        9.5746088155111213        9.7299634023995498       0.58830686427407530                0           0   158045.59892431262        5.8142920318824777E-005   6.2500000000000000E-002         994  0.23396714037698602                0
         303         304  0.77980953382043972       0.33783563817501155       -5.2382472905160467E-002  0.97671789874474535        28033.625192942258        18.742492285908785        6.9386417825715689       0.63598006447725275                0           0   167809.73653129677        1.1358394461059082E-004  0.50000000000000000             1006  0.23412808643775890                0
         311         312  0.16827131513595273       0.11782564957455051       -9.1314488263872420E-003  0.97485864189666582        15717.300866973132        8.0915100549741776        14.246085921112213       0.16724674311589025                0           0   299308.08714936365        4.8990345746074786E-005  0.50000000000000000             1014 -0.12829133755865912                0
         321         322  0.12252965187021556        4.0765808550071510E-002  -1.0952504619379879E-003  0.97557453106160041        63331.226025514967        16.995860241612995        15.685458381815254       0.42930770181817018                0           0   74281.133539866772        1.0293936416602254E-004  0.50000000000000000             1024  0.71939467559228520                0
         323         324  0.13577855073708561        2.1714876777924844E-002  -1.0672784058174505E-003  0.97737634574565457        30402.145619620234        10.295090097572151        12.424547667760329       0.63934027416487749                0           0   154736.29119810546        6.2411468000077191E-005  0.50000000000000000             1026  0.36430468466976107                0
         337         338  0.14234346256931027        4.8688670540606271E-002  -2.7220309402593351E-003  0.98436219341894415        24424.438780536861        9.4883723855236379        13.042829647382968       0.42170279998003124                0           0   192606.89262565569        5.7724153992768256E-005  0.50000000000000000             1040   1.4565508915040322                0
         363         364   8.0030474895858961E-002   2.5241398542184282E-002  -3.2505135387658957E-004  0.96900162088983910        125469.53716214608        23.159872534501439        13.033857982371222       0.70143229550555075                0           0   37493.684634903126        1.3980643129274424E-004  0.50000000000000000             1066  0.54588727836082296                0
         371         372   9.0756420354949963E-002   8.9399293653254358E-002  -1.4941626717007766E-003  0.97790038526241019        78336.750524128642        20.236383406048532        10.864202662709493       0.44101461108650569                0           0   60052.468683849453        1.2271064128272370E-004  0.50000000000000000             1074  0.26719196042905169                0
         383         384   9.3433970454860987E-002   6.5975786712685114E-002  -2.9999592269293533E-003  0.97176827062077331        19385.313257799193        7.6576121486429507        11.762740180815902       0.49438176199952871                0           0   242674.19334851863        4.6290742961604388E-005  0.50000000000000000             1086  0.46777331587114845                0
         395         396  0.10118924464727580        7.2387835402996439E-002  -4.0679476328368365E-003  0.98184110250843104        15239.121285685993        6.7103307468978812        9.2283612439626346       0.49092378638343875                0           0   308699.90266850201        4.0771591993552411E-005  0.50000000000000000             1098   6.3062141442664157E-002           0
         401         402  0.11008182267075275        8.1520559788653676E-002  -2.1754919003101718E-003  0.98946501741247106        50292.904508829961        15.372504553420699        9.3959231287793230       0.44559019642845815                0           0   93538.349069078395        9.3761781152373525E-005  0.50000000000000000             1104  0.13655788501645363                0
         219         220   5.9461379470541447        2.5291364086335988      -0.75299076982192070       0.98221912150944157        80559.862777643633        74.428097414589246        8.3245164930784963       0.20841769346098427                0           0   58395.273967004177        4.5230718866207646E-004  0.50000000000000000              922  0.12583147630345831                0
         159         160  0.52009082554844766       0.13749382338007102       -6.8562166579241961E-003  0.98252657550525302        109146.58921206869        38.868446659729038        4.0287121077658385       0.57906037177724368                0           0   43100.891119047374        2.3624417772278330E-004  0.50000000000000000              862  0.19838489853541633                0
           1           2   2.0244841138268650       0.61000484406818434       -7.0741485713423660E-002  0.98738152934187551        118081.33591071346        65.056817812538299        14.232502769201036       0.47736558004599011                0           0   39839.617509086311        3.9638661146352313E-004  0.50000000000000000              704  0.12678784277401833                0
         283         284  0.18094602805437388        8.1870494517192083E-002  -1.6064068193646895E-003  0.97697797871714775        143540.44546752289        34.366892541613126        6.4552329338536438       0.29279587367570731                0           0   32773.447527785116        2.0829891525217590E-004  0.50000000000000000              986  -4.9930940405191325E-002           0
         185         186  0.24628085064239766        6.9358336926096664E-002  -1.8551080494142963E-003  0.99057546901522908        130681.44545928008        34.314639623851313        8.5927094628735841       0.54109006245156244                0           0   35998.341165507023        2.0941269287605858E-004  0.50000000000000000              888  0.21774766408493151                0
         191         192  0.17819880543248182        5.0730547014061628E-002  -8.9966543292994278E-004  0.98450778698896024        174927.64032278312        37.446621017460309        15.538557272202770       0.62328361920093811                0           0   26892.921261409472        2.2782970840593575E-004  0.25000000000000000              894  0.46991174481101505                0
          71          72  0.16939743337267674        2.6319217633798585E-002  -4.7647967898261517E-004  0.96976219828091648        170003.73667627125        34.870225322542275        9.9690994982349093       0.26744149025937636                0           0   27671.834452691655        1.5082883319385277E-004  0.25000000000000000              774 -0.11844053956097766                0
          53          54  0.10539273585624893        8.3691576402142989E-002  -9.4861616487088496E-004  0.98840746126056767        171334.30925667207        34.651436372167325        11.892156300919744       0.26963087188821222                0           0   27456.936547351612        2.1096666920612941E-004  0.50000000000000000              756 -0.16720484007177663                0
         245         246  0.10614450888457336        7.9534736728126665E-002  -8.8338078697462622E-004  0.97533507163214717        180155.36208468804        35.614411017835778        10.381163176576871       0.18995484148300512                0           0   26112.546433302068        2.1568078356416255E-004  0.50000000000000000              948  0.11080337147479878                0
         331         332  0.12214104311112879        9.8521910482032543E-002  -1.1537755047203683E-003  0.97154055198387024        188414.45473505274        38.868024797675822        14.949765363712789       0.29433963185059869                0           0   24967.910579153504        2.3493249830021899E-004  0.50000000000000000             1034   6.8996483790006446E-002           0
         203         204  0.10958957416913398        5.6611292613942377E-002  -6.2817234305771752E-004  0.98494187057407623        200051.97130642890        36.805509599966030        12.883068972376378       0.14930235963288363                0           0   23515.465640870621        1.6988547057778460E-004  0.50000000000000000              906 -0.16829482889222636                0
          21          22  0.17137201111473407        1.8580527211685235E-002  -2.8964617018065918E-004  0.97725619083110171        219756.57682243298        40.968444197440832        4.9418474851280330       0.24679784268394231                0           0   21406.937283364805        1.8343950172520064E-004  0.50000000000000000              724   6.6580912197741204E-002           0
         369         370  0.35577330781196675       0.28758888866695975       -6.5923629871082615E-003  0.96841922705639494        200307.85819162280        57.839387851881206        14.048418637266634       0.42438492971474651                0           0   23485.425385280789        3.4904883910831302E-004  0.50000000000000000             1072   1.5708430107430802                0
          77          78   9.3430964505624117E-002   2.0354482771848002E-002  -1.6334883162896549E-004  0.97425183352183942        309441.22681298596        43.386459025179242        11.723906610035499       0.54072864829815026                0           0   15202.613129787858        1.8457846561722538E-004  0.50000000000000000              780  0.84823861629754893                0
         315         316  0.30834333591613694       0.21242803698149326       -3.5544000840579989E-003  0.96932722246065328        288048.63087816222        68.675120176768687        9.0431513184941466       0.37807502042674662                0           0   16331.670257563481        4.1463143421502049E-004   1.5625000000000000E-002        1018  0.18651845857011434                0
          89          90  0.20842321107894346       0.10223825271363279       -1.3435582502014560E-003  0.98702482580270168        297769.38109927031        59.104743533761280        6.6422071851110180       0.75968342019113544                0           0   15798.519109916271        3.6005640583131949E-004  0.50000000000000000              792  0.40078919627960830                0
         155         156  0.50373356431637750       0.18870347651975347       -4.6345267489272665E-003  0.98128177235206437        293320.33962033020        76.435433608783669        12.636308905161279       0.70563970966298795                0           0   16038.148816184937        4.6428632181207922E-004  0.50000000000000000              858  0.45834268401811895                0
         187         188  0.16652052450678573        4.4390738220572948E-002  -5.1200105471243477E-004  0.98740860044556455        313872.49940009229        53.803263366689940        6.3059485311612180       0.66900241897813861                0           0   14987.981637882163        1.5401396217716847E-004  0.50000000000000000              890  0.29024643951598467                0
         255         256   8.3811449474318997E-002   3.0344259974373743E-002  -1.9498774621546684E-004  0.99476358635673934        366335.73421504453        48.606227887337262        10.807245050356785       0.46132892457201446                0           0   12841.540746017587        1.7373772739312873E-004  0.50000000000000000              958  0.24248343787675039                0
          93          94   8.5361728603296438E-002   7.1347741082274679E-002  -4.1080252103106030E-004  0.97812880800934654        378910.90214675880        55.249666982163497        11.444866236086213       0.42971810272698430                0           0   12415.359998859836        1.7179347800011020E-004  0.50000000000000000              796  0.35027262254518854                0
          95         546  0.62290701776509083       0.52092362269304604       -3.7742896512045886E-003  0.93637098450083445        1958535.4646903062        320.39179504774796        9.3644943668650455       0.51990625658100631                0           0   2401.9556155387945        1.9018922740027609E-003   5.1522760835060214E-003         798  0.33119973004015207                0
          67          68  0.52597586808430075       0.46375414949012228       -9.5351984985231255E-003  0.98266064699714351        341740.68956755206        95.332992401100725        14.551964806794581       0.42092266786374333                0           0   13765.745201713413        5.7947742737167690E-004  0.50000000000000000              770   7.1133154926320635E-002           0
         213         214   8.6717284611907239E-002   1.7710005955573944E-002  -1.1427078035879827E-004  0.98213695314694749        400632.33674856107        50.085097135765906        5.2028368867064962       0.35703822188583401                0           0   11742.225542311169        1.5552041722878169E-004  0.50000000000000000              916  0.15124436128944474                0
         313         314  0.11479116130453372        5.7685466757393881E-002  -3.9453446450446250E-004  0.99253727403468150        435049.79924732697        62.547398305763593        4.0002375133447208       0.41812935986508198                0           0   10813.279918261374        1.7042172232509015E-004  0.50000000000000000             1016   7.7788958236143513E-002           0
         365         366  0.29906545429998188       0.27572229150032296       -3.4223050706489746E-003  0.97703614846779008        409915.73603235272        89.792227251814452        12.289221002006551       0.28808121643351214                0           0   11476.298283102440        5.4424978456707430E-004  0.50000000000000000             1068 -0.23659582636282822                0
         201         202  0.41909726131645580       0.36316033186407948       -5.4401348907038797E-003  0.97784193266974673        439642.50440806977        104.26124217537117        13.939053710755385       0.39157962753045339                0           0   10700.319487940789        6.3220712582260643E-004  0.50000000000000000              904   7.1697860646111264E-002           0
         171         172  0.11855449161888632       0.10910379859810015       -6.3808363105355751E-004  0.99690688946593098        502629.43037454027        75.543937317710842        4.6486719971313635       0.23610601776660106                0           0   9359.4106778413025        1.6222029374787257E-004  0.25000000000000000              874  -7.2744808374560307E-002           0
         347         348  0.19457293008789711        9.8264029982305379E-002  -8.4213227326918961E-004  0.97623178622328566        525292.62380639045        84.608893442837001        3.8848034977864634       0.40977693709268120                0           0   8955.6088253366652        5.1262384884362530E-004  0.25000000000000000             1050  0.15670680916491986                0
         343         344   9.9716206803828866E-002   3.9838043689421537E-002  -1.9541286924161294E-004  0.98547806040898511        644708.77578794607        75.758248904357316        14.189300125836009       0.60160495243469958                0           0   7296.8066114739531        4.6110969753691106E-004  0.50000000000000000             1046   1.7305221842439880                0
          99         100  0.11123848720615616        3.9011678252708890E-002  -1.9764343022701515E-004  0.98119635498491209        697449.45099556562        81.825121918085514        11.033487066968421       0.54659959269025593                0           0   6745.0268272914218        1.9609050585244134E-004  0.25000000000000000              802  0.13741515073857655                0
         391         392  0.13558686976987694        5.7578981684498085E-002  -2.5446740011902898E-004  0.98428057182237338        1015963.8259505472        114.33226250480101        10.805095595543921       0.32930903542874457                0           0   4630.3964151906221        1.9855493643177781E-004  0.50000000000000000             1094  0.10319990989319747                0
         385         386  0.12648191059682606        5.9749107023494945E-002  -2.5030111744847215E-004  0.99192399726360403        1010156.8010307509        112.51654391747591        15.234127386814025       0.27399939266872281                0           0   4657.0148840700185        1.9971473045980897E-004  0.50000000000000000             1088   7.1992172063862353E-003           0
          41          42  0.11122608390456809        8.6847116325004775E-002  -3.0034655602715249E-004  0.97689552612968544        1076875.4069236529        119.85571002551679        1.5343011911352953       0.83292850847900468                0           0   4368.4861102769009        1.9934720720389158E-004  0.44130549828641608              744  0.51969319242941514                0
         345         346  0.55774375829353751       0.47607345656862060       -4.7923803546830179E-003  0.97923176074338625        1065819.0059203701        206.47940675782556        1.7309184044985595       0.24455403271995660                0           0   4413.8031237137029        1.2529054742208931E-003  0.50000000000000000             1048  -4.2135828927586411E-002           0
          73          74  0.94128231410560004       0.69908498357263338       -1.0547991353088345E-002  0.98595090542721642        1010924.7705775029        232.48741209934116        15.413726868957273       0.50406750435611902                0           0   4653.4770880699325        1.4155097427745917E-003  0.50000000000000000              776  0.38522297583710513                0
         285         286   8.9462339041284894E-002   4.2834040765278178E-002  -1.2838168338598593E-004  0.97556116315563901        1178106.6063545495        111.23605151706303        10.431124749556073       0.66054713818027078                0           0   3993.1150816660524        1.4410236536712358E-004  0.25000000000000000              988  0.22825030854050438                0
         293         294  0.55382231722128972       0.12326253909399966       -1.3046202120956597E-003  0.97555013427591697        1208714.8768618368        195.00098063437505        10.723788170728124       0.50633495649856619                0           0   3891.9974823661364        1.1809822740092247E-003  0.50000000000000000              996  0.92178886663010340                0
         123         124  0.67985937278035102       0.12376754478802159       -1.4259437356367586E-003  0.97763450747397851        1328700.8239903566        219.90890269502705        8.9042043697152042       0.56276850017296987                0           0   3540.5376234484115        1.3330674591925293E-003  0.25000000000000000              826  0.32087854999415349                0
           7           8  0.10772050310063933        1.1526931384030817E-002  -3.7943697728780554E-005  0.99082248886431246        1424470.1409572540        121.95279694780302        11.496103709169414       0.45490864667924052                0           0   3302.5018372680170        1.6260639909577266E-004  0.25000000000000000              710  -9.7106246192154716E-003           0
         355         356  0.32294731613854971       0.22153041596011064       -1.4146791448691402E-003  0.98835597978780254        1280677.5733209376        188.46314208734015        4.6452287341599847       0.43313961659183697                0           0   3673.3018174480535        1.1488556879049804E-003  0.50000000000000000             1058   6.7250847323001905E-002           0
          85          86   8.0567479673496034E-002   7.0359839832317903E-002  -1.6540594186675728E-004  0.98642166572395873        1357017.8794508749        127.71821781941760        7.2715478919946781       0.30131289358619245                0           0   3466.6567986181526        1.9401392259058692E-004  0.25000000000000000              788  -5.6425212442068100E-002           0
         387         388  0.11696728908539532        8.3148869844046139E-002  -2.2937137505369188E-004  0.96264290875993253        1621811.9089484562        158.01593785791877        5.3413656499001902       0.54624053298501651                0           0   2900.6540349644661        7.2123710914244986E-004   6.9880921577179832E-005        1090  0.19433921775788754                0
         103         104   9.4240900685283069E-002   8.1646476448274677E-002  -1.9581474411928143E-004  0.97430932578693863        1543295.6101144454        146.43699954217337        4.4251085322548720       0.16268676712140664                0           0   3048.2269416265021        8.8618227905427590E-004  0.25000000000000000              806  -5.7795573881753132E-002           0
          65          66   8.1196656538748205E-002   3.2700733033609646E-002  -6.2627861262289943E-005  0.98184767372588766        2149336.5504112290        157.99647215383459        11.325204094957124       0.55024844731866662                0           0   2188.7290088398181        1.9363885980735446E-004  0.50000000000000000              768  0.17619899968257879                0
          15          16  0.12041882448822794        4.7134796559794988E-002  -1.1370748620294229E-004  0.97825164521118502        2263928.7909641471        186.02285177799217        10.732915695097670       0.57792863888342594                0           0   2077.9431210119114        1.1281688166013199E-003  0.50000000000000000              718  0.18036844162097199                0
         243         244  0.10897784068549871        6.2870305948584129E-002  -1.2688985103554134E-004  0.99345305026723485        2514966.0648626112        201.22235189126619        11.048492327130976       0.36620943641226406                0           0   1870.5283237695505        1.2297376519750148E-003  0.50000000000000000              946   7.3382745399238919E-002           0
         403         404  0.17519688796893346        3.8994197612049461E-002  -1.0593126442534871E-004  0.98389283697220087        2940504.5928270817        240.33750903206555        15.093194102709749       0.43434893561533433                0           0   1599.8326508723137        1.3490364835619171E-003   7.3142915066007027E-004        1106  0.15204341273875477                0
         127         128  0.41687934908818136       0.27898104023835063       -1.0601324713850049E-003  0.99434194081511351        3619474.9262651657        408.83142482301037        12.171475796184778       0.26949946617333154                0           0   1299.7231237899509        2.4997052625840904E-003  0.25000000000000000              830  -2.1907715319095522E-003           0
         217         218   8.1228311512873880E-002   6.5270211912634449E-002  -8.4864059256294254E-005  0.97696892315676265        3390006.8490829859        232.81876606981328        14.662805984170946       0.76179746128973791                0           0   1387.7008121435813        1.4110585494170628E-003  0.50000000000000000              920  0.32212422612031333                0
         143         144  0.25022565110097550       0.15769561095085233       -3.9893226177458845E-004  0.97378367469115990        4047244.7606835263        368.61381757316616        9.9247475151430180       0.64004483429194681                0           0   1162.3500766111972        2.2305190603367172E-003  0.50000000000000000              846  0.22026085839465892                0
          61          62  0.16574606629006447        5.1105325148539382E-002  -1.0680914848388477E-004  0.98146224652464376        3985102.7316611102        295.54272204541036        5.9365880972098868       0.43570146943375254                0           0   1180.4752786595950        1.7952874583487142E-003  0.50000000000000000              764  0.27970818698262867                0
          29          30   9.2064989403419284E-002   3.8673592252436655E-002  -4.8326417632826574E-005  0.98790084533106615        4595724.3541263249        274.56410217347485        6.9137011592961004       0.81846635726419303                0           0   1023.6286807368981        1.6733196375634911E-003  0.12500000000000000              732  0.50976884672146805                0
         405         406   8.7236661288412828E-002   5.5735761705262711E-002  -1.4072219982536795E-005  0.99445045527554632        44632234.652881853        1287.6258805654079        11.168179758638349       0.64278519046718086                0           0   105.40174145954420        7.8733128566099032E-003  0.50000000000000000             1108   1.2951474987096623                0
          45          46   8.6894120985331738E-002   8.6164685909330241E-002  -8.2040856412477007E-005  0.98387083180607882        5506893.1944410549        340.10174038637848        8.4047678490065252       0.63020393583279799                0           0   854.25939664011355        2.0685513436049150E-003  0.12500000000000000              748  0.47233257417823771                0
         161         162   9.3309048906446132E-002   9.2827486138433946E-002  -9.1369559510857037E-005  0.98815532640234383        5621492.6553759621        353.27927223324542        8.1995242187602280       0.49820101193883670                0           0   836.84450839687906        1.9930009456800577E-003   1.1832492008213158E-004         864  0.14267195550591183                0
         289         290  0.10428359770713377        2.3242149003040714E-002  -2.7029442832757908E-005  0.98098802418747855        6248173.5035738871        334.17544050153668        15.442388943384973       0.16390844120659101                0           0   752.91047134877829        1.9955340005330391E-003   1.1228483400452522E-003         992  -4.5550020347808112E-002           0
         115         116   9.5073144526220191E-002   4.6025486525321645E-002  -4.6726263478262970E-005  0.98361077625756288        6339435.9430684811        348.99124241529205        11.319953800970074       0.46674645255869479                0           0   742.07158174513086        2.1223306805025111E-003  0.25000000000000000              818  0.16990749382211398                0
         223         224  0.13901763968801717        6.0776114313866474E-002  -7.7058890570467868E-005  0.98945317962149593        6749139.5531771807        408.60099961652776        5.6730202500960996       0.35051736981894654                0           0   697.02444594291876        2.3977562375347506E-003   9.9988984147284725E-004         926  0.10776404657569519                0
         199         200  0.11230093762090229        4.7925291740752780E-002  -4.9845320530023470E-005  0.98557578802919299        7365259.5215128316        402.38621163417127        9.2354475204513538       0.32561040333948255                0           0   638.71683596540686        2.4494184751019071E-003  0.50000000000000000              902  0.76391901302757126                0
         373         374  0.15845034820673778       0.15233439132851201       -1.7085703248634338E-004  0.97949939137731490        7914561.1085002357        526.47485847857718        5.0772330765259666       0.41587643067884444                0           0   594.38738208645964        2.6712678916416548E-003   1.0531139819624567E-004        1076  0.10240129668241638                0
          69          70  0.10464422723177559       0.10349050793134676       -8.6377732787562200E-005  0.98042651398566583        8085705.8082159301        467.23280664956275        10.695881035331974       0.17184873876558501                0           0   581.80638391081243        2.8368343572848856E-003  0.50000000000000000              772 -0.16196104165568553                0
          51          52  0.11606384615255892        9.5064690585184505E-002  -1.2276543213329298E-004  0.98205345115529663        4872545.5793825211        334.93415447263214        4.4957197736001762       0.45275555333989564                0           0   965.47383313362923        1.9892380511386115E-004   6.2500000000000000E-002         754   6.3991739239275258E-002           0
         265         266   8.4095384718170976E-002   3.6296916915751078E-002  -2.5177714536428469E-005  0.98207560859203546        10109001.495490944        451.79865103458576        4.6427769915680539       0.49375236958805968                0           0   465.35904260604707        1.2429431482049817E-003   9.0844968401765174E-004         968  0.21709997952307897                0
         367         368  0.20322917187314732       0.17631903439505672       -1.9839606705755592E-004  0.98269530143886108        10352948.140205754        673.08749759178068        13.387738052434708       0.53102096335466109                0           0   454.39378174565741        4.0872891121850365E-003   4.7612102492056033E-004        1070   1.5289426720477444                0
         305         306   8.5255713978393793E-002   1.6586699482616780E-002  -1.1931200371230782E-005  0.97557216214542408        10624387.113807641        441.69112072417624        13.972535400408487       0.27317734680333156                0           0   442.78462439785847        2.6751951435917505E-003  0.50000000000000000             1008   7.9318800392871577E-002           0
         325         326  0.14296285691723640        1.8018411898666035E-002  -1.7591034512000332E-005  0.98525910189351285        11605238.715074902        545.71725305743564        6.9982874577990479       0.36986938065033681                0           0   405.36135215676182        1.9976652747874619E-004  0.25000000000000000             1028   2.6576363712665502E-002           0
         119         120  0.12744757891135747        8.2887871857059842E-002  -6.3848789170769046E-005  0.98269985033698937        12193204.574003790        616.57973866081329        9.6871668237909407       0.25984767230403755                0           0   385.81451078697370        3.7479255214838184E-003  0.25000000000000000              822   6.7434272813844273E-002           0
         133         134  0.13034205300579016        4.8697333779162973E-002  -3.8327292911083837E-005  0.98105462447737846        13234798.418698842        617.16449207215965        7.3962057174153575       0.45702069236495596                0           0   355.45046541836638        2.8456864824758050E-003   5.7946029610081093E-004         836  0.20847236247845966                0
          17          18   8.8310858010865509E-002   3.6165089814597706E-002  -2.2321003472730643E-005  0.98140412768925933        12747100.610456508        533.22349031307033        8.0598143384379863       0.37082196934556549                0           0   369.04982563531280        3.2391129273980847E-003  0.50000000000000000              720  -4.3468700049485540E-002           0
         275         276  0.13196141201412448        6.9014568623332620E-002  -4.7734036791355099E-005  0.97884734802625140        15446728.128221828        711.01523130920873        11.486161374978080       0.41841379316603067                0           0   304.55091968957362        3.9944246932946091E-003   6.3851966989189829E-004         978  0.37159598738422300                0
         221         222  0.10685030920939192        6.9974509155263417E-002  -3.1626800706290122E-005  0.98429083045829679        22713716.012263920        881.00772841621449        11.080788964103910       0.17963282069585021                0           0   207.11341354733594        1.3494987500278477E-003   2.4823381678433639E-005         924 -0.20517942926813323                0
         157         158  0.17882018552997023        8.7937108552675433E-002  -4.2075610892699029E-005  0.98508031755705150        36757715.811695717        1392.7643075238229        7.5524365091822157       0.37223930236875574                0           0   127.98170816011165        5.8511082982845618E-003   3.3651379730720966E-004         860   1.0159102161783779E-002           0
         145         146  0.11284151051838727        7.1741434973604884E-002  -2.4259704570841394E-005  0.99378172657691255        37282378.084595412        1243.5772787482435        12.540431575909947       0.41570466246036480                0           0   126.18066495035421        4.5894150839713155E-003   3.6120113068398762E-004         848  0.14939822403641584                0
