 121 948   1   452 118   0      0.9   0.46   4.88  6.286     0.0  -0.2385   0.0000
  -1.209956   0.000000   0.288313   0.062472  -0.571267   0.053723   0.000000   0.000000   0.000000   0.000000
   0.00000   0.00000   0.15286   0.03449   0.00000  -1.20996   0.00000   0.00000  -0.92164   0.77512   0.20997   0.00000   0.00000
 NAME(I1)    NAME(I2)    M1[M*]                    M2[M*]                    EB[NB]                    ECC                       P[Days]                   SEMI[AU]                  RI[PC]                    VI[km/s]                  K*(I1)      K*(I2)      ZN[NB]                    RP[NB]                    STEP(I1)[NB]              NAME(ICM)                 ECM[NB]                   K*(ICM)      
           3           4   8.7970317491499028E-002   4.9196061553816367E-002  -9.2897646351125171E-004  0.98018963898304645        71340.815372945974        17.361255191394889        7.5228362541404108       0.19086439268259994                0           0   65941.428242054317        1.0539810829294615E-004  0.50000000000000000              706  0.10932543058587001                0
          57          58   8.8793517676333700E-002   7.4789808565780366E-002  -1.3944536633748324E-003  0.99288618157622466        67519.482439442989        17.747571380570307        13.060573321403712       0.69052645605677687                0           0   69673.449613065080        1.0843421479498632E-004  0.50000000000000000              760   1.1507789023936876                0
          59          60  0.52934127945164156       0.11516011942956719       -3.1001072744619322E-002  0.99635260950274573        9025.0375450904266        7.3279160146024838        16.536928005518210       0.84844712621309093                0           0   521251.59969045070        4.4850020571511419E-005  0.50000000000000000              762   1.4518713933180916                0
          63          64  0.11284127030153632        5.3401276685359052E-002  -1.4468849236327175E-003  0.97984293960292113        54774.265105649982        15.520472950299069        12.087166633899907       0.38551359241989064                0           0   85885.502043175962        9.4206442072616631E-005  0.25000000000000000              766  0.23324533210025272                0
          83          84  0.10272953417562042        4.1373672231505683E-002  -1.2819188696754095E-003  0.97370419826673227        41789.837138321200        12.356008093958177        13.859298074075802       0.37432126999437859                0           0   112570.79662870750        7.4766174595093939E-005  0.50000000000000000              786  0.23211356617683421                0
          87          88  0.10306885414503236        3.0345968261083246E-002  -4.1821248241819420E-003  0.98428134930470224        4652.7998571211401        2.7870887101701558        15.127897782625213       0.31766236740905057                0           0   1011071.9141389197        1.6955045282497800E-005  0.50000000000000000              790   8.7365630346268541E-002           0
         105         106  0.12790761581087476        8.1406408734692293E-002  -3.3640542461646258E-002  0.96974758674909145        989.02684361157492        1.1534833915785283        18.662552964048533       0.31004302310670262                0           0   4756509.1767037120        6.9657331703446991E-006  0.25000000000000000              808  0.11605111262704979                0
         131         132   8.4797441590329786E-002   6.4637458177469395E-002  -7.7121942017657882E-004  0.98912831439601701        128788.41655396212        26.485513546867381        8.2519121337684638       0.43766513208440055                0           0   36527.471829531067        1.6151620773559698E-004   6.2500000000000000E-002         834  0.12071860946546864                0
         137         138  0.13717930409073115       0.13193897190263901       -4.0334545728335997E-003  0.97817964388784162        48147.574536657077        16.722602131164937        11.715625844209098       0.23198663721749482                0           0   97706.173216745112        1.0141787278782275E-004  0.50000000000000000              840  0.66886281524275870                0
         167         168  0.11739175763496201        6.6852661947444644E-002  -1.3371095085191684E-003  0.97921691183512483        87047.450602289726        21.873015901955345        12.717571071260737       0.68254797538375633                0           0   54043.113555826756        1.3272323952673876E-004  0.50000000000000000              870  0.41889472904963843                0
         177         178  0.17518944591650459       0.15841447355487015       -4.8844045916293037E-002  0.97081544669269548        1948.4551180766894        2.1174370246531056        3.9557041056660909       0.80661403402386267                0           0   2414382.1502485364        1.2793853451865820E-005  0.25000000000000000              880  0.51020155199073602                0
         181         182  0.16494482085752635        4.8117280213717237E-002  -2.2342341753636167E-003  0.98308070947828008        38113.841390388654        13.238244572811659        5.5030313747837667       0.31226519716910300                0           0   123428.00111539195        8.0485139620415977E-005  0.50000000000000000              884   4.7995417186881384E-002           0
         193         194  0.13607741833753259        1.4509867592654014E-002  -3.3139095177587647E-004  0.98026160729439438        98477.807758994706        22.203845682541278        15.689799907027572       0.74351481478972647                0           0   47770.308506030713        1.3480179630591914E-004  0.50000000000000000              896   1.1847098552832531                0
         195         196  0.23980714281985319       0.16746154432118399       -1.7866781603804005E-002  0.96643523058497638        13874.745800257982        8.3762612435180923        10.998116604782235       0.99616285923215486                0           0   339055.96004197007        5.0498069052990366E-005  0.50000000000000000              898  0.75194393095733880                0
         207         208   9.9440827635248155E-002   5.0100703362626467E-002  -8.7683211256005204E-003  0.98112175417415370        2910.2243960466299        2.1174416066239212        4.2306648992274321       0.72687089270734728                0           0   1616478.5313583727        1.2860786271453537E-005  0.25000000000000000              910  0.45684468752381513                0
         225         226  0.11258739991983015        4.7810171057872303E-002  -9.4939383745014589E-004  0.98185672257896206        88575.957032427817        21.129198100363176        15.813801770104810       0.67233056474768615                0           0   53110.521356517827        1.2838083044770557E-004  0.50000000000000000              928   1.1131443091331192                0
         235         236   9.9158490776633662E-002   3.5661683213779022E-002  -5.1301121046354124E-003  0.96614283730650707        4095.4263718306088        2.5687641194955386        6.7905588170117417       0.31254880158237935                0           0   1148675.3345151674        1.5484037106406675E-005  0.50000000000000000              938  0.12270736115437449                0
         239         240   8.3253089810449737E-002   5.9845060969569666E-002  -7.4110620056441019E-004  0.97866503909393976        121080.59857328323        25.053451414275163        15.379854040260554       0.48644515688430351                0           0   38852.758518512826        1.5197941044801133E-004  0.50000000000000000              942  0.14791695401511945                0
         247         248  0.12867704596478571        5.6124925773135610E-002  -4.8755267774440045E-002  0.97148621675522984        348.47281385192167       0.55201979559906922        19.288333115862859       0.59611351054041384                0           0   13499805.639483234        3.3365167437779866E-006  0.50000000000000000              950  0.54688722723564176                0
         249         250   8.3325272192247987E-002   6.4931060179189190E-002  -5.9417119074347373E-003  0.97581540753508467        5929.7866670524481        3.3934150410168407        16.823906200514365       0.45352043147411036                0           0   793336.34104971308        2.0555510157367267E-005  0.50000000000000000              952   1.3359950484976200                0
         271         272  0.13618545113931463       0.10282415591629936       -1.7643068358636144E-003  0.98806680624688603        120181.93023047518        29.578155387187675        6.5028789825814348       0.48900321007291775                0           0   39143.282593508091        1.8027976026539725E-004  0.50000000000000000              974   8.5906721726365265E-002           0
         287         288   8.8414603939471620E-002   4.2704642040310346E-002  -5.8515194294090581E-004  0.98093659039144399        118941.02246670357        24.046383900145148        2.9864792464339804       0.61138686369921413                0           0   39551.663169548527        1.4603779329379048E-004  0.50000000000000000              990  0.21209439753748621                0
         291         292  0.10251315781699964        2.9651563345757474E-002  -1.1831110334550475E-003  0.98075559013170377        29765.556837160901        9.5746088155111213        9.6367189633277022       0.59303299353795680                0           0   158045.59892431262        5.8142920318824777E-005   6.2500000000000000E-002         994  0.24133540252991520                0
         303         304  0.77980953382043972       0.33783563817501155       -5.2382472905160467E-002  0.97671789874474535        28033.625192942258        18.742492285908785        5.9907201962215018       0.63253087324098778                0           0   167809.73653129677        1.1358394461059082E-004  0.50000000000000000             1006  0.22919723168901690                0
         311         312  0.16827131513595273       0.11782564957455051       -9.1314488263872420E-003  0.97485864189666582        15717.300866973132        8.0915100549741776        14.429774346560801       0.16876498881113175                0           0   299308.08714936365        4.8990345746074786E-005  0.50000000000000000             1014 -0.14295639035723143                0
         321         322  0.12252965187021556        4.0765808550071510E-002  -1.0952504619379879E-003  0.97557453106160041        63331.226025514967        16.995860241612995        16.899913948182768       0.42123141913946299                0           0   74281.133539866772        1.0293936416602254E-004  0.50000000000000000             1024  0.78434319342245007                0
         323         324  0.13577855073708561        2.1714876777924844E-002  -1.0672784058174505E-003  0.97737634574565457        30402.145619620234        10.295090097572151        12.262644999416498       0.62598142221622655                0           0   154736.29119810546        6.2411468000077191E-005  0.50000000000000000             1026  0.38845845367154996                0
         337         338  0.14234346256931027        4.8688670540606271E-002  -2.7220309402593351E-003  0.98436219341894415        24424.438780536861        9.4883723855236379        16.511345196267495       0.41676802640898131                0           0   192606.89262565569        5.7724153992768256E-005  0.50000000000000000             1040   1.5592387234152962                0
         357         358   7.9717634398698847E-002   3.5168480550120958E-002  -1.1543449013877967E-003  0.99034897964864510        29342.295402160125        9.0508997532508531        13.475245028530868       0.51890963295484660                0           0   160325.40035359471        5.5228836842580753E-005  0.50000000000000000             1060  0.89291177413703116                0
         363         364   8.0030474895858961E-002   2.5241398542184282E-002  -3.2505135387658957E-004  0.96900162088983910        125469.53716214608        23.159872534501439        10.162340373782811       0.68844964711996570                0           0   37493.684634903126        1.3980643129274424E-004  0.50000000000000000             1066  0.47984638408720248                0
         371         372   9.0756420354949963E-002   8.9399293653254358E-002  -1.4941626717007766E-003  0.97790038526241019        78336.750524128642        20.236383406048532        7.7781333773566432       0.42308594510085640                0           0   60052.468683849453        1.2271064128272370E-004  0.50000000000000000             1074  0.20665973808858659                0
         383         384   9.3433970454860987E-002   6.5975786712685114E-002  -2.9999592269293533E-003  0.97176827062077331        19385.313257799193        7.6576121486429507        13.170316583621879       0.48621798374041908                0           0   242674.19334851863        4.6290742961604388E-005  0.50000000000000000             1086  0.51380100729818268                0
         395         396  0.10118924464727580        7.2387835402996439E-002  -4.0679476328368365E-003  0.98184110250843104        15239.121285685993        6.7103307468978812        7.8999171811006326       0.47420923901253897                0           0   308699.90266850201        4.0771591993552411E-005  0.50000000000000000             1098   5.7307596679294623E-002           0
         401         402  0.11008182267075275        8.1520559788653676E-002  -2.1754919003101718E-003  0.98946501741247106        50292.904508829961        15.372504553420699        9.7552567321140096       0.44589943669667970                0           0   93538.349069078395        9.3761781152373525E-005  0.50000000000000000             1104  0.16434286394850606                0
         219         220   5.9461379470541447        2.5291364086335988      -0.75299076982192070       0.98221912150944157        80559.862777643633        74.428097414589246        9.5235548956009453       0.22302397499220564                0           0   58395.273967004177        4.5230718866207646E-004  0.50000000000000000              922  0.17209376677059413                0
         159         160  0.52009082554844766       0.13749382338007102       -6.8562166579241961E-003  0.98252657550525302        109146.58921206869        38.868446659729038        5.0610822847937236       0.57075629571604580                0           0   43100.891119047374        2.3624417772278330E-004  0.50000000000000000              862  0.21005231852257905                0
           1           2   2.0244841138268650       0.61000484406818434       -7.0741485713423660E-002  0.98738152934187551        118081.33591071346        65.056817812538299        13.767151854917085       0.47451224252868324                0           0   39839.617509086311        3.9638661146352313E-004  0.50000000000000000              704  0.10245941768379460                0
         283         284  0.18094602805437388        8.1870494517192083E-002  -1.6064068193646895E-003  0.97697797871714775        143540.44546752289        34.366892541613126        5.2808727313472632       0.29296204847847424                0           0   32773.447527785116        2.0829891525217590E-004  0.50000000000000000              986  -4.5264604334502356E-002           0
         185         186  0.24628085064239766        6.9358336926096664E-002  -1.8551080494142963E-003  0.99057546901522908        130681.44545928008        34.314639623851313        10.975938480382661       0.54864915462339070                0           0   35998.341165507023        2.0941269287605858E-004  0.50000000000000000              888  0.25109663599192134                0
         191         192  0.17819880543248182        5.0730547014061628E-002  -8.9966543292994278E-004  0.98450778698896024        174927.64032278312        37.446621017460309        16.154034027639380       0.62044531615578780                0           0   26892.921261409472        2.2782970840593575E-004  0.25000000000000000              894  0.50372853414938601                0
          71          72  0.16939743337267674        2.6319217633798585E-002  -4.7647967898261517E-004  0.96976219828091648        170003.73667627125        34.870225322542275        10.091515535318756       0.27301817395793432                0           0   27671.834452691655        1.5082883319385277E-004  0.25000000000000000              774 -0.14245841743683030                0
          53          54  0.10539273585624893        8.3691576402142989E-002  -9.4861616487088496E-004  0.98840746126056767        171334.30925667207        34.651436372167325        12.433055134299392       0.28028175886588896                0           0   27456.936547351612        2.1096666920612941E-004  0.50000000000000000              756 -0.17745973706632037                0
         245         246  0.10614450888457336        7.9534736728126665E-002  -8.8338078697462622E-004  0.97533507163214717        180155.36208468804        35.614411017835778        12.705320690258345       0.18712048832729461                0           0   26112.546433302068        2.1568078356416255E-004  0.50000000000000000              948  0.14751233106186371                0
         331         332  0.12214104311112879        9.8521910482032543E-002  -1.1537755047203683E-003  0.97154055198387024        188414.45473505274        38.868024797675822        13.155361799250285       0.29420140645359755                0           0   24967.910579153504        2.3493249830021899E-004  0.50000000000000000             1034   2.9635788036265855E-002           0
         203         204  0.10958957416913398        5.6611292613942377E-002  -6.2817234305771752E-004  0.98494187057407623        200051.97130642890        36.805509599966030        13.018742578304607       0.15282888265707573                0           0   23515.465640870621        1.6988547057778460E-004  0.50000000000000000              906 -0.19289095531982942                0
          21          22  0.17137201111473407        1.8580527211685235E-002  -2.8964617018065918E-004  0.97725619083110171        219756.57682243298        40.968444197440832        7.8439074793791841       0.23678431455830271                0           0   21406.937283364805        1.8343950172520064E-004  0.50000000000000000              724   9.5257297766967231E-002           0
         369         370  0.35577330781196675       0.28758888866695975       -6.5923629871082615E-003  0.96841922705639494        200307.85819162280        57.839387851881206        17.511242134202000       0.41582950233131966                0           0   23485.425385280789        3.4904883910831302E-004  0.50000000000000000             1072   1.6765931617159948                0
          77          78   9.3430964505624117E-002   2.0354482771848002E-002  -1.6334883162896549E-004  0.97425183352183942        309441.22681298596        43.386459025179242        13.820872276212876       0.52837275164642405                0           0   15202.613129787858        1.8457846561722538E-004  0.50000000000000000              780  0.92195060270865548                0
         315         316  0.30834333591613694       0.21242803698149326       -3.5544000840579989E-003  0.96932722246065328        288048.63087816222        68.675120176768687        10.478280707708402       0.36046717328117317                0           0   16331.670257563481        4.1463143421502049E-004   3.1250000000000000E-002        1018  0.21917906563077044                0
          89          90  0.20842321107894346       0.10223825271363279       -1.3435582502014560E-003  0.98702482580270168        297769.38109927031        59.104743533761280        8.2820577575158758       0.76994789158461063                0           0   15798.519109916271        3.6005640583131949E-004  0.50000000000000000              792  0.42756485619351425                0
         155         156  0.50373356431637750       0.18870347651975347       -4.6345267489272665E-003  0.98128177235206437        293320.33962033020        76.435433608783669        10.878567108894590       0.70000005390685183                0           0   16038.148816184937        4.6428632181207922E-004  0.50000000000000000              858  0.41983462868258226                0
         187         188  0.16652052450678573        4.4390738220572948E-002  -5.1200105471243477E-004  0.98740860044556455        313872.49940009229        53.803263366689940        7.8761190018721710       0.67746469740623383                0           0   14987.981637882163        1.5401396217716847E-004  0.50000000000000000              890  0.31283649704191985                0
         255         256   8.3811449474318997E-002   3.0344259974373743E-002  -1.9498774621546684E-004  0.99476358635673934        366335.73421504453        48.606227887337262        11.732219848643007       0.46020619306933341                0           0   12841.540746017587        1.7373772739312873E-004  0.50000000000000000              958  0.28121790834648169                0
          93          94   8.5361728603296438E-002   7.1347741082274679E-002  -4.1080252103106030E-004  0.97812880800934654        378910.90214675880        55.249666982163497        13.237164286714000       0.41640046385183477                0           0   12415.359998859836        1.7179347800011020E-004  0.50000000000000000              796  0.39479177858329784                0
          95         546  0.62290701776509083       0.52092362269304604       -3.7742800866185596E-003  0.93636562425209868        1958542.9095244384        320.39260696811851        10.830352627779813       0.50480142153573770                0           0   2401.9464851995690        9.5549744171306611E-004   2.4674042590446272E-003         798  0.36553608491767320                0
          67          68  0.52597586808430075       0.46375414949012228       -9.5351984985231255E-003  0.98266064699714351        341740.68956755206        95.332992401100725        16.931233668461989       0.42647605337223221                0           0   13765.745201713413        5.7947742737167690E-004  0.50000000000000000              770  0.11788222699029743                0
         213         214   8.6717284611907239E-002   1.7710005955573944E-002  -1.1427078035879827E-004  0.98213695314694749        400632.33674856107        50.085097135765906        8.2055949303207036       0.34525941686186495                0           0   11742.225542311169        1.5552041722878169E-004  0.50000000000000000              916  0.17831339820852082                0
         313         314  0.11479116130453372        5.7685466757393881E-002  -3.9453446450446250E-004  0.99253727403468150        435049.79924732697        62.547398305763593        4.9279541798253739       0.40527526008633163                0           0   10813.279918261374        1.7042172232509015E-004  0.50000000000000000             1016   9.0843039060424527E-002           0
         365         366  0.29906545429998188       0.27572229150032296       -3.4223050706489746E-003  0.97703614846779008        409915.73603235272        89.792227251814452        13.744646331897959       0.30080930349743157                0           0   11476.298283102440        5.4424978456707430E-004  0.50000000000000000             1068 -0.23149406196293271                0
         201         202  0.41909726131645580       0.36316033186407948       -5.4401348907038797E-003  0.97784193266974673        439642.50440806977        104.26124217537117        12.757017561484771       0.39057559323077334                0           0   10700.319487940789        6.3220712582260643E-004  0.50000000000000000              904   4.8908911388945271E-002           0
         171         172  0.11855449161888632       0.10910379859810015       -6.3808363105355751E-004  0.99690688946593098        502629.43037454027        75.543937317710842        3.3255391644708814       0.22871547269995890                0           0   9359.4106778413025        1.6222029374787257E-004  0.25000000000000000              874  -8.3641343435447199E-002           0
         347         348  0.19457293008789711        9.8264029982305379E-002  -8.4213227326918961E-004  0.97623178622328566        525292.62380639045        84.608893442837001        6.0946740554844538       0.40718621148093825                0           0   8955.6088253366652        5.1262384884362530E-004  0.12500000000000000             1050  0.17610887327892874                0
         343         344   9.9716206803828866E-002   3.9838043689421537E-002  -1.9541286924161294E-004  0.98547806040898511        644708.77578794607        75.758248904357316        17.692415229609907       0.59465589794806883                0           0   7296.8066114739531        4.6110969753691106E-004  0.50000000000000000             1046   1.8277992259799547                0
          55          56   8.3915877860446200E-002   1.7498204653530233E-002  -7.7740196882517218E-005  0.96898154446861051        677342.13462491788        70.390059717499767        13.505586650631676       0.15933293577288821                0           0   6945.2570823012566        1.8325936041652929E-004  0.50000000000000000              758 -0.19779131976816378                0
          99         100  0.11123848720615616        3.9011678252708890E-002  -1.9764343022701515E-004  0.98119635498491209        697449.45099556562        81.825121918085514        10.388247242173307       0.54281930249267696                0           0   6745.0268272914218        1.9609050585244134E-004  0.25000000000000000              802  0.13938584412967100                0
         391         392  0.13558686976987694        5.7578981684498085E-002  -2.5446740011902898E-004  0.98428057182237338        1015963.8259505472        114.33226250480101        13.114980095807597       0.34340577183250232                0           0   4630.3964151906221        1.9855493643177781E-004  0.50000000000000000             1094  0.14443273360775416                0
         385         386  0.12648191059682606        5.9749107023494945E-002  -2.5030111744847215E-004  0.99192399726360403        1010156.8010307509        112.51654391747591        14.254829650450787       0.28176692853234064                0           0   4657.0148840700185        1.9971473045980897E-004  0.50000000000000000             1088  -1.1118185452845198E-002           0
          41          42  0.11122608390456809        8.6847116325004775E-002  -3.0034655602715249E-004  0.97689552612968544        1076875.4069236529        119.85571002551679        3.4184640222265066       0.81708230577641494                0           0   4368.4861102769009        1.9934720720389158E-004  0.44130549828641608              744  0.51095659325149290                0
         345         346  0.55774375829353751       0.47607345656862060       -4.7923803546830179E-003  0.97923176074338625        1065819.0059203701        206.47940675782556        2.2680336888521135       0.24720325317162187                0           0   4413.8031237137029        1.2529054742208931E-003  0.50000000000000000             1048  -3.1885628867467451E-002           0
          73          74  0.94128231410560004       0.69908498357263338       -1.0547991353088345E-002  0.98595090542721642        1010924.7705775029        232.48741209934116        12.882273799121913       0.49825615635407661                0           0   4653.4770880699325        1.4155097427745917E-003  0.50000000000000000              776  0.32414742687400089                0
         285         286   8.9462339041284894E-002   4.2834040765278178E-002  -1.2838168338598593E-004  0.97556116315563901        1178106.6063545495        111.23605151706303        8.4725915376050818       0.65729235163892674                0           0   3993.1150816660524        1.4410236536712358E-004  0.25000000000000000              988  0.21634283286294229                0
         293         294  0.55382231722128972       0.12326253909399966       -1.3046202120956597E-003  0.97555013427591697        1208714.8768618368        195.00098063437505        13.308774933001862       0.48633564563558473                0           0   3891.9974823661364        1.1809822740092247E-003  0.50000000000000000              996  0.99471082046570225                0
         123         124  0.67985937278035102       0.12376754478802159       -1.4259437356367586E-003  0.97763450747397851        1328700.8239903566        219.90890269502705        10.316768298349592       0.54716040640449204                0           0   3540.5376234484115        1.3330674591925293E-003  0.25000000000000000              826  0.35000868531316337                0
           7           8  0.10772050310063933        1.1526931384030817E-002  -3.7943697728780554E-005  0.99082248886431246        1424470.1409572540        121.95279694780302        9.3820752022310785       0.44089201699607372                0           0   3302.5018372680170        1.6260639909577266E-004  0.25000000000000000              710  -2.5075302583011258E-002           0
         355         356  0.32294731613854971       0.22153041596011064       -1.4146791448691402E-003  0.98835597978780254        1280677.5733209376        188.46314208734015        6.4651190056906334       0.41968406404993397                0           0   3673.3018174480535        1.1488556879049804E-003  0.50000000000000000             1058   6.7392466212898988E-002           0
         117         118  0.40216802461087314       0.11268199431891886       -9.3948131643061938E-004  0.97690707695788359        1226845.1060164988        179.76007936485891        15.398256825633514       0.47701106038820423                0           0   3834.4818221751120        1.0894929361876689E-003  0.50000000000000000              820  0.95762223689165626                0
          85          86   8.0567479673496034E-002   7.0359839832317903E-002  -1.6540594186675728E-004  0.98642166572395873        1357017.8794508749        127.71821781941760        7.0274810529227931       0.30957598104539669                0           0   3466.6567986181526        1.9401392259058692E-004  0.25000000000000000              788  -7.2464136817908142E-002           0
          47          48   9.8900608463481726E-002   3.1153535981132970E-002  -9.0443949087021743E-005  0.96929450295796848        1448762.9164048610        126.95392421516813        15.348235235555288       0.79794460741874296                0           0   3247.1256714098058        1.9207619232510233E-004  0.50000000000000000              750  0.40639493701962204                0
         387         388  0.11696728908539532        8.3148869844046139E-002  -2.2937213951041604E-004  0.96254508349789614        1621803.8011373549        158.01541121877912        7.6335428688178428       0.57018007389405467                0           0   2900.6685360742608        6.1326415325904540E-004   1.6188438772219135E-005        1090  0.24453601706195111                0
         103         104   9.4240900685283069E-002   8.1646476448274677E-002  -1.9581474411928143E-004  0.97430932578693863        1543295.6101144454        146.43699954217337        6.7604196729575765       0.15305677229828640                0           0   3048.2269416265021        8.8618227905427590E-004  0.25000000000000000              806  -4.1772602060545144E-002           0
         215         216   9.9764396033006283E-002   5.7531129034738331E-002  -1.3467170227244636E-004  0.99202500142069505        1843377.2888768672        158.82594977762659        17.712267329883872       0.30072463474571692                0           0   2552.0089056272404        1.9606910170443681E-004  0.50000000000000000              918 -0.28058383387793651                0
          65          66   8.1196656538748205E-002   3.2700733033609646E-002  -6.2627861262289943E-005  0.98184767372588766        2149336.5504112290        157.99647215383459        10.663968023449037       0.56061212488094869                0           0   2188.7290088398181        1.9363885980735446E-004  0.50000000000000000              768  0.14548392692757056                0
          15          16  0.12041882448822794        4.7134796559794988E-002  -1.1370748620294229E-004  0.97825164521118502        2263928.7909641471        186.02285177799217        12.752158723573595       0.58969109746167414                0           0   2077.9431210119114        1.1281688166013199E-003  0.50000000000000000              718  0.22006586218956042                0
         243         244  0.10897784068549871        6.2870305948584129E-002  -1.2688985103554134E-004  0.99345305026723485        2514966.0648626112        201.22235189126619        12.114690318786524       0.35740273066811673                0           0   1870.5283237695505        1.2297376519750148E-003  0.50000000000000000              946   8.9307140735381749E-002           0
          37          38  0.10983277472157330        9.0349772612143470E-002  -1.6313461273031012E-004  0.98167519740275366        2786284.6185355540        226.68993556755197        16.157064287000882       0.58795824842121802                0           0   1688.3828831949368        1.3772225981147541E-003  0.50000000000000000              740  -8.2663899263975660E-002           0
         403         404  0.17519688796893346        3.8994197612049461E-002  -1.0593130415044100E-004  0.98389303567415598        2940502.9387578764        240.33741890356384        13.547164759732624       0.45348919866299620                0           0   1599.8335507979305        1.4585823794481410E-003   7.5802357338887992E-004        1106  0.12790023706404466                0
         127         128  0.41687934908818136       0.27898104023835063       -1.0601324713850049E-003  0.99434194081511351        3619474.9262651657        408.83142482301037        11.690157807862462       0.26567848010312539                0           0   1299.7231237899509        2.4997052625840904E-003  0.25000000000000000              830   2.8400117118621671E-002           0
         217         218   8.1228311512873880E-002   6.5270211912634449E-002  -8.4864059256294254E-005  0.97696892315676265        3390006.8490829859        232.81876606981328        14.754066751549450       0.76001286753535435                0           0   1387.7008121435813        1.4110585494170628E-003  0.50000000000000000              920  0.28166815170232962                0
         175         176   8.2952047495663137E-002   3.6571247402372269E-002  -5.1727596357178241E-005  0.99014141995872440        3413577.9828207432        218.55659787454414        15.920653510757939       0.60158315728040135                0           0   1378.1185844646925        1.1373623375865198E-003   1.7848365011765123E-003         878   4.1028737792164871E-002           0
         143         144  0.25022565110097550       0.15769561095085233       -3.9893226177458845E-004  0.97378367469115990        4047244.7606835263        368.61381757316616        8.4223769620811488       0.62999919104714464                0           0   1162.3500766111972        2.2305190603367172E-003  0.50000000000000000              846  0.20509325223919778                0
          61          62  0.16574606629006447        5.1105325148539382E-002  -1.0680914848388477E-004  0.98146224652464376        3985102.7316611102        295.54272204541036        9.3744730455160603       0.42805554281471903                0           0   1180.4752786595950        1.7952874583487142E-003  0.50000000000000000              764  0.31692426394187662                0
          29          30   9.2064989403419284E-002   3.8673592252436655E-002  -4.8326417632826574E-005  0.98790084533106615        4595724.3541263249        274.56410217347485        5.5173635480410477       0.80355657852564510                0           0   1023.6286807368981        1.6733196375634911E-003  0.12500000000000000              732  0.46487682335853708                0
         237         238  0.17519413512811899        4.8620481183886892E-002  -9.6133046925272949E-005  0.99516489023133436        4632593.2409340926        330.20636827131904        16.918797262733740       0.57935532989228744                0           0   1015.4820449326151        1.9984115928462558E-004  0.50000000000000000              940  0.71355341723776777                0
         147         148  0.31456825641218544       0.25964081492902225       -6.6243600918377415E-004  0.98456015427272825        4747337.3481747657        459.47645601886813        15.388520595368963       0.46510708220797053                0           0   990.93763780099937        1.9668248657376449E-004  0.50000000000000000              850  0.11978090478159747                0
         399         400  0.17014458503807270        6.6018282057290864E-002  -2.6982573617792924E-005  0.99086155699395373        45926345.915189750        1551.3804567712389        10.191288235299346       0.21969285006312061                0           0   102.43173420180268        8.2145275481983315E-003   1.0446792139387465E-004        1102 -0.15322601954659332                0
         281         282   8.0478030877779258E-002   1.6466831233086777E-002  -1.7957731535577195E-005  0.98263407282996473        5350085.0028303154        275.01427525800386        13.701723144019820       0.56174322336011684                0           0   879.29729250209562        1.5160302163593330E-003   2.2347449076031032E-003         984  0.45345235325807870                0
          45          46   8.6894120985331738E-002   8.6164685909330241E-002  -8.2040856412477007E-005  0.98387083180607882        5506893.1944410549        340.10174038637848        9.4245942124084987       0.61974339085740027                0           0   854.25939664011355        2.0685513436049150E-003  0.12500000000000000              748  0.51214335226767327                0
         161         162   9.3309048906446132E-002   9.2827486138433946E-002  -9.1369979530846163E-005  0.98813827032400692        5621453.8931383668        353.27764823861565        8.1705462600744170       0.49088088016542647                0           0   836.85027878409232        1.8017866334348366E-003   2.2405102308801602E-004         864  0.15921276398682008                0
         309         310  0.10545420084030525        5.3264404142991120E-002  -5.7855495593977865E-005  0.98363597107776712        6309425.5400360068        361.80592593708820        13.992710656154685       0.54434680320836892                0           0   745.60120058377254        2.2003001492994592E-003  0.50000000000000000             1012  -2.4922993054798392E-002           0
         189         190  0.11107991559331475        5.1209466390144058E-002  -5.9401457297079668E-005  0.98671314114777653        6112335.9088638304        356.86834591407722        18.161875490686690       0.16960839777026501                0           0   769.64278923590894        2.1736268209196817E-003  0.50000000000000000              892 -0.14557631069627830                0
         289         290  0.10428359770713377        2.3242149003040714E-002  -2.7029332216716212E-005  0.98098777339375753        6248211.8590679700        334.17680809597681        14.676308270902766       0.15978670812992418                0           0   752.90584950595689        6.4779948058101651E-004   6.5023060343805724E-004         992  -6.1128560468749198E-002           0
         115         116   9.5073144526220191E-002   4.6025486525321645E-002  -4.6726263478262970E-005  0.98361077625756288        6339435.9430684811        348.99124241529205        11.073069984994078       0.46373791350205301                0           0   742.07158174513086        2.1223306805025111E-003  0.50000000000000000              818  0.19415763757196317                0
         223         224  0.13901763968801717        6.0776114313866474E-002  -7.7058965062135585E-005  0.98945110657342306        6749129.7667518295        408.60060462848361        8.3536807241639863       0.36749926037837338                0           0   697.02545664769764        9.2512493695272378E-004   3.1468733588842798E-004         926  0.14915308219619641                0
         299         300   9.2079428251349071E-002   8.2023039557947389E-002  -6.9096445675095492E-005  0.98687454354924597        7196658.8015453219        407.34472929203645        17.490554664955194        9.8301756456974268E-002           0           0   653.68046302745597        2.4469826726483831E-003   1.0784692912506704E-003        1002 -0.35582393055705375                0
         199         200  0.11230093762090229        4.7925291740752780E-002  -4.9845320530023470E-005  0.98557578802919299        7365259.5215128316        402.38621163417127        12.764014823630887       0.32014070850970683                0           0   638.71683596540686        2.4494184751019071E-003  0.50000000000000000              902  0.84880471499800580                0
         373         374  0.15845034820673778       0.15233439132851201       -1.7085657514805781E-004  0.97950349049368179        7914592.8863310916        526.47626771383182        7.5552794916707970       0.42788238530396128                0           0   594.38499556551506        2.3636490024383935E-003   1.9836506188236771E-004        1076  0.13563775139855677                0
          69          70  0.10464422723177559       0.10349050793134676       -8.6377732787562200E-005  0.98042651398566583        8085705.8082159301        467.23280664956275        12.318017573309380       0.17426737926156474                0           0   581.80638391081243        2.8368343572848856E-003  0.50000000000000000              772 -0.15199086713480975                0
          51          52  0.11606384615255892        9.5064690585184505E-002  -1.2276543213329298E-004  0.98205345115529663        4872545.5793825211        334.93415447263214        1.6814825732138197       0.44152631859374303                0           0   965.47383313362923        1.9892380511386115E-004   6.2500000000000000E-002         754   4.7822509982501933E-002           0
         183         184  0.10185732075756881        5.4219839429199369E-002  -4.3501379837274598E-005  0.97505391993093293        9514165.8018839564        473.11506679295212        16.546468589170626       0.37458893784679298                0           0   494.45378140385515        2.7315735371190113E-004   1.2515555368643595E-005         886   1.2833096063471174                0
         265         266   8.4095384718170976E-002   3.6296916915751078E-002  -2.5177847440411515E-005  0.98207569486912361        10108921.453414654        451.79626616668156        6.4748642138814896       0.47802516355319702                0           0   465.36272730219991        2.4914184743302361E-003   1.2942586986146110E-003         968  0.24056729340693739                0
         367         368  0.20322917187314732       0.17631903439505672       -1.9839281605311994E-004  0.98269772883058626        10353202.617299853        673.09852727765337        16.871334880881687       0.51861539487970698                0           0   454.38261294954378        9.6983826120666306E-004   2.3496166892993117E-004        1070   1.6233718370765264                0
         305         306   8.5255713978393793E-002   1.6586699482616780E-002  -1.1931200371230782E-005  0.97557216214542408        10624387.113807641        441.69112072417624        14.433409012961230       0.28203610899780868                0           0   442.78462439785847        2.6751951435917505E-003  0.50000000000000000             1008  0.11297018444495471                0
         325         326  0.14296285691723640        1.8018411898666035E-002  -1.7591034512000332E-005  0.98525910189351285        11605238.715074902        545.71725305743564        5.9631972777087370       0.35771044053774903                0           0   405.36135215676182        1.9976652747874619E-004  0.25000000000000000             1028   2.7847395314694122E-002           0
         119         120  0.12744757891135747        8.2887871857059842E-002  -6.3848789170769046E-005  0.98269985033698937        12193204.574003790        616.57973866081329        6.0827552029304455       0.26852605885468289                0           0   385.81451078697370        3.7479255214838184E-003  0.50000000000000000              822   2.7643383174883907E-002           0
         133         134  0.13034205300579016        4.8697333779162973E-002  -3.8327217555008101E-005  0.98105480479823159        13234837.450607203        617.16570549429593        9.5341283741912886       0.44989326143264385                0           0   355.44941713121932        2.4790850593239418E-003   5.3785621660473694E-004         836  0.24234713419086792                0
          17          18   8.8310858010865509E-002   3.6165089814597706E-002  -2.2321003472730643E-005  0.98140412768925933        12747100.610456508        533.22349031307033        9.7552957719452884       0.35785974076164195                0           0   369.04982563531280        3.2391129273980847E-003  0.50000000000000000              720  -4.7052388456795879E-002           0
         275         276  0.13196141201412448        6.9014568623332620E-002  -4.7733961154537801E-005  0.97884245947928372        15446764.842390979        711.01635794793401        12.761593603890155       0.40230499106432765                0           0   304.55019582706285        4.1218863260592169E-003   6.4964601626000987E-004         978  0.41688388642991031                0
         221         222  0.10685030920939192        6.9974509155263417E-002  -3.1625287989775849E-005  0.98424971097302172        22715345.712404247        881.04986921633656        11.464405057567703       0.17591649951842925                0           0   207.09855430797435        4.9329908993034667E-003   4.6276396285453924E-005         924 -0.22427121539707068                0
         157         158  0.17882018552997023        8.7937108552675433E-002  -4.2075434962554831E-005  0.98508074689931968        36757946.354660109        1392.7701310934585        7.2856576214663571       0.37123200170374893                0           0   127.98090546884859        4.1458680242342878E-003   2.8234027369441952E-004         860   2.1848846906755995E-002           0
         145         146  0.11284151051838727        7.1741434973604884E-002  -2.4259754040177201E-005  0.99378127059886545        37282264.047977127        1243.5747429046444        13.560521448817338       0.40038198812113512                0           0   126.18105090374763        4.4965974249915807E-003   3.5610757284333959E-004         848  0.16395293402724620                0
         405         406   8.7236661288412828E-002   5.5735761705262711E-002  -1.4072219982536795E-005  0.99445045527554632        44632234.652881853        1287.6258805654079        14.708716849674129       0.62645123134632541                0           0   105.40174145954420        7.8733128566099032E-003  0.50000000000000000             1108   1.3791228005896441                0
