 WIDE PAIRS    T TPHYS N      1.3189999999999655E+00     2.7038296089257003E+00         373
 NAME(I1)    NAME(I2)    M(I1)[M*]                 M(I2)[M*]                 EB[NB]                    ECC                       P[Days]                   SEMI[AU]                  RI[PC]                    VI[km/s]                  K*(I1)      K*(I2)      
         425         527  0.11465606534331962       0.33302475784545238       -3.8281681201699322E-006  0.69349787796101980        3912089774.1501217        37170.798354038787        13.457145733481136       0.53868840163743947                0           0
         428         451  0.50342484150502542        8.2947249527767969E-002  -2.1137126306875812E-006  0.48268906955618757        9528370078.9605808        73622.409218386339        3.8808523253993119       0.34825066570644830                0           0
         429        1090  0.87362270939974029       0.20011615892944146       -2.1293417107010563E-005  0.82072236342224225        1886518025.1372924        30597.084635510953        3.4532686251558431       0.51011260790684698                0           0
         433         568  0.70744775892037870       0.83283192557172281       -2.4716055931084246E-005  0.81929726262820823        7792526559.9901714        88836.595537690737        2.5162347687283693       0.73952673186609608                0           0
         441         522  0.96223092533240573       0.15216178671496328       -1.3346987832213654E-005  0.65205330049512555        2859911308.9408283        40880.950180018903        6.8749902742984910       0.77354565803668474                0           0
         448         598  0.49694264276027938        8.1161370196568494E-002  -7.1369451511262945E-006  0.65090183743239072        1468186246.2827718        21060.205884267856        3.5479951535051089       0.11816902367066341                0           0
         456         514   2.1016478498606079       0.17931146769711101       -8.3096380145355101E-005  0.97928210555952000        531360565.70288497        16900.721443964812        12.976643122424596       0.13304899723866173                0           0
         496         896  0.19654063769100966       0.15058728593018661       -2.1633210250511803E-006  0.75658560654081553        7136807732.0444860        50984.601796409304        14.867672434443042       0.76136863565978186                0           0
         516         663  0.40078758403675879       0.18595681337462622       -1.4317084584487982E-005  0.84861952547746233        1288404991.0534139        19399.525153830844        16.827431524871244       0.37133381122204057                0           0
         563        1076  0.53682850220895728       0.31078473953524977       -3.6799670485141996E-006  0.68496999001623149        27551632998.312283        168954.84790868056        3.9493759959865011       0.47236135066671858                0           0
         656         958   8.3917520629396281E-002  0.11415570944869273       -3.9545170785295017E-007  0.22846527849334905        22260841409.233997        90276.801154333560        9.2145886053424437       0.45188710953313349                0           0
         689         584  0.28262787196724670       0.11424465493049518       -1.0835226496050030E-006   2.8070370114141582E-002   21456705357.053516        111053.49239359438        4.1275819083981728       0.13981280346418815                0           0
         834         864  0.14943489976779920       0.18613653504488009       -4.3948421692485458E-007  0.94010147737361760        72224959088.561111        235862.94392346588        7.0954278406312472       0.46285073027863810                0           0
