 WIDE PAIRS    T TPHYS N      1.0199999999999985E+00     2.0909069000032465E+00         373
 NAME(I1)    NAME(I2)    M(I1)[M*]                 M(I2)[M*]                 EB[NB]                    ECC                       P[Days]                   SEMI[AU]                  RI[PC]                    VI[km/s]                  K*(I1)      K*(I2)      
         267         268  0.11152016154947933        1.9237634443879208E-002  -2.0554203724499161E-005  0.97570790179679967        7748935.2952153701        388.97683399130972        2.6044616363573381       0.54213512692791577                0           0
         399         400  0.17014458503807270        6.6018282057290864E-002  -2.6982542570218246E-005  0.99101166975701460        45926425.183223575        1551.3822418736049        9.8275710217575938       0.23438259626742616                0           0
         425         527  0.11465606534331962       0.33302475784545238       -3.5685824866462347E-006  0.71777570420888270        4346620321.2948866        39874.674550097501        13.833324977222084       0.55415202050358048                0           0
         428         451  0.50342484150502542        8.2947249527767969E-002  -2.1312474180501345E-006  0.48694041126440762        9411020625.5237122        73016.682600336339        4.0565798213273903       0.34698525726835744                0           0
         429         573  0.87362270939974029       0.18045805036162924       -3.5592393196960499E-005  0.67907128151941998        754478317.78219700        16506.778412408104        5.6003656571243052       0.49549027238533999                0           0
         433         568  0.70744775892037870       0.83283192557172281       -2.5671786636675539E-005  0.80520168496678812        7361442146.1226740        85529.312591739901        3.9889525582391294       0.73181835365626036                0           0
         441         522  0.96223092533240573       0.15216178671496328       -1.3440357056219142E-005  0.65416694094265615        2830161719.2012262        40596.953067520379        5.6514305856718998       0.77500515030594519                0           0
         448         598  0.49694264276027938        8.1161370196568494E-002  -7.0421358030579627E-006  0.66228362025886522        1497935440.7737164        21343.742647248942        5.4971284636481128       0.10410944884892451                0           0
         456         514   2.1016478498606079       0.17931146769711101       -3.9477151846713590E-005  0.95158163494567305        1622720641.3836462        35574.723812183220        11.284595335745950       0.23731115808644634                0           0
         496         896  0.19654063769100966       0.15058728593018661       -2.1344130781084381E-006  0.77415753083434213        7282286210.3469906        51675.124253727445        13.756358962545045       0.73651287967739676                0           0
         516         663  0.40078758403675879       0.18595681337462622       -1.4250636722678584E-005  0.85343081182331426        1297426848.6722884        19489.981250051322        14.588899891080265       0.37615943960002274                0           0
         540        1106  0.11908345594886549       0.21419108558098290       -5.0596058492667666E-007  0.66404686716014483        51519585793.451385        187869.15066002545        14.882407628637218       0.44863872366539498                0           0
         563        1076  0.53682850220895728       0.31078473953524977       -3.6473893333874491E-006  0.67087294675214648        27921584114.133045        170463.91710896266        5.4757073395545941       0.48310010254784230                0           0
         656         958   8.3917520629396281E-002  0.11415570944869273       -4.0547547324751324E-007  0.26039022813763418        21440498311.784847        88045.066968058192        11.073132123339306       0.45747534681070301                0           0
         689         584  0.28262787196724670       0.11424465493049518       -9.4126680384380327E-007  0.16211594316101949        26500307598.631371        127837.26551793297        6.0864351187549417       0.13108207821183493                0           0
         834         864  0.14943489976779920       0.18613653504488009       -4.3975172085840214E-007  0.93704606113416955        72159066718.216583        235719.46690612871        8.2628867624589102       0.47213972409358596                0           0
