 WIDE PAIRS    T TPHYS N      1.3389999999999633E+00     2.7448277834355634E+00         373
 NAME(I1)    NAME(I2)    M(I1)[M*]                 M(I2)[M*]                 EB[NB]                    ECC                       P[Days]                   SEMI[AU]                  RI[PC]                    VI[km/s]                  K*(I1)      K*(I2)      
         425         527  0.11465606534331962       0.33302475784545238       -3.8415147709889368E-006  0.69158966172749581        3891719716.4069490        37041.655113450055        13.454231718959200       0.53780144503609295                0           0
         428         451  0.50342484150502542        8.2947249527767969E-002  -2.1123035599956787E-006  0.48262277223646127        9537905914.2185421        73671.521088981812        3.8678129347490922       0.34831980467656737                0           0
         429        1090  0.87362270939974029       0.20011615892944146       -2.0667414352190312E-005  0.80092612973256194        1972875962.3097160        31523.850748818608        3.4336697588056322       0.51445427880924721                0           0
         433         568  0.70744775892037870       0.83283192557172281       -2.4651689212292074E-005  0.82021404055125524        7823066453.0737171        89068.552062624411        2.5150268812613201       0.74001111704716638                0           0
         441         522  0.96223092533240573       0.15216178671496328       -1.3338619932541686E-005  0.65176125072704127        2862602952.1480093        40906.596588067951        6.8783362929440424       0.77343526850811040                0           0
         448         598  0.49694264276027938        8.1161370196568494E-002  -7.1412858291999530E-006  0.64991987424664122        1466847841.2342668        21047.404887907400        3.5400690782231430       0.11917946492107649                0           0
         456         514   2.1016478498606079       0.17931146769711101       -8.5758782189769553E-005  0.98068366412070618        506809294.45852566        16376.034476921350        13.014661363876042       0.13805130842529800                0           0
         496         896  0.19654063769100966       0.15058728593018661       -2.1647133468804608E-006  0.75551593893588598        7129923355.0173740        50951.809013872698        14.881504517968372       0.76305681006099146                0           0
         516         663  0.40078758403675879       0.18595681337462622       -1.4317967306428940E-005  0.84808342912471091        1288285845.0390892        19398.329147014305        16.857480639164976       0.37105735667719109                0           0
         563        1076  0.53682850220895728       0.31078473953524977       -3.6745206673691872E-006  0.68640591880488422        27612911311.014400        169205.27308826381        3.9649333072124735       0.47165326639166977                0           0
         656         958   8.3917520629396281E-002  0.11415570944869273       -3.9470293108188098E-007  0.22628426293346876        22324216807.782463        90448.062035233306        9.1925236466264586       0.45156182987969701                0           0
         689         584  0.28262787196724670       0.11424465493049518       -1.0931227565559684E-006   1.9094779991378263E-002   21174668765.761169        110078.18985061585        4.1190933589189092       0.14055272199989910                0           0
         834         864  0.14943489976779920       0.18613653504488009       -4.3980356982634918E-007  0.94023475381160415        72146306716.514236        235691.67765673963        7.0698164996512665       0.46220449602280350                0           0
