 WIDE PAIRS    T TPHYS N      1.4149999999999550E+00     2.9006208465730432E+00         373
 NAME(I1)    NAME(I2)    M(I1)[M*]                 M(I2)[M*]                 EB[NB]                    ECC                       P[Days]                   SEMI[AU]                  RI[PC]                    VI[km/s]                  K*(I1)      K*(I2)      
         425         527  0.11465606534331962       0.33302475784545238       -3.8764896854302341E-006  0.68425257461578803        3839170206.6968079        36707.453600357891        13.636257628745534       0.53464185474856551                0           0
         428         451  0.50342484150502542        8.2947249527767969E-002  -2.1074281172015927E-006  0.48246052372265141        9571023342.0856228        73841.956931462453        3.6342803769976348       0.34856338060351361                0           0
         429        1090  0.87362270939974029       0.20011615892944146       -2.4865465755629607E-005  0.59558142124436531        1494975596.8613725        26201.660238555309        3.3638526258109822       0.52623901526805505                0           0
         433         568  0.70744775892037870       0.83283192557172281       -2.4406103618811644E-005  0.82375607896437497        7941442011.3061819        89964.801359947014        2.4565083229923608       0.74180769497534649                0           0
         441         522  0.96223092533240573       0.15216178671496328       -1.3305212348345866E-005  0.65070622565731995        2873391128.8069725        41009.307505706951        6.7518620742915854       0.77299646837368596                0           0
         448         598  0.49694264276027938        8.1161370196568494E-002  -7.1542958006197811E-006  0.64597752973951528        1462848502.1171808        21009.130521892297        3.5338977097717916       0.12307817039456233                0           0
         456         514   2.1016478498606079       0.17931146769711101       -8.8679804487372480E-005  0.97748541227686203        481975972.49900383        15836.624606433723        13.100929870913980       0.15030068856193243                0           0
         496         896  0.19654063769100966       0.15058728593018661       -2.1696602054263533E-006  0.75155163207711029        7105552757.6545200        50835.638107839324        15.076618873111858       0.76950141016947804                0           0
         516         663  0.40078758403675879       0.18595681337462622       -1.4316331831811267E-005  0.84565792157934017        1288506608.8839102        19400.545180794321        16.934102235685476       0.37007710792870557                0           0
         563        1076  0.53682850220895728       0.31078473953524977       -3.6459176317559072E-006  0.69233898508423530        27938491951.157074        170532.72613052232        4.0350035451512758       0.46898972631803620                0           0
         656         958   8.3917520629396281E-002  0.11415570944869273       -3.9168827432544305E-007  0.21798445054512469        22582441974.369720        91144.201999573110        9.1293508070407281       0.45036769764470130                0           0
         689         584  0.28262787196724670       0.11424465493049518       -1.1295801222642390E-006   1.5075980945485973E-002   20157861954.376812        106525.39997339672        4.1105037388717340       0.14351870780728354                0           0
         834         864  0.14943489976779920       0.18613653504488009       -4.4154418081659661E-007  0.94063771011563313        71720115575.808197        234762.55766770375        6.9932029913712501       0.45972606275892663                0           0
