 WIDE PAIRS    T TPHYS N      1.1929999999999794E+00     2.4455411095135626E+00         373
 NAME(I1)    NAME(I2)    M(I1)[M*]                 M(I2)[M*]                 EB[NB]                    ECC                       P[Days]                   SEMI[AU]                  RI[PC]                    VI[km/s]                  K*(I1)      K*(I2)      
         425         527  0.11465606534331962       0.33302475784545238       -3.7090363505272974E-006  0.70597920814054738        4102075800.6563735        38364.699564070506        13.601802740190793       0.54472389923297548                0           0
         428         451  0.50342484150502542        8.2947249527767969E-002  -2.1217465826238691E-006  0.48381621909939626        9474302860.5677299        73343.639405846901        3.8820296637478591       0.34776432071996810                0           0
         429         573  0.87362270939974029       0.18045805036162924       -2.4701993458887952E-005  0.39827717603870388        1304921977.9365702        23784.143115710216        4.6722653274570742       0.51348379464560912                0           0
         433         568  0.70744775892037870       0.83283192557172281       -2.5130817890601384E-005  0.81328134551747955        7600411572.9740171        87370.425968421594        3.3993802993686648       0.73637247662909944                0           0
         441         522  0.96223092533240573       0.15216178671496328       -1.3393560494079442E-005  0.65341111568016141        2845007374.8601050        40738.797190130383        6.1724455070647659       0.77419249906697496                0           0
         448         598  0.49694264276027938        8.1161370196568494E-002  -7.1002236213888485E-006  0.65666324492660166        1479590892.9038320        21169.126816606691        4.6309080621448242       0.11198149457671255                0           0
         456         514   2.1016478498606079       0.17931146769711101       -6.7448191522686296E-005  0.88579564110402587        726619442.79711270        20821.740985688051        11.966218244776437       0.28867711063290874                0           0
         496         896  0.19654063769100966       0.15058728593018661       -2.1537581386146639E-006  0.76367761137283685        7184392589.9277506        51210.978169990267        14.169199479667597       0.75081529117033374                0           0
         516         663  0.40078758403675879       0.18595681337462622       -1.4299623206825392E-005  0.85127086852145128        1290765632.9027309        19423.214060194772        15.562908018355902       0.37322600878775064                0           0
         540        1106  0.11908345594886549       0.21419108558098290       -4.1698654819394884E-007  0.72337975615910244        68859572813.255386        227955.51983468953        15.879938262286901       0.44222506241325027                0           0
         563        1076  0.53682850220895728       0.31078473953524977       -3.6923377417551267E-006  0.67731055607101998        27413286839.826885        168388.78685434911        4.7776893540319261       0.47686798104874600                0           0
         656         958   8.3917520629396281E-002  0.11415570944869273       -3.9983997100288204E-007  0.24212148945011033        21895378037.098495        89286.008866094737        10.322840017794608       0.45404082082027686                0           0
         689         584  0.28262787196724670       0.11424465493049518       -1.0231571261006511E-006   8.4632962361168532E-002   23383339146.269230        117605.56737241479        5.2232001580710561       0.13558401929116609                0           0
         834         864  0.14943489976779920       0.18613653504488009       -4.3856390550707808E-007  0.93903763713083310        72452420739.352829        236357.89427755887        7.7674973278742563       0.46685693400964418                0           0
