 WIDE PAIRS    T TPHYS N      1.3489999999999622E+00     2.7653268706904952E+00         373
 NAME(I1)    NAME(I2)    M(I1)[M*]                 M(I2)[M*]                 EB[NB]                    ECC                       P[Days]                   SEMI[AU]                  RI[PC]                    VI[km/s]                  K*(I1)      K*(I2)      
         425         527  0.11465606534331962       0.33302475784545238       -3.8472218482301556E-006  0.69060810714081633        3883063298.7379923        36986.706479029010        13.459070395172468       0.53736938942010370                0           0
         428         451  0.50342484150502542        8.2947249527767969E-002  -2.1117130685605372E-006  0.48256897785600178        9541906774.1377506        73692.121616044198        3.8523461917405619       0.34835378522156307                0           0
         429        1090  0.87362270939974029       0.20011615892944146       -2.0674956362269822E-005  0.78015573995658272        1971796533.6703429        31512.351174361149        3.5008862083641294       0.51648997601045199                0           0
         433         568  0.70744775892037870       0.83283192557172281       -2.4617702097054081E-005  0.82071188574446730        7839272791.6070852        89191.519800681330        2.6174100264915019       0.74025150163574072                0           0
         441         522  0.96223092533240573       0.15216178671496328       -1.3334433756226120E-005  0.65165545511143919        2863951074.7629309        40919.438695120858        6.8423585488986927       0.77337927638883386                0           0
         448         598  0.49694264276027938        8.1161370196568494E-002  -7.1432939556743323E-006  0.64940499421708087        1466229343.1770308        21041.488030609540        3.5773619409627146       0.11968727201607511                0           0
         456         514   2.1016478498606079       0.17931146769711101       -8.6618341977749358E-005  0.98100070296278896        499284034.82822466        16213.526393742521        12.910120622263037       0.14017108199997663                0           0
         496         896  0.19654063769100966       0.15058728593018661       -2.1653982875294713E-006  0.75498754216098241        7126540706.0919256        50935.692364416020        14.861783801201970       0.76390213980091171                0           0
         516         663  0.40078758403675879       0.18595681337462622       -1.4318275639736233E-005  0.84779698809607085        1288244231.8616166        19397.911418571835        16.790888090055457       0.37092187820203737                0           0
         563        1076  0.53682850220895728       0.31078473953524977       -3.6715097275898824E-006  0.68714121663116368        27646885559.690643        169344.03532108077        3.9812756821546604       0.47129998910755283                0           0
         656         958   8.3917520629396281E-002  0.11415570944869273       -3.9432437995136962E-007  0.22519355643730546        22356371370.700993        90534.892111882946        9.2969789961407070       0.45140091478231653                0           0
         689         584  0.28262787196724670       0.11424465493049518       -1.0979290172800965E-006   1.4608528607535467E-002   21035780661.264473        109596.31490958117        4.1609016671275709       0.14092944099687621                0           0
         834         864  0.14943489976779920       0.18613653504488009       -4.3997429202873892E-007  0.94029844064414703        72104318644.628510        235600.22276261629        7.1694647549203800       0.46188030712400552                0           0
