 WIDE PAIRS    T TPHYS N      1.6009999999999345E+00     3.2819038695147706E+00         373
 NAME(I1)    NAME(I2)    M(I1)[M*]                 M(I2)[M*]                 EB[NB]                    ECC                       P[Days]                   SEMI[AU]                  RI[PC]                    VI[km/s]                  K*(I1)      K*(I2)      
         425         527  0.11465606534331962       0.33302475784545238       -3.8896418986074092E-006  0.66530123605138936        3819714350.0216346        36583.333111241394        13.792536052179750       0.52836617693519361                0           0
         428         451  0.50342484150502542        8.2947249527767969E-002  -2.0969659447918599E-006  0.48320354501919532        9642740164.3607635        74210.368867959449        3.3599233918859661       0.34903391063871869                0           0
         429        1090  0.87362270939974029       0.20011615892944146       -3.9909055841543412E-005  0.68511357412271456        735227632.38133359        16325.028785177163        3.1272053746706452       0.53835319270600235                0           0
         433         568  0.70744775892037870       0.83283192557172281       -2.3905219991482021E-005  0.83127736803894059        8192339244.4465818        91849.824633241122        2.3904912023788403       0.74588211588878284                0           0
         441         522  0.96223092533240573       0.15216178671496328       -1.3219333584653419E-005  0.64782025518565367        2901436825.8220739        41275.722495987698        6.6939173272260053       0.77179286841106665                0           0
         448         598  0.49694264276027938        8.1161370196568494E-002  -7.1668753770238210E-006  0.63575808289931257        1458998720.4089336        20972.254484752058        3.4327130642875168       0.13293379801702049                0           0
         456         514   2.1016478498606079       0.17931146769711101       -8.8010077990279442E-005  0.95434906939650455        487487933.08510113        15957.135886114851        13.377936021380902       0.16405822754933216                0           0
         496         896  0.19654063769100966       0.15058728593018661       -2.1800314313353646E-006  0.74280684368893446        7054907448.9218254        50593.793940151241        15.413451343843473       0.78544279028358877                0           0
         516         663  0.40078758403675879       0.18595681337462622       -1.4271005705780482E-005  0.83625754948962516        1294650117.2394910        19462.163231691353        17.235406716240696       0.36825646265420880                0           0
         563        1076  0.53682850220895728       0.31078473953524977       -3.5268207774191561E-006  0.70974675029085155        29365550965.692337        176291.42852154039        4.1504008633726004       0.46267041481354471                0           0
         656         958   8.3917520629396281E-002  0.11415570944869273       -3.8371171706996214E-007  0.19813760593160742        23290250909.065922        93038.897713600934        8.9374691079696174       0.44773641426216620                0           0
         689         584  0.28262787196724670       0.11424465493049518       -1.2205722492019954E-006   9.9481807676613479E-002   17946294537.449398        98584.065306143864        4.0045201783149666       0.15172058868203053                0           0
         834         864  0.14943489976779920       0.18613653504488009       -4.4994964566837973E-007  0.94079589184761292        69719836147.256256        230376.98153493591        6.8434117541859667       0.45351493423430389                0           0
