 WIDE PAIRS    T TPHYS N      1.0849999999999913E+00     2.2241509671603019E+00         373
 NAME(I1)    NAME(I2)    M(I1)[M*]                 M(I2)[M*]                 EB[NB]                    ECC                       P[Days]                   SEMI[AU]                  RI[PC]                    VI[km/s]                  K*(I1)      K*(I2)      
         267         268  0.11152016154947933        1.9237634443879208E-002  -2.0555359767498377E-005  0.97570701010516747        7748281.5988159208        388.95495775314703        2.5154742330116560       0.54247095068846063                0           0
         399         400  0.17014458503807270        6.6018282057290864E-002  -2.6983404873307815E-005  0.99100849666445512        45924223.708903313        1551.3326646721157        9.9195990209623464       0.23285622391220123                0           0
         425         527  0.11465606534331962       0.33302475784545238       -3.5930504939209644E-006  0.71567273146571675        4302296478.4299316        39603.135414029151        13.797501152783850       0.55046618134732417                0           0
         428         451  0.50342484150502542        8.2947249527767969E-002  -2.1279730147333361E-006  0.48555288345080255        9432750690.8296566        73129.036500518720        3.9928822067236842       0.34727533203203442                0           0
         429         573  0.87362270939974029       0.18045805036162924       -3.2726657462812401E-005  0.56382361676971804        855716828.57945168        17952.207564647506        5.4128963172357407       0.50221711541656255                0           0
         433         568  0.70744775892037870       0.83283192557172281       -2.5474869759472584E-005  0.80817893179264955        7446961124.0176945        86190.441198241155        3.9158344941657703       0.73353723871696408                0           0
         441         522  0.96223092533240573       0.15216178671496328       -1.3424109036853208E-005  0.65409107414188772        2835301550.1530962        40646.090040248186        5.7526921611681630       0.77467711852993948                0           0
         448         598  0.49694264276027938        8.1161370196568494E-002  -7.0580402735836403E-006  0.66079693565139574        1492875159.9405038        21295.647012670135        5.3190827818842088       0.10697813208681568                0           0
         456         514   2.1016478498606079       0.17931146769711101       -3.9917235771960106E-005  0.94222667544859151        1595959219.5257566        35182.515689750457        11.396718134808348       0.24589359645644751                0           0
         496         896  0.19654063769100966       0.15058728593018661       -2.1300267627904018E-006  0.76936618657402012        7304792154.6654415        51781.537653331230        13.854339371983013       0.74205462972310765                0           0
         516         663  0.40078758403675879       0.18595681337462622       -1.4271316729802941E-005  0.85276835938566398        1294607794.7508736        19461.739080198629        14.794564980199961       0.37502056497126407                0           0
         540        1106  0.11908345594886549       0.21419108558098290       -4.7720753327928695E-007  0.68314159784253048        56245328207.146652        199188.77789800856        15.096327786414113       0.44626958130916350                0           0
         563        1076  0.53682850220895728       0.31078473953524977       -3.6710008145829678E-006  0.67279793794956966        27652634814.998516        169367.51158452261        5.3384296695256017       0.48074727203846446                0           0
         656         958   8.3917520629396281E-002  0.11415570944869273       -4.0622086576433062E-007  0.25389480004000997        21381512222.792294        87883.509205787166        10.954023431531080       0.45608770485702821                0           0
         689         584  0.28262787196724670       0.11424465493049518       -9.7206933793238128E-007  0.13284705090394094        25250743025.226089        123786.41073294167        5.9108295949411227       0.13259450151241409                0           0
         834         864  0.14943489976779920       0.18613653504488009       -4.3903375479751878E-007  0.93785731778710946        72336145138.538208        236104.94655382953        8.1924502002799713       0.47014831200231816                0           0
