 WIDE PAIRS    T TPHYS N      1.3049999999999671E+00     2.6751308867687960E+00         373
 NAME(I1)    NAME(I2)    M(I1)[M*]                 M(I2)[M*]                 EB[NB]                    ECC                       P[Days]                   SEMI[AU]                  RI[PC]                    VI[km/s]                  K*(I1)      K*(I2)      
         425         527  0.11465606534331962       0.33302475784545238       -3.8180101705057066E-006  0.69485380745732350        3927712531.4821582        37269.692563796583        13.628869698166357       0.53932016048537179                0           0
         428         451  0.50342484150502542        8.2947249527767969E-002  -2.1144281484298659E-006  0.48281706536737257        9523533919.5640278        73597.495560258671        3.7063456776301433       0.34820153037990154                0           0
         429         573  0.87362270939974029       0.18045805036162924       -2.2230145146916119E-005  0.94017761915249176        1528512876.9299982        26428.785947492197        4.3304983997436564       0.51578914875866722                0           0
         433         568  0.70744775892037870       0.83283192557172281       -2.4762940718331948E-005  0.81861635334169403        7770406128.1565790        88668.397223565960        3.1825490392419358       0.73918494537978729                0           0
         441         522  0.96223092533240573       0.15216178671496328       -1.3352634286081876E-005  0.65221241812058206        2858097436.5278778        40863.662774827164        6.2589494987202050       0.77362166844937585                0           0
         448         598  0.49694264276027938        8.1161370196568494E-002  -7.1337119338737848E-006  0.65158255972942469        1469184499.9911513        21069.751016120335        4.3631730426371966       0.11746597627379081                0           0
         456         681   2.1016478498606079       0.63111424875763378       -2.8085571576762296E-005  0.98594468033015903        16313431195.031168        175996.48839115805        12.320937153154381       0.19139122124595478                0           0
         496         896  0.19654063769100966       0.15058728593018661       -2.1623278339442161E-006  0.75734427262676363        7141725368.3043356        51008.019824102135        14.401733908817336       0.76018892821797757                0           0
         516         663  0.40078758403675879       0.18595681337462622       -1.4316101230490472E-005  0.84897586428699967        1288537741.5768423        19400.857681472458        15.928372796077975       0.37153149729629747                0           0
         563        1076  0.53682850220895728       0.31078473953524977       -3.6831820828154405E-006  0.68400213555574707        27515566313.235413        168807.36792556441        4.6367710164210987       0.47285845758558748                0           0
         656         958   8.3917520629396281E-002  0.11415570944869273       -3.9596869647277642E-007  0.22999115146337770        22217259008.149006        90158.933052014210        10.011759129748439       0.45211753107585190                0           0
         689         584  0.28262787196724670       0.11424465493049518       -1.0767752511593967E-006   3.4381073755715558E-002   21658702256.445297        111749.38706720326        4.9538344787935333       0.13930583820581188                0           0
         834         864  0.14943489976779920       0.18613653504488009       -4.3929137311625301E-007  0.94000193740693694        72272523184.397720        235966.48501531911        7.5050323299389339       0.46330142536288493                0           0
