 WIDE PAIRS    T TPHYS N      1.4259999999999537E+00     2.9231698425534680E+00         373
 NAME(I1)    NAME(I2)    M(I1)[M*]                 M(I2)[M*]                 EB[NB]                    ECC                       P[Days]                   SEMI[AU]                  RI[PC]                    VI[km/s]                  K*(I1)      K*(I2)      
         425         527  0.11465606534331962       0.33302475784545238       -3.8798557140852649E-006  0.68318684025599596        3834175193.4902434        36675.607482930514        13.615698298165766       0.53421079377727776                0           0
         428         451  0.50342484150502542        8.2947249527767969E-002  -2.1066462739158623E-006  0.48248569114699519        9576352002.1595058        73869.362025021299        3.6617010222903201       0.34859636979259989                0           0
         429        1090  0.87362270939974029       0.20011615892944146       -2.5938106293036843E-005  0.57392191413521043        1403206548.2534890        25118.120731016526        3.2925082884707733       0.52731669776791701                0           0
         433         568  0.70744775892037870       0.83283192557172281       -2.4372058068972014E-005  0.82424471771872287        7958088030.1550035        90090.474010153426        2.4437287596844599       0.74206077613478227                0           0
         441         522  0.96223092533240573       0.15216178671496328       -1.3300098742577525E-005  0.65052356410010836        2875048424.9634542        41025.074714317627        6.8122657877666200       0.77293041568808085                0           0
         448         598  0.49694264276027938        8.1161370196568494E-002  -7.1557613223881684E-006  0.64538583184422438        1462399131.3673782        21004.827787811664        3.4579933298204599       0.12364962647254832                0           0
         456         514   2.1016478498606079       0.17931146769711101       -8.8724973403875394E-005  0.97624772387504011        481607966.27772927        15828.562353529123        13.128340324393653       0.15155262137469627                0           0
         496         896  0.19654063769100966       0.15058728593018661       -2.1703417515417158E-006  0.75099777804860390        7102206016.2946405        50819.674340082573        15.122385906988203       0.77043782358557178                0           0
         516         663  0.40078758403675879       0.18595681337462622       -1.4315334923660086E-005  0.84525430607180596        1288641207.0380347        19401.896218805741        17.009395921336694       0.36994464180155606                0           0
         563        1076  0.53682850220895728       0.31078473953524977       -3.6407253279482218E-006  0.69326111852540662        27998280936.086704        170775.93528349666        3.9710590127790892       0.46860774248043974                0           0
         656         958   8.3917520629396281E-002  0.11415570944869273       -3.9124007608471665E-007  0.21678780277764537        22621258200.878372        91248.615308652865        9.0899341340027338       0.45020045511076462                0           0
         689         584  0.28262787196724670       0.11424465493049518       -1.1348831976875899E-006   2.0014497971319597E-002   20016736832.975105        106027.62872106643        4.0351603431157228       0.14396806870843762                0           0
         834         864  0.14943489976779920       0.18613653504488009       -4.4186444083445485E-007  0.94068216034199803        71642156406.949295        234592.40353452862        7.0029917730603248       0.45936423230329776                0           0
