 WIDE PAIRS    T TPHYS N      1.3929999999999574E+00     2.8555228546121940E+00         373
 NAME(I1)    NAME(I2)    M(I1)[M*]                 M(I2)[M*]                 EB[NB]                    ECC                       P[Days]                   SEMI[AU]                  RI[PC]                    VI[km/s]                  K*(I1)      K*(I2)      
         425         527  0.11465606534331962       0.33302475784545238       -3.8685383345056768E-006  0.68638379980225250        3851012768.7574468        36782.901694672983        13.653135719629145       0.53552328298514118                0           0
         428         451  0.50342484150502542        8.2947249527767969E-002  -2.1088591672739720E-006  0.48246722097390471        9561282798.4773216        73791.848541366388        3.6345416626087430       0.34849683391952635                0           0
         429        1090  0.87362270939974029       0.20011615892944146       -2.2891646503251787E-005  0.65323279737133810        1692440677.2958503        28460.883550245730        3.3874038850201282       0.52368216289594349                0           0
         433         568  0.70744775892037870       0.83283192557172281       -2.4477777033440503E-005  0.82273603276336982        7906587534.9390993        89701.375293884499        2.4499264111383168       0.74130481719280117                0           0
         441         522  0.96223092533240573       0.15216178671496328       -1.3315143322872010E-005  0.65102085644307117        2870177090.6246967        40978.721099064634        6.7371148050600498       0.77312677984814981                0           0
         448         598  0.49694264276027938        8.1161370196568494E-002  -7.1510573689822791E-006  0.64713733085930492        1463842314.1347296        21018.644727896801        3.5471881704359749       0.12194246270898766                0           0
         456         514   2.1016478498606079       0.17931146769711101       -8.8425789184866716E-005  0.97953389995443896        484054277.17605770        15882.117499707918        13.063185594733538       0.14749335287780874                0           0
         496         896  0.19654063769100966       0.15058728593018661       -2.1682705662395394E-006  0.75267371117802273        7112384748.5193157        50868.218541250753        15.068042910530318       0.76763129907184458                0           0
         516         663  0.40078758403675879       0.18595681337462622       -1.4317674897586324E-005  0.84642838143138555        1288325311.0940483        19398.725317692515        16.898590515405918       0.37034833325920630                0           0
         563        1076  0.53682850220895728       0.31078473953524977       -3.6555196525105501E-006  0.69054321622212878        27828484443.446457        170084.78467997466        4.0225371539626780       0.46975491446795997                0           0
         656         958   8.3917520629396281E-002  0.11415570944869273       -3.9257493526604747E-007  0.22038373279205728        22505978894.352238        90938.345749935543        9.1499130049522268       0.45069928650584390                0           0
         689         584  0.28262787196724670       0.11424465493049518       -1.1189518571796982E-006   5.2370546273201677E-003   20445744366.970085        107537.22204767939        4.1239058908334467       0.14263564079557708                0           0
         834         864  0.14943489976779920       0.18613653504488009       -4.4045115376724414E-007  0.94061468919332891        71987252942.029800        235345.14627829363        7.0129586820488949       0.46045328359964999                0           0
