 WIDE PAIRS    T TPHYS N      1.5829999999999365E+00     3.2450055124558936E+00         373
 NAME(I1)    NAME(I2)    M(I1)[M*]                 M(I2)[M*]                 EB[NB]                    ECC                       P[Days]                   SEMI[AU]                  RI[PC]                    VI[km/s]                  K*(I1)      K*(I2)      
         425         527  0.11465606534331962       0.33302475784545238       -3.8915180435856566E-006  0.66722132287985270        3816952391.5763936        36565.695871497039        13.785261229360609       0.52887723536431130                0           0
         428         451  0.50342484150502542        8.2947249527767969E-002  -2.0978102726890791E-006  0.48307641764829451        9636919226.6680317        74180.500635586926        3.3759317928466213       0.34899555547325700                0           0
         429        1090  0.87362270939974029       0.20011615892944146       -3.8957894432504170E-005  0.66483192094261434        762317318.97888935        16723.606213657484        3.1622497073182885       0.53731394714469083                0           0
         433         568  0.70744775892037870       0.83283192557172281       -2.3943201713973986E-005  0.83065952368096008        8172853396.6356897        91704.120871821462        2.4153853060496759       0.74550937825815367                0           0
         441         522  0.96223092533240573       0.15216178671496328       -1.3227213078245864E-005  0.64809850704711058        2898844619.0187922        41251.134414658191        6.6876993980927555       0.77191747730246052                0           0
         448         598  0.49694264276027938        8.1161370196568494E-002  -7.1667186686184059E-006  0.63676744954719555        1459046574.6550815        20972.713066804772        3.4455830203705302       0.13196454611026162                0           0
         456         514   2.1016478498606079       0.17931146769711101       -8.8043506042495150E-005  0.95613448293992342        487210327.85441971        15951.077336250233        13.323856558475176       0.16317829551193405                0           0
         496         896  0.19654063769100966       0.15058728593018661       -2.1791212438283928E-006  0.74358993323041178        7059328010.0408592        50614.926238000684        15.380269067907010       0.78389100789085264                0           0
         516         663  0.40078758403675879       0.18595681337462622       -1.4278332167386666E-005  0.83744620802058345        1293653783.6965258        19452.176855830457        17.189379583236303       0.36839032654723081                0           0
         563        1076  0.53682850220895728       0.31078473953524977       -3.5410265217414046E-006  0.70790944041632942        29189017053.699627        175584.18983117628        4.1339353653638193       0.46326881761280714                0           0
         656         958   8.3917520629396281E-002  0.11415570944869273       -3.8450214546776297E-007  0.20000134084704818        23218470510.926079        92847.635876131986        8.9795036096623093       0.44797236206853691                0           0
         689         584  0.28262787196724670       0.11424465493049518       -1.2116386294798844E-006   9.1243286615470348E-002   18145141616.983162        99310.942552111926        4.0191801278866484       0.15087391632453034                0           0
         834         864  0.14943489976779920       0.18613653504488009       -4.4886866421480400E-007  0.94083720040001151        69971840393.653824        230931.78356106012        6.8822681108995596       0.45412434809556856                0           0
