 WIDE PAIRS    T TPHYS N      1.4019999999999564E+00     2.8739720331416323E+00         373
 NAME(I1)    NAME(I2)    M(I1)[M*]                 M(I2)[M*]                 EB[NB]                    ECC                       P[Days]                   SEMI[AU]                  RI[PC]                    VI[km/s]                  K*(I1)      K*(I2)      
         425         527  0.11465606534331962       0.33302475784545238       -3.8720735462294537E-006  0.68553026007004791        3845739997.9474039        36749.318823957074        13.631337928805491       0.53515803195973655                0           0
         428         451  0.50342484150502542        8.2947249527767969E-002  -2.1082093269731300E-006  0.48247776180120694        9565703933.6946697        73814.594345799705        3.6463130292255830       0.34852361754521716                0           0
         429        1090  0.87362270939974029       0.20011615892944146       -2.3664928970230394E-005  0.62758377694391143        1610168007.0578380        27530.887002535379        3.3927129062463059       0.52480127196862503                0           0
         433         568  0.70744775892037870       0.83283192557172281       -2.4447934538021559E-005  0.82314627462443313        7921068776.1688528        89810.869733061656        2.4728577132166194       0.74150342478173870                0           0
         441         522  0.96223092533240573       0.15216178671496328       -1.3311009676074315E-005  0.65085922256386131        2871514166.4373775        40991.446772275536        6.7448651102383526       0.77307370497623717                0           0
         448         598  0.49694264276027938        8.1161370196568494E-002  -7.1524354312091026E-006  0.64667234863252554        1463419275.9999735        21014.595058293053        3.5509238886774273       0.12240503358552246                0           0
         456         514   2.1016478498606079       0.17931146769711101       -8.8561575216128494E-005  0.97877585954742674        482941447.90716279        15857.766423091951        13.065585630083955       0.14869536005543887                0           0
         496         896  0.19654063769100966       0.15058728593018661       -2.1688434341921292E-006  0.75221240310334891        7109566987.5683079        50854.782452804619        15.051666232443134       0.76839588994993890                0           0
         516         663  0.40078758403675879       0.18595681337462622       -1.4317087517480979E-005  0.84613051663819216        1288404595.1402137        19399.521179651641        16.899678946597163       0.37023485487058938                0           0
         563        1076  0.53682850220895728       0.31078473953524977       -3.6516823448626624E-006  0.69127182561941214        27872360592.107513        170263.51535351202        4.0336383162373899       0.46944251459704983                0           0
         656         958   8.3917520629396281E-002  0.11415570944869273       -3.9221412334596734E-007  0.21940072335454444        22537042128.399101        91022.003214534285        9.1582476773034180       0.45056718113733429                0           0
         689         584  0.28262787196724670       0.11424465493049518       -1.1233184062590701E-006   9.2575297207523229E-003   20326645636.797653        107119.20472034450        4.1283388561118421       0.14299401639499779                0           0
         834         864  0.14943489976779920       0.18613653504488009       -4.4119205788073855E-007  0.94058007925310316        71805994283.869263        234949.92568478137        7.0168472833691435       0.46015269110122903                0           0
