 WIDE PAIRS    T TPHYS N      1.5279999999999425E+00     3.1322605325537700E+00         373
 NAME(I1)    NAME(I2)    M(I1)[M*]                 M(I2)[M*]                 EB[NB]                    ECC                       P[Days]                   SEMI[AU]                  RI[PC]                    VI[km/s]                  K*(I1)      K*(I2)      
         265         266   8.4095384718170976E-002   3.6296916915751078E-002  -2.5178227234138720E-005  0.98206921771181654        10108692.726599844        451.78945117584567        2.9024683719924318       0.51339367494812027                0           0
         425         527  0.11465606534331962       0.33302475784545238       -3.8939388625194885E-006  0.67301988450325767        3813393508.9110160        36542.963380818641        13.747307686896406       0.53056756939414351                0           0
         428         451  0.50342484150502542        8.2947249527767969E-002  -2.1006030824519427E-006  0.48276654060757890        9617706791.0194607        74081.875613030381        3.4889647796091081       0.34886945168450867                0           0
         429        1090  0.87362270939974029       0.20011615892944146       -3.5328673813678781E-005  0.59592474194005829        882750553.87019062        18441.577763108126        3.0731111119909316       0.53423164290701963                0           0
         433         568  0.70744775892037870       0.83283192557172281       -2.4076380108176171E-005  0.82858606288586967        8105135103.2094374        91196.859917119858        2.2730631241688388       0.74434092086653481                0           0
         441         522  0.96223092533240573       0.15216178671496328       -1.3252212955273888E-005  0.64893953580567976        2890645621.9857173        41173.315465391868        6.7989092813718131       0.77228611622617105                0           0
         448         598  0.49694264276027938        8.1161370196568494E-002  -7.1649350326907501E-006  0.63986328534651449        1459591430.2258577        20977.934005216033        3.3631373312345021       0.12902123839692056                0           0
         456         514   2.1016478498606079       0.17931146769711101       -8.8275040269980470E-005  0.96259655035930136        485294749.02314287        15909.239684776929        13.406907346669533       0.16005394461687658                0           0
         496         896  0.19654063769100966       0.15058728593018661       -2.1762290038191930E-006  0.74607192410611423        7073405609.2389631        50682.194211394723        15.384345072646425       0.77916062696852451                0           0
         516         663  0.40078758403675879       0.18595681337462622       -1.4296488772229247E-005  0.84067192110026323        1291190147.1595025        19427.472504004898        17.267194457187092       0.36885962844260445                0           0
         563        1076  0.53682850220895728       0.31078473953524977       -3.5810821498599818E-006  0.70248360698596124        28700655375.180180        173620.22064056326        4.0295101604964589       0.46511491617859224                0           0
         656         958   8.3917520629396281E-002  0.11415570944869273       -3.8691012823351169E-007  0.20579073213388066        23002053601.159946        92269.787195739453        8.8546152804822622       0.44871855377713077                0           0
         689         584  0.28262787196724670       0.11424465493049518       -1.1845237267096139E-006   6.6163841643374202E-002   18771733596.601040        101584.26683477915        3.9304718395458926       0.14835413206022094                0           0
         834         864  0.14943489976779920       0.18613653504488009       -4.4590258084928815E-007  0.94088760958508189        70671164892.678726        232467.91039953846        6.8029572332171862       0.45597566703064868                0           0
