 WIDE PAIRS    T TPHYS N      1.2689999999999710E+00     2.6013341726510424E+00         373
 NAME(I1)    NAME(I2)    M(I1)[M*]                 M(I2)[M*]                 EB[NB]                    ECC                       P[Days]                   SEMI[AU]                  RI[PC]                    VI[km/s]                  K*(I1)      K*(I2)      
         425         527  0.11465606534331962       0.33302475784545238       -3.7880459047144351E-006  0.69837103242710874        3974408160.1782932        37564.503926180209        13.609717695156188       0.54099068129132710                0           0
         428         451  0.50342484150502542        8.2947249527767969E-002  -2.1169240208244044E-006  0.48303103133774350        9506696387.1280460        73510.723453338898        3.7838215109533890       0.34806824972347061                0           0
         429         573  0.87362270939974029       0.18045805036162924       -2.0667875614642547E-005  0.75152175269309374        1705056562.3170300        28426.518459076269        4.4867988025295622       0.51754082256224621                0           0
         433         568  0.70744775892037870       0.83283192557172281       -2.4881398180606415E-005  0.81690935279144283        7714981218.3963404        88246.257227943264        3.3119010424752928       0.73829579486731822                0           0
         441         522  0.96223092533240573       0.15216178671496328       -1.3366706292460814E-005  0.65265049690473387        2853585265.3223634        40820.642923066196        6.2237761283266853       0.77381238657884599                0           0
         448         598  0.49694264276027938        8.1161370196568494E-002  -7.1243597442340966E-006  0.65328841703568941        1472078360.0871270        21097.409404275601        4.4816346335967898       0.11567492102971416                0           0
         496         896  0.19654063769100966       0.15058728593018661       -2.1596990938402540E-006  0.75933067901252238        7154768471.0672674        51070.105708065203        14.295364478389365       0.75716327538540984                0           0
         516         663  0.40078758403675879       0.18595681337462622       -1.4312483478300106E-005  0.84981199957120812        1289026326.0502422        19405.761616940999        15.765810163004669       0.37205515022644076                0           0
         563        1076  0.53682850220895728       0.31078473953524977       -3.6893837727602707E-006  0.68164266924058170        27446216813.221176        168523.61025199119        4.7014577127894404       0.47414135681750913                0           0
         656         958   8.3917520629396281E-002  0.11415570944869273       -3.9726766704363730E-007  0.23390844956221721        22108380420.126385        89864.134832953714        10.171537645020237       0.45272029103619299                0           0
         689         584  0.28262787196724670       0.11424465493049518       -1.0595852343159541E-006   5.0487873244405790E-002   22187899099.543232        113562.33593032113        5.0742184155476728       0.13804357970734860                0           0
         834         864  0.14943489976779920       0.18613653504488009       -4.3891119729016798E-007  0.93972286996933296        72366444968.666351        236170.87431758104        7.6440952684353283       0.46445406295066732                0           0
