 WIDE PAIRS    T TPHYS N      1.0789999999999920E+00     2.2118515148073428E+00         373
 NAME(I1)    NAME(I2)    M(I1)[M*]                 M(I2)[M*]                 EB[NB]                    ECC                       P[Days]                   SEMI[AU]                  RI[PC]                    VI[km/s]                  K*(I1)      K*(I2)      
         267         268  0.11152016154947933        1.9237634443879208E-002  -2.0554859572710312E-005  0.97570854928535899        7748564.4278206509        388.96442282596701        2.5090714844511233       0.54243910844069798                0           0
         399         400  0.17014458503807270        6.6018282057290864E-002  -2.6983323381248506E-005  0.99100691376104211        45924431.751978748        1551.3373498360495        9.9173115904340552       0.23299517796523819                0           0
         425         527  0.11465606534331962       0.33302475784545238       -3.5876240093711414E-006  0.71611347338758891        4312061369.3094559        39663.037399824600        13.796666800475020       0.55079944837907280                0           0
         428         451  0.50342484150502542        8.2947249527767969E-002  -2.1282949379560120E-006  0.48566968582103942        9430610592.7056980        73117.975094187510        3.9969801195816292       0.34724615317446433                0           0
         429         573  0.87362270939974029       0.18045805036162924       -3.3054629709482901E-005  0.57630667484434628        843012675.49848354        17774.083474333365        5.4120715056028086       0.50158905217141592                0           0
         433         568  0.70744775892037870       0.83283192557172281       -2.5493268538166758E-005  0.80790376368929528        7438900745.3433867        86128.236587216656        3.9096227977852234       0.73337690637933595                0           0
         441         522  0.96223092533240573       0.15216178671496328       -1.3425775809577248E-005  0.65410629429481637        2834773574.3386950        40641.043941223536        5.7561865219365345       0.77470320662856407                0           0
         448         598  0.49694264276027938        8.1161370196568494E-002  -7.0557021766536548E-006  0.66098932101744623        1493617277.9944501        21302.703898810698        5.3160566580284954       0.10670790001851133                0           0
         456         514   2.1016478498606079       0.17931146769711101       -3.9814132409968937E-005  0.94326455728658387        1602162616.4658170        35273.624937430861        11.391109283691710       0.24490779327543202                0           0
         496         896  0.19654063769100966       0.15058728593018661       -2.1304421034250080E-006  0.76980744014118541        7302656098.6371040        51771.442576504101        13.856705162850654       0.74154089884734753                0           0
         516         663  0.40078758403675879       0.18595681337462622       -1.4269579327045520E-005  0.85283305651841490        1294844240.7838314        19464.108658051431        14.794331751264311       0.37512418959232657                0           0
         540        1106  0.11908345594886549       0.21419108558098290       -4.7837611106643089E-007  0.68242244838352617        56039359878.760208        198702.19929193845        15.095230152595821       0.44647261041245029                0           0
         563        1076  0.53682850220895728       0.31078473953524977       -3.6709194344176311E-006  0.67253987552833172        27653554361.928982        169371.26627223549        5.3310364193272113       0.48097489492731543                0           0
         656         958   8.3917520629396281E-002  0.11415570944869273       -4.0615939195985127E-007  0.25449088720462976        21386366669.082180        87896.810716890497        10.952368884652625       0.45621320804889604                0           0
         689         584  0.28262787196724670       0.11424465493049518       -9.6929841139585728E-007  0.13549423219497622        25359096552.144497        124140.27807279113        5.9076339218908531       0.13244496225143140                0           0
         834         864  0.14943489976779920       0.18613653504488009       -4.3908468311066325E-007  0.93778560665976340        72323560375.845398        236077.56134292248        8.1953539213387163       0.47037177585009227                0           0
