 WIDE PAIRS    T TPHYS N      1.0869999999999911E+00     2.2282507846112880E+00         373
 NAME(I1)    NAME(I2)    M(I1)[M*]                 M(I2)[M*]                 EB[NB]                    ECC                       P[Days]                   SEMI[AU]                  RI[PC]                    VI[km/s]                  K*(I1)      K*(I2)      
         267         268  0.11152016154947933        1.9237634443879208E-002  -2.0555069260781439E-005  0.97570765439781360        7748445.8601794150        388.96045488995458        2.5173309948733271       0.54248160459045092                0           0
         399         400  0.17014458503807270        6.6018282057290864E-002  -2.6983451664133238E-005  0.99100311048806833        45924104.256168202        1551.3299745738736        9.9177360791971640       0.23280999320122472                0           0
         425         527  0.11465606534331962       0.33302475784545238       -3.5937663749251146E-006  0.71560698751251517        4301011011.3396206        39595.246439235038        13.798161550025966       0.55035540761976609                0           0
         428         451  0.50342484150502542        8.2947249527767969E-002  -2.1278638260323459E-006  0.48551469313236828        9433476745.0498333        73132.789026597922        3.9923989064638508       0.34728501052278643                0           0
         429         573  0.87362270939974029       0.18045805036162924       -3.2614351342981608E-005  0.55958325079669913        860140567.65264463        18014.025221322026        5.4152799227548796       0.50242682525613258                0           0
         433         568  0.70744775892037870       0.83283192557172281       -2.5468743088038646E-005  0.80827029521329585        7449648407.8526068        86211.174868220158        3.9204253809136458       0.73359060972911794                0           0
         441         522  0.96223092533240573       0.15216178671496328       -1.3423546982192118E-005  0.65408541181894131        2835479626.5365353        40647.791924585654        5.7510366298638527       0.77466837787978882                0           0
         448         598  0.49694264276027938        8.1161370196568494E-002  -7.0585620970531358E-006  0.66073765934725182        1492709615.6936338        21294.072673837873        5.3218069449533099       0.10706844661013641                0           0
         456         514   2.1016478498606079       0.17931146769711101       -3.9955853518027854E-005  0.94187011721893121        1593646012.0239697        35148.511424109674        11.395987422727968       0.24623427724296834                0           0
         496         896  0.19654063769100966       0.15058728593018661       -2.1298878885764816E-006  0.76921916413340086        7305506603.3998594        51784.913943874853        13.853039192772993       0.74222596955150477                0           0
         516         663  0.40078758403675879       0.18595681337462622       -1.4272014048397153E-005  0.85274347247437154        1294512915.7389777        19460.788196007350        14.792698373667301       0.37498610848302910                0           0
         540        1106  0.11908345594886549       0.21419108558098290       -4.7681164438934560E-007  0.68338547968234387        56315392105.957420        199354.16107415102        15.094745589901819       0.44620183673532055                0           0
         563        1076  0.53682850220895728       0.31078473953524977       -3.6710108783576270E-006  0.67288517277826843        27652521103.937447        169367.04727740728        5.3422242550177783       0.48067138810266846                0           0
         656         958   8.3917520629396281E-002  0.11415570944869273       -4.0624104401883832E-007  0.25369623868603930        21379919192.333397        87879.143975237748        10.957169991098150       0.45604598747718633                0           0
         689         584  0.28262787196724670       0.11424465493049518       -9.7299147577329061E-007  0.13196594162167241        25214855021.413952        123669.09404891168        5.9136382653197073       0.13264479650940422                0           0
         834         864  0.14943489976779920       0.18613653504488009       -4.3901325883163153E-007  0.93788132547206460        72341210873.242798        236115.96945309974        8.1939965273279647       0.47012547342202815                0           0
