 WIDE PAIRS    T TPHYS N      1.6909999999999246E+00     3.4663956548091543E+00         373
 NAME(I1)    NAME(I2)    M(I1)[M*]                 M(I2)[M*]                 EB[NB]                    ECC                       P[Days]                   SEMI[AU]                  RI[PC]                    VI[km/s]                  K*(I1)      K*(I2)      
         403         404  0.17519688796893346        3.8994197612049461E-002  -1.0594016314215428E-004  0.98384198801454770        2940134.1077244342        240.31732126411052        13.301665072689806       0.41101581023510531                0           0
         425         527  0.11465606534331962       0.33302475784545238       -3.8744011089268640E-006  0.65536463223315644        3842275001.8580589        36727.241516717819        15.151579933558278       0.52616136421519222                0           0
         428         451  0.50342484150502542        8.2947249527767969E-002  -2.0936334620763369E-006  0.48393849699944552        9665772167.8073235        74328.491154426825        4.1887742020333123       0.34920135081446374                0           0
         429        1090  0.87362270939974029       0.20011615892944146       -4.2947476714752885E-005  0.76037671604779555        658601206.30603588        15170.075991417596        7.3827205912132792       0.54429582584000946                0           0
         433         568  0.70744775892037870       0.83283192557172281       -2.3778603565462409E-005  0.83376394840719248        8257860185.8701468        92338.907034298551        6.2681429138638185       0.74767044439664854                0           0
         441         522  0.96223092533240573       0.15216178671496328       -1.3186533872404915E-005  0.64647332487486842        2912268949.8335414        41378.390250366327        4.4104017365935411       0.77114326731102667                0           0
         448         598  0.49694264276027938        8.1161370196568494E-002  -7.1648746800888244E-006  0.63089581861540289        1459609872.3473191        20978.110710735218        7.5030298015153338       0.13781587696930328                0           0
         456         514   2.1016478498606079       0.17931146769711101       -8.8170069496135400E-005  0.94785904005864752        486161657.56926495        15928.180411607942        11.025411919310288       0.16769260847446540                0           0
         496         896  0.19654063769100966       0.15058728593018661       -2.1842362715335881E-006  0.73905316240568131        7034545313.1190224        50496.396592935307        13.433989627744607       0.79322567278060518                0           0
         516         663  0.40078758403675879       0.18595681337462622       -1.4222822506851982E-005  0.82917932749877954        1301234589.4588749        19528.095945266297        12.977998578648293       0.36774950879568752                0           0
         563        1076  0.53682850220895728       0.31078473953524977       -3.4489812155332747E-006  0.71929651075073775        30365259439.524792        180270.12446182291        7.8786282368976890       0.45972050114806434                0           0
         656         958   8.3917520629396281E-002  0.11415570944869273       -3.7964845200673977E-007  0.18905964106461828        23665152572.530949        94034.665510366991        12.886472001342691       0.44662015519252457                0           0
         689         584  0.28262787196724670       0.11424465493049518       -1.2655011050524780E-006  0.14072642317295112        16999112011.733246        95084.053143680663        8.1087622488978734       0.15609954727444186                0           0
         834         864  0.14943489976779920       0.18613653504488009       -4.5542337692703839E-007  0.94048999068796357        68466677010.767387        227608.08176169210        9.1485958026410277       0.45044715778407551                0           0
