 WIDE PAIRS    T TPHYS N      1.6709999999999268E+00     3.4253974802992913E+00         373
 NAME(I1)    NAME(I2)    M(I1)[M*]                 M(I2)[M*]                 EB[NB]                    ECC                       P[Days]                   SEMI[AU]                  RI[PC]                    VI[km/s]                  K*(I1)      K*(I2)      
         403         404  0.17519688796893346        3.8994197612049461E-002  -1.0593779628363937E-004  0.98385363731093178        2940232.6408338710        240.32269042524157        13.208181166631055       0.41192355755190169                0           0
         425         527  0.11465606534331962       0.33302475784545238       -3.8784279534667804E-006  0.65763498300686751        3836292593.1908574        36689.108826426229        15.170238893547678       0.52659937345871977                0           0
         428         451  0.50342484150502542        8.2947249527767969E-002  -2.0942237681528696E-006  0.48376603349699310        9661685669.0025654        74307.539926265235        4.2589545591842901       0.34916765145707535                0           0
         429        1090  0.87362270939974029       0.20011615892944146       -4.2534935422767264E-005  0.74728502458356738        668205943.88530099        15317.208758561039        7.4674136272948912       0.54281750326851053                0           0
         433         568  0.70744775892037870       0.83283192557172281       -2.3794581049204004E-005  0.83332232289549879        8249544153.1875353        92276.903699051487        6.3292831640617653       0.74728419055834061                0           0
         441         522  0.96223092533240573       0.15216178671496328       -1.3191458872619601E-005  0.64675787573296084        2910638168.9016571        41362.941725465913        4.4053557130740915       0.77129147784586838                0           0
         448         598  0.49694264276027938        8.1161370196568494E-002  -7.1657199308640193E-006  0.63195597614948862        1459351621.9540977        20975.636184168252        7.5778940945685891       0.13672621376454844                0           0
         456         514   2.1016478498606079       0.17931146769711101       -8.8092005751884723E-005  0.94898178887234741        486808027.33143324        15942.295351907207        10.968378387430253       0.16697862721293111                0           0
         496         896  0.19654063769100966       0.15058728593018661       -2.1833362444953577E-006  0.73985535230130572        7038895490.5827045        50517.212499042966        13.392480695079218       0.79149291108364084                0           0
         516         663  0.40078758403675879       0.18595681337462622       -1.4235222411347872E-005  0.83092758593793536        1299534756.1230323        19511.085566523296        12.885397241091436       0.36783785765320609                0           0
         563        1076  0.53682850220895728       0.31078473953524977       -3.4672123402868027E-006  0.71712540839812711        30126076882.563065        179322.23699320437        7.9335488325566201       0.46037051092098097                0           0
         656         958   8.3917520629396281E-002  0.11415570944869273       -3.8054420361495502E-007  0.19102985798548203        23581644721.207497        93813.320126417515        12.959030553117458       0.44685899064530971                0           0
         689         584  0.28262787196724670       0.11424465493049518       -1.2554600736621062E-006  0.13153892367056716        17203454771.641750        95844.524927984050        8.1833798318038298       0.15510539552341526                0           0
         834         864  0.14943489976779920       0.18613653504488009       -4.5427457040556595E-007  0.94056340328998056        68726557300.722870        228183.67561109958        9.2120744735035753       0.45113224724012163                0           0
