 WIDE PAIRS    T TPHYS N      1.1139999999999881E+00     2.2835983201996033E+00         373
 NAME(I1)    NAME(I2)    M(I1)[M*]                 M(I2)[M*]                 EB[NB]                    ECC                       P[Days]                   SEMI[AU]                  RI[PC]                    VI[km/s]                  K*(I1)      K*(I2)      
         267         268  0.11152016154947933        1.9237634443879208E-002  -2.0555676436729359E-005  0.97570625238325992        7748102.5509796934        388.94896573105336        2.6019324197459470       0.54262728405919336                0           0
         425         527  0.11465606534331962       0.33302475784545238       -3.6187734576647969E-006  0.71355731416281665        4256505720.1314578        39321.628426008254        13.775756332000304       0.54887551983850258                0           0
         428         451  0.50342484150502542        8.2947249527767969E-002  -2.1263455556176315E-006  0.48502551579915670        9443582199.2081890        73185.007890851324        3.9378637859290175       0.34741334467247559                0           0
         429         573  0.87362270939974029       0.18045805036162924       -3.0950154839670992E-005  0.49924600187538426        930439866.20761311        18982.643244048279        5.3284807150124553       0.50527546159381675                0           0
         433         568  0.70744775892037870       0.83283192557172281       -2.5385565241758732E-005  0.80950622106808867        7486292441.9979572        86493.652716655211        3.8247057547274634       0.73430419234498268                0           0
         441         522  0.96223092533240573       0.15216178671496328       -1.3415649480368249E-005  0.65398341064619403        2837983772.9996119        40671.720397920501        5.7515347233142418       0.77454806664281173                0           0
         448         598  0.49694264276027938        8.1161370196568494E-002  -7.0689740117068027E-006  0.65982049469729787        1489412905.1517811        21262.708565419623        5.2716992960992446       0.10829904739730351                0           0
         456         514   2.1016478498606079       0.17931146769711101       -4.0840729954072842E-005  0.93633772234859458        1542134436.1889663        34386.965546838910        11.572424289202077       0.25155752834956652                0           0
         496         896  0.19654063769100966       0.15058728593018661       -2.1279933314534657E-006  0.76723781459689711        7315264937.3516731        51831.018166161164        13.842314095503788       0.74454370117489599                0           0
         516         663  0.40078758403675879       0.18595681337462622       -1.4279778844964755E-005  0.85242443284294711        1293457199.5047803        19450.206165079017        14.877612187380892       0.37452520192522654                0           0
         540        1106  0.11908345594886549       0.21419108558098290       -4.6276977359395716E-007  0.69276142153319986        58897914147.666260        205403.18486969054        15.184421018267269       0.44519446269699897                0           0
         563        1076  0.53682850220895728       0.31078473953524977       -3.6794789144516054E-006  0.67382284841753437        27557115841.220894        168977.26211955721        5.3378426481929111       0.47970187155311006                0           0
         656         958   8.3917520629396281E-002  0.11415570944869273       -4.0649862612676842E-007  0.25102166239350382        21359600997.628319        87823.458436115703        10.832558525147952       0.45548853183624277                0           0
         689         584  0.28262787196724670       0.11424465493049518       -9.8536683410841460E-007  0.12013428035631535        24741334326.993393        122115.91679465566        5.8623716795959719       0.13334564208514396                0           0
         834         864  0.14943489976779920       0.18613653504488009       -4.3880732799838804E-007  0.93819588040601043        72392141085.288391        236226.77789960717        8.0350858784257095       0.46927104990432350                0           0
