 WIDE PAIRS    T TPHYS N      1.6489999999999292E+00     3.3802994883384421E+00         373
 NAME(I1)    NAME(I2)    M(I1)[M*]                 M(I2)[M*]                 EB[NB]                    ECC                       P[Days]                   SEMI[AU]                  RI[PC]                    VI[km/s]                  K*(I1)      K*(I2)      
         403         404  0.17519688796893346        3.8994197612049461E-002  -1.0593481749999923E-004  0.98388281261681676        2940356.6564124678        240.32944806466065        13.089360487431584       0.41289326953060496                0           0
         425         527  0.11465606534331962       0.33302475784545238       -3.8824963396685649E-006  0.66006048852011523        3830264217.7302790        36650.663081460516        15.205406411223647       0.52711939839122046                0           0
         428         451  0.50342484150502542        8.2947249527767969E-002  -2.0949944533431720E-006  0.48357709202559762        9656354795.7841949        74280.204426422948        4.3427077286628712       0.34912774935859159                0           0
         429        1090  0.87362270939974029       0.20011615892944146       -4.1897543599503710E-005  0.73059608791855102        683512023.93540990        15550.231097800119        7.5774807697887887       0.54131768934066882                0           0
         433         568  0.70744775892037870       0.83283192557172281       -2.3822601497354362E-005  0.83274780483098543        8234993605.1229792        92168.366426333305        6.4090018425014383       0.74685195482411060                0           0
         441         522  0.96223092533240573       0.15216178671496328       -1.3200086444189877E-005  0.64709337357648344        2907785047.1981807        41335.906922201379        4.3884366804022159       0.77145197177323033                0           0
         448         598  0.49694264276027938        8.1161370196568494E-002  -7.1664194199865257E-006  0.63315164740827801        1459137963.8601358        20973.588825719267        7.6797341034676805       0.13553050912715456                0           0
         456         514   2.1016478498606079       0.17931146769711101       -8.8030411919865766E-005  0.95041500240531851        487319037.37084717        15953.449986316913        10.910416972098155       0.16613638226193381                0           0
         496         896  0.19654063769100966       0.15058728593018661       -2.1823220042013838E-006  0.74075774148658624        7043803080.4135094        50540.690515741298        13.346035818014773       0.78958892358868460                0           0
         516         663  0.40078758403675879       0.18595681337462622       -1.4247709260187587E-005  0.83273499147701191        1297826740.6963027        19493.985836895270        12.767694076528743       0.36795150042224500                0           0
         563        1076  0.53682850220895728       0.31078473953524977       -3.4866872118070156E-006  0.71476687358322799        29874026115.283489        178320.63366201540        8.0150576261726947       0.46108910679711917                0           0
         656         958   8.3917520629396281E-002  0.11415570944869273       -3.8153233712662349E-007  0.19322842550388983        23490092640.669285        93570.352292666037        13.049907384512347       0.44712786093854673                0           0
         689         584  0.28262787196724670       0.11424465493049518       -1.2444445596389401E-006  0.12144052428205895        17432380570.393826        96692.916847262662        8.2848716873608161       0.15402530711974224                0           0
         834         864  0.14943489976779920       0.18613653504488009       -4.5293067880473238E-007  0.94064485585758606        69032662157.679733        228860.71989061349        9.2853302869978975       0.45188375425810440                0           0
