 WIDE PAIRS    T TPHYS N      1.1449999999999847E+00     2.3471454906898912E+00         373
 NAME(I1)    NAME(I2)    M(I1)[M*]                 M(I2)[M*]                 EB[NB]                    ECC                       P[Days]                   SEMI[AU]                  RI[PC]                    VI[km/s]                  K*(I1)      K*(I2)      
         425         527  0.11465606534331962       0.33302475784545238       -3.6532553596283322E-006  0.71072358426198390        4196384464.9585314        38950.484226394976        13.570130471717846       0.54721648265117906                0           0
         428         451  0.50342484150502542        8.2947249527767969E-002  -2.1245754194457920E-006  0.48450918196692949        9455386845.7175426        73245.983570282726        3.9658243098108539       0.34755539537790153                0           0
         429         573  0.87362270939974029       0.18045805036162924       -2.8700296774555576E-005  0.43001565926951746        1041964608.5742804        20470.720295491657        4.7755651916552493       0.50856633234800486                0           0
         433         568  0.70744775892037870       0.83283192557172281       -2.5285994748611393E-005  0.81099392663645020        7530554918.5781946        86834.245038244029        3.4438645325660304       0.73512707949467204                0           0
         441         522  0.96223092533240573       0.15216178671496328       -1.3408432376319018E-005  0.65376094291592046        2840275403.3120766        40693.611997902866        6.1628360049748094       0.77441684117570520                0           0
         448         598  0.49694264276027938        8.1161370196568494E-002  -7.0821178860384741E-006  0.65861242258058927        1485268473.2829044        21223.246588955521        4.7150973712559985       0.10971763201684152                0           0
         456         514   2.1016478498606079       0.17931146769711101       -4.3668032832881382E-005  0.92698683493419576        1394816372.3304188        32160.568789830413        11.876036215714372       0.26021067455053454                0           0
         496         896  0.19654063769100966       0.15058728593018661       -2.1497028532197267E-006  0.76652344228380298        7204731562.5158997        51307.584606327342        14.076119446473491       0.74683566029958659                0           0
         516         663  0.40078758403675879       0.18595681337462622       -1.4288308147481315E-005  0.85200894280053419        1292299192.4414582        19438.595504762972        15.451628608253015       0.37400627929801428                0           0
         540        1106  0.11908345594886549       0.21419108558098290       -4.4235330540076481E-007  0.70653871896125664        63022187940.416222        214883.40698959335        15.764080709570992       0.44400582841333475                0           0
         563        1076  0.53682850220895728       0.31078473953524977       -3.6871078087250269E-006  0.67504328007298287        27471633580.674397        168627.63587204908        4.8235288833526440       0.47859805485848322                0           0
         656         958   8.3917520629396281E-002  0.11415570944869273       -4.0133475506784146E-007  0.24724893631630537        21773166960.532864        88953.460285161826        10.400552569078666       0.45490813734147767                0           0
         689         584  0.28262787196724670       0.11424465493049518       -9.9995034531852222E-007  0.10637505021247211        24202062414.831356        120334.94951978547        5.3069581433664004       0.13418073069148445                0           0
         834         864  0.14943489976779920       0.18613653504488009       -4.3864321588122108E-007  0.93854146153299878        72432771619.160294        236315.15878696396        7.8307325410912725       0.46835250414323104                0           0
