 WIDE PAIRS    T TPHYS N      1.2979999999999678E+00     2.6607815256903442E+00         373
 NAME(I1)    NAME(I2)    M(I1)[M*]                 M(I2)[M*]                 EB[NB]                    ECC                       P[Days]                   SEMI[AU]                  RI[PC]                    VI[km/s]                  K*(I1)      K*(I2)      
         425         527  0.11465606534331962       0.33302475784545238       -3.8125808984327408E-006  0.69553213991464480        3936105354.0251904        37322.766139517385        13.631585545061519       0.53963984128989917                0           0
         428         451  0.50342484150502542        8.2947249527767969E-002  -2.1149713379820299E-006  0.48283861598433364        9519865251.4364910        73578.593464548991        3.7111337951448369       0.34817611090123024                0           0
         429         573  0.87362270939974029       0.18045805036162924       -2.1748626001962692E-005  0.91160050993482500        1579555215.0795782        27013.924816055445        4.3452289441536154       0.51630347616661243                0           0
         433         568  0.70744775892037870       0.83283192557172281       -2.4785520881562970E-005  0.81829457715060716        7759790026.5910845        88587.618332845523        3.1880081457156120       0.73901318462058530                0           0
         441         522  0.96223092533240573       0.15216178671496328       -1.3355450465855096E-005  0.65231093385940742        2857193480.6609197        40855.046111476098        6.2526203092981358       0.77365928862216649                0           0
         448         598  0.49694264276027938        8.1161370196568494E-002  -7.1319883247931033E-006  0.65191528653224129        1469717125.5271904        21074.843006253413        4.3744902455732362       0.11711581320504029                0           0
         456         681   2.1016478498606079       0.63111424875763378       -2.5947869997883052E-005  0.98706393207844112        18370359087.435783        190495.86622608925        12.304538383242525       0.19158329093282631                0           0
         496         896  0.19654063769100966       0.15058728593018661       -2.1618252845220828E-006  0.75772657244537456        7144215818.3129978        51019.877420120793        14.393903355023323       0.75959970916123321                0           0
         516         663  0.40078758403675879       0.18595681337462622       -1.4315556687490350E-005  0.84914532494514694        1288611263.4344354        19401.595661942058        15.911093941841882       0.37163164414714073                0           0
         563        1076  0.53682850220895728       0.31078473953524977       -3.6846310305672266E-006  0.68352804910685250        27499337538.413223        168740.98595835752        4.6406064429196636       0.47310737730142693                0           0
         656         958   8.3917520629396281E-002  0.11415570944869273       -3.9622482089803370E-007  0.23075367679669395        22195720240.084667        90100.653247994327        10.024207711577819       0.45223358067474245                0           0
         689         584  0.28262787196724670       0.11424465493049518       -1.0734359115954113E-006   3.7509367181224496E-002   21759847533.193153        112097.02696396245        4.9651460277904951       0.13905563477587959                0           0
         834         864  0.14943489976779920       0.18613653504488009       -4.3920536195737538E-007  0.93995016116070018        72293754304.301758        236012.69517710313        7.5156396689389515       0.46352626868075969                0           0
