 WIDE PAIRS    T TPHYS N      1.5689999999999380E+00     3.2163067902989892E+00         373
 NAME(I1)    NAME(I2)    M(I1)[M*]                 M(I2)[M*]                 EB[NB]                    ECC                       P[Days]                   SEMI[AU]                  RI[PC]                    VI[km/s]                  K*(I1)      K*(I2)      
         265         266   8.4095384718170976E-002   3.6296916915751078E-002  -2.5178962344089866E-005  0.98206365015001906        10108250.038795035        451.77626100077640        2.8327860282698314       0.51510436422462103                0           0
         425         527  0.11465606534331962       0.33302475784545238       -3.8926275631333610E-006  0.66869453893646269        3815320583.2029848        36555.273514442102        13.755894365864016       0.52928852562091178                0           0
         428         451  0.50342484150502542        8.2947249527767969E-002  -2.0985183149886552E-006  0.48297891283167022        9632042377.9758644        74155.472056194223        3.4615203532174728       0.34896485520606413                0           0
         429        1090  0.87362270939974029       0.20011615892944146       -3.8139059311144187E-005  0.64799267495836654        786998737.26296103        17082.657442787706        3.0064142348335539       0.53652196940622765                0           0
         433         568  0.70744775892037870       0.83283192557172281       -2.3974694887231291E-005  0.83015670999943181        8156754888.7647009        91583.658284889301        2.2428323881177095       0.74521614367504274                0           0
         441         522  0.96223092533240573       0.15216178671496328       -1.3233462212410836E-005  0.64831477545397087        2896791513.4277501        41231.654714691787        6.8144492977152593       0.77201317680361203                0           0
         448         598  0.49694264276027938        8.1161370196568494E-002  -7.1664089858292660E-006  0.63752650004993028        1459141150.5776155        20973.619362871770        3.3363009601578990       0.13121262454763202                0           0
         456         514   2.1016478498606079       0.17931146769711101       -8.8085098245389032E-005  0.95764034058147085        486865290.63022411        15943.545523739824        13.504206527999576       0.16244954922343202                0           0
         496         896  0.19654063769100966       0.15058728593018661       -2.1784015051674034E-006  0.74420921844941146        7062826876.7083750        50631.649288893830        15.449234200639404       0.78268527880634475                0           0
         516         663  0.40078758403675879       0.18595681337462622       -1.4283586965500054E-005  0.83831618115521633        1292939964.6586297        19445.020581815377        17.358041216902823       0.36850145717339983                0           0
         563        1076  0.53682850220895728       0.31078473953524977       -3.5517311785944668E-006  0.70649934522353031        29057156203.736217        175054.99198188708        4.0618160306062130       0.46373620013154626                0           0
         656         958   8.3917520629396281E-002  0.11415570944869273       -3.8511690926529200E-007  0.20146219266569393        23162897085.497906        92699.422791093210        8.7823658819363413       0.44815871167725024                0           0
         689         584  0.28262787196724670       0.11424465493049518       -1.2047104428450302E-006   8.4845686432829415E-002   18301893179.060551        99882.071281816839        3.9005846569984906       0.15022278882570786                0           0
         834         864  0.14943489976779920       0.18613653504488009       -4.4804519227569776E-007  0.94086349391370039        70164833138.041382        231356.21807545453        6.7410247750915362       0.45459716268947048                0           0
