 WIDE PAIRS    T TPHYS N      1.4279999999999535E+00     2.9272696600044545E+00         373
 NAME(I1)    NAME(I2)    M(I1)[M*]                 M(I2)[M*]                 EB[NB]                    ECC                       P[Days]                   SEMI[AU]                  RI[PC]                    VI[km/s]                  K*(I1)      K*(I2)      
         425         527  0.11465606534331962       0.33302475784545238       -3.8804292714723946E-006  0.68299418581634475        3833325143.8868785        36670.186545161087        13.615564014202306       0.53413310239241640                0           0
         428         451  0.50342484150502542        8.2947249527767969E-002  -2.1064962424211344E-006  0.48249313721341497        9577375108.6514130        73874.623240577261        3.6607488839743829       0.34860231177075485                0           0
         429        1090  0.87362270939974029       0.20011615892944146       -2.6136493534994419E-005  0.57058230149807532        1387260490.6639385        24927.463377216871        3.2886247952431678       0.52750071515512853                0           0
         433         568  0.70744775892037870       0.83283192557172281       -2.4365981997897130E-005  0.82433126908184151        7961064942.1569843        90112.939598583354        2.4426969334003115       0.74210648762435560                0           0
         441         522  0.96223092533240573       0.15216178671496328       -1.3299152794111152E-005  0.65048695324527106        2875355177.1360521        41027.992765347619        6.8137866742599389       0.77291833696477152                0           0
         448         598  0.49694264276027938        8.1161370196568494E-002  -7.1560185623508410E-006  0.64527914514819895        1462320277.9978824        21004.072719742875        3.4553475011721018       0.12375370900252244                0           0
         456         514   2.1016478498606079       0.17931146769711101       -8.8728798047555795E-005  0.97601130023571392        481576827.13707584        15827.880065339637        13.132542303244525       0.15177054582881597                0           0
         496         896  0.19654063769100966       0.15058728593018661       -2.1704647498580805E-006  0.75089760488932922        7101602311.2541914        50816.794434116608        15.125495497826771       0.77060817507038970                0           0
         516         663  0.40078758403675879       0.18595681337462622       -1.4315123950237140E-005  0.84518008408705181        1288669694.7461076        19402.182160057186        17.014161760587388       0.36992077182594796                0           0
         563        1076  0.53682850220895728       0.31078473953524977       -3.6397555083561899E-006  0.69343029563125269        28009471972.138256        170821.43884754245        3.9709357069862001       0.46853840750063602                0           0
         656         958   8.3917520629396281E-002  0.11415570944869273       -3.9115829178006405E-007  0.21657042827769538        22628353131.288033        91267.693785858515        9.0866524631188046       0.45017020061763030                0           0
         689         584  0.28262787196724670       0.11424465493049518       -1.1358478282700172E-006   2.0913160753984444E-002   19991243114.660038        105937.58365455222        4.0324563208649025       0.14405029753407636                0           0
         834         864  0.14943489976779920       0.18613653504488009       -4.4191229172338283E-007  0.94069142486259605        71630520450.684906        234567.00153676773        7.0008126869995264       0.45929834941762909                0           0
