 WIDE PAIRS    T TPHYS N      1.8329999999999089E+00     3.7574826938291825E+00         373
 NAME(I1)    NAME(I2)    M(I1)[M*]                 M(I2)[M*]                 EB[NB]                    ECC                       P[Days]                   SEMI[AU]                  RI[PC]                    VI[km/s]                  K*(I1)      K*(I2)      
         403         404  0.17519688796893346        3.8994197612049461E-002  -1.0596308469090021E-004  0.98376332173012027        2939180.1606567288        240.26533669599496        16.683801291348097       0.40352350051315927                0           0
         425         527  0.11465606534331962       0.33302475784545238       -3.8408345999366850E-006  0.63913572437208110        3892753535.5728221        37048.214797518740        14.130994647254077       0.52390583500776067                0           0
         428         451  0.50342484150502542        8.2947249527767969E-002  -2.0921640506363791E-006  0.48525386393415471        9675956949.7353363        74380.695060322192        2.7520893675799134       0.34939292188205467                0           0
         429        1090  0.87362270939974029       0.20011615892944146       -3.3213669894187595E-005  0.83857872099220598        968397598.40655971        19615.913793267831        4.0912514684561820       0.56979743154747642                0           0
         433         568  0.70744775892037870       0.83283192557172281       -2.3892458229680851E-005  0.83447177795933958        8198903824.8167973        91898.884699483795        3.3485845896034756       0.75021780792470882                0           0
         441         522  0.96223092533240573       0.15216178671496328       -1.3181379082872387E-005  0.64424392603817093        2913977451.0069370        41394.571932995619        5.7796262603321100       0.77002498487092008                0           0
         448         598  0.49694264276027938        8.1161370196568494E-002  -7.1528750213718149E-006  0.62399481842715376        1463284373.2863460        21013.303576303864        4.4237588515896586       0.14560761857991236                0           0
         456         514   2.1016478498606079       0.17931146769711101       -8.8907433795506604E-005  0.94347104428369910        480126156.36799628        15796.078166744172        12.898498937425485       0.17170423487228959                0           0
         496         896  0.19654063769100966       0.15058728593018661       -2.1900263172636418E-006  0.73384915992270372        7006666602.7889061        50362.892971005633        15.050518481537789       0.80557201744648410                0           0
         516         663  0.40078758403675879       0.18595681337462622       -1.4102965444843643E-005  0.81339458085464655        1317858014.1942885        19694.059636787100        16.353372453561306       0.36756197361391346                0           0
         563        1076  0.53682850220895728       0.31078473953524977       -3.3083128399936326E-006  0.73520258516136094        32322383879.760090        187935.15095503163        5.2197888000467350       0.45518518481906312                0           0
         656         958   8.3917520629396281E-002  0.11415570944869273       -3.7333543753443851E-007  0.17592439154290559        24267941271.372875        95624.769595276404        9.8516888862756264       0.44508347930794856                0           0
         689         584  0.28262787196724670       0.11424465493049518       -1.3376078108105299E-006  0.20608805366704092        15643244544.301130        89958.337080345314        5.0166615418508513       0.16346016390567708                0           0
         834         864  0.14943489976779920       0.18613653504488009       -4.5603953849844667E-007  0.94066873625501979        68327964425.069244        227300.55721286620        7.1648934356008080       0.44553905774052810                0           0
