 WIDE PAIRS    T TPHYS N      1.2739999999999705E+00     2.6115837162785085E+00         373
 NAME(I1)    NAME(I2)    M(I1)[M*]                 M(I2)[M*]                 EB[NB]                    ECC                       P[Days]                   SEMI[AU]                  RI[PC]                    VI[km/s]                  K*(I1)      K*(I2)      
         425         527  0.11465606534331962       0.33302475784545238       -3.7925798474054253E-006  0.69787975038057970        3967283319.1992807        37519.596418660418        13.632608480317563       0.54075477164116037                0           0
         428         451  0.50342484150502542        8.2947249527767969E-002  -2.1165628435884158E-006  0.48300069931221562        9509129871.7829056        73523.267564652575        3.7244923975049211       0.34808710792850517                0           0
         429         573  0.87362270939974029       0.18045805036162924       -2.0730608434340467E-005  0.78202858415373844        1697322922.0849950        28340.497073703958        4.3780049075579264       0.51745059005708050                0           0
         433         568  0.70744775892037870       0.83283192557172281       -2.4865237878030984E-005  0.81714055450066281        7722503568.6683969        88303.609835022609        3.1677541638204123       0.73842016251649023                0           0
         441         522  0.96223092533240573       0.15216178671496328       -1.3364793233692011E-005  0.65258510862643071        2854197987.6708741        40826.486057900125        6.2330156761616085       0.77378631071638548                0           0
         448         598  0.49694264276027938        8.1161370196568494E-002  -7.1257512984504036E-006  0.65306337911133616        1471647168.3256557        21093.289391131715        4.4108584686297210       0.11592211109379918                0           0
         496         896  0.19654063769100966       0.15058728593018661       -2.1600708957373145E-006  0.75905183158363188        7152921280.2948904        51061.315273351785        14.357406485396700       0.75758281170498332                0           0
         516         663  0.40078758403675879       0.18595681337462622       -1.4313030059985298E-005  0.84970430924924822        1288952489.3309529        19405.020555555493        15.871096440009151       0.37198115823666839                0           0
         563        1076  0.53682850220895728       0.31078473953524977       -3.6887140563669636E-006  0.68195826820116556        27453691782.278809        168554.20710030213        4.6656940523538246       0.47396281170823590                0           0
         656         958   8.3917520629396281E-002  0.11415570944869273       -3.9709006409386484E-007  0.23336510936900379        22123214407.213551        89904.327567217930        10.023337159526106       0.45263569507978929                0           0
         689         584  0.28262787196724670       0.11424465493049518       -1.0619750435026162E-006   4.8248248520269474E-002   22113045641.557320        113306.78160696343        5.0000461200365569       0.13821523432352556                0           0
         834         864  0.14943489976779920       0.18613653504488009       -4.3895340848434495E-007  0.93976368023231904        72356006728.878067        236148.16335454470        7.4933023040894104       0.46429452184872200                0           0
