 WIDE PAIRS    T TPHYS N      1.9719999999998936E+00     4.0424200066727316E+00         373
 NAME(I1)    NAME(I2)    M(I1)[M*]                 M(I2)[M*]                 EB[NB]                    ECC                       P[Days]                   SEMI[AU]                  RI[PC]                    VI[km/s]                  K*(I1)      K*(I2)      
         403         404  0.17519688796893346        3.8994197612049461E-002  -1.0598240936047579E-004  0.98365165337186178        2938376.3089154977        240.22152708390809        20.817878239335862       0.39304025813065435                0           0
         425         527  0.11465606534331962       0.33302475784545238       -3.8085394476872615E-006  0.62335570188622513        3942372242.7462358        37362.371380085264        14.532888924105116       0.52326241591351841                0           0
         428         451  0.50342484150502542        8.2947249527767969E-002  -2.0965162721412626E-006  0.48641267216394946        9645842674.7618904        74226.285926994038        4.6082498520656898       0.34950372016555264                0           0
         429         573  0.87362270939974029       0.18045805036162924       -4.9238140731580339E-005  0.76468787631578561        463692510.57859796        11932.126984086302        1.5010082649397336       0.52661013360776732                0           0
         433         568  0.70744775892037870       0.83283192557172281       -2.4038093867260443E-005  0.83262460793097293        8124506773.4238720        91342.112072670352        1.3009525110148219       0.75233862163979515                0           0
         441         522  0.96223092533240573       0.15216178671496328       -1.3250349363065186E-005  0.64179327114880202        2891255474.6680870        41179.106276472041        8.4124776758680007       0.76880952469047537                0           0
         448         598  0.49694264276027938        8.1161370196568494E-002  -7.1320709518180357E-006  0.61873340408067279        1469691584.9788692        21074.598848337671        3.0996169257296358       0.15328661302407032                0           0
         456         514   2.1016478498606079       0.17931146769711101       -8.8652841355640300E-005  0.94567713800730835        482195873.56790137        15841.441203272887        16.359068500184584       0.17447229122652644                0           0
         496         896  0.19654063769100966       0.15058728593018661       -2.1947892627092715E-006  0.72962128213568578        6983871071.1227722        50253.599693614211        18.070276265817121       0.81771130548434534                0           0
         516         663  0.40078758403675879       0.18595681337462622       -1.3927284139133589E-005  0.79199270159461554        1342872037.5672841        19942.484101826962        20.488666056769063       0.36813605427516982                0           0
         563        1076  0.53682850220895728       0.31078473953524977       -3.1621479030691433E-006  0.75073475560462322        34589156446.377869        196622.13534895418        4.6770156857717122       0.45084819531488818                0           0
         656         958   8.3917520629396281E-002  0.11415570944869273       -3.6756686869167845E-007  0.16476428397390364        24841465956.216099        97125.498070742251        5.8697261030207386       0.44386631024169576                0           0
         689         584  0.28262787196724670       0.11424465493049518       -1.4090403152702550E-006  0.26965351357514467        14468879500.832748        85397.822207178819        3.2970859978072662       0.17111302260342182                0           0
         834         864  0.14943489976779920       0.18613653504488009       -4.5488925462239035E-007  0.94053125034552321        68587300805.474625        227875.33483912080        5.5928694799656578       0.44067464937049533                0           0
