 WIDE PAIRS    T TPHYS N      1.1019999999999894E+00     2.2589994154936854E+00         373
 NAME(I1)    NAME(I2)    M(I1)[M*]                 M(I2)[M*]                 EB[NB]                    ECC                       P[Days]                   SEMI[AU]                  RI[PC]                    VI[km/s]                  K*(I1)      K*(I2)      
         267         268  0.11152016154947933        1.9237634443879208E-002  -2.0555367975012479E-005  0.97570680321779035        7748276.9581212699        388.95480244805572        2.5330755865201611       0.54256210463299148                0           0
         399         400  0.17014458503807270        6.6018282057290864E-002  -2.6983657003548512E-005  0.99087591029996491        45923580.049380355        1551.3181693100491        9.9081798671868828       0.23246464839211362                0           0
         425         527  0.11465606534331962       0.33302475784545238       -3.6068830805438021E-006  0.71453000996258920        4277570921.8796701        39451.255303441270        13.801508026801082       0.54952965689897604                0           0
         428         451  0.50342484150502542        8.2947249527767969E-002  -2.1270480708530137E-006  0.48523292266643381        9438904087.3359947        73160.836559817777        3.9885292489856039       0.34735684211119899                0           0
         429         573  0.87362270939974029       0.18045805036162924       -3.1724010184898501E-005  0.52666100375880265        896603496.87814927        18519.592707393665        5.4303465385443648       0.50400559405357237                0           0
         433         568  0.70744775892037870       0.83283192557172281       -2.5422356004012407E-005  0.80896319432016683        7470047287.5378275        86368.480706120550        3.9514323066920078       0.73398814861510497                0           0
         441         522  0.96223092533240573       0.15216178671496328       -1.3419233357897574E-005  0.65403693128577611        2836846937.5099130        40660.858192835789        5.7399306052373129       0.77460206739677473                0           0
         448         598  0.49694264276027938        8.1161370196568494E-002  -7.0641035243489872E-006  0.66024079875013852        1490953528.8711984        21277.368564795881        5.3400816835934091       0.10774946021556278                0           0
         456         514   2.1016478498606079       0.17931146769711101       -4.0349205394638759E-005  0.93898366593383586        1570398960.0496490        34805.859498414240        11.394856170899146       0.24900723114348769                0           0
         496         896  0.19654063769100966       0.15058728593018661       -2.1288397688508426E-006  0.76811757380259293        7310902491.8681231        51810.409892696021        13.842729640599682       0.74351253777861703                0           0
         516         663  0.40078758403675879       0.18595681337462622       -1.4276485693241094E-005  0.85256774437313665        1293904767.2597632        19454.692737008161        14.781330558888454       0.37472905998301864                0           0
         540        1106  0.11908345594886549       0.21419108558098290       -4.6537093287328735E-007  0.69115083903404861        58404795972.406967        204255.09769323329        15.085558721937955       0.44560300972457056                0           0
         563        1076  0.53682850220895728       0.31078473953524977       -3.6754233774984950E-006  0.67340713674086705        27602739044.479851        169163.71506942870        5.3692712731935552       0.48012983024144990                0           0
         656         958   8.3917520629396281E-002  0.11415570944869273       -4.0638749728063319E-007  0.25220904659940419        21368362943.164249        87847.474233021174        10.977004794053084       0.45573497261895063                0           0
         689         584  0.28262787196724670       0.11424465493049518       -9.7988356073142630E-007  0.12537818641584411        24949297471.556076        122799.25814489411        5.9325044227677743       0.13302913926023938                0           0
         834         864  0.14943489976779920       0.18613653504488009       -4.3889097749419373E-007  0.93805770221675644        72371445931.367004        236181.75475745936        8.2016431884538648       0.46966871773455410                0           0
