 WIDE PAIRS    T TPHYS N      1.4929999999999464E+00     3.0605137271615095E+00         373
 NAME(I1)    NAME(I2)    M(I1)[M*]                 M(I2)[M*]                 EB[NB]                    ECC                       P[Days]                   SEMI[AU]                  RI[PC]                    VI[km/s]                  K*(I1)      K*(I2)      
         425         527  0.11465606534331962       0.33302475784545238       -3.8923106535452863E-006  0.67657512759167571        3815786554.3418427        36558.249822785030        13.649935384201930       0.53174518161446838                0           0
         428         451  0.50342484150502542        8.2947249527767969E-002  -2.1025116132328297E-006  0.48263849120457980        9604614218.9037895        74014.628640874100        3.5967143678236799       0.34878225867307888                0           0
         429        1090  0.87362270939974029       0.20011615892944146       -3.2433558971094515E-005  0.55709909396835411        1003545553.0381204        20087.727220533663        3.1506055787093232       0.53220358973755444                0           0
         433         568  0.70744775892037870       0.83283192557172281       -2.4172033750564021E-005  0.82716349785774490        8057072234.0266609        90835.975437335306        2.3771979088362438       0.74357488753681089                0           0
         441         522  0.96223092533240573       0.15216178671496328       -1.3268528099756879E-005  0.64946031190210163        2885315701.4266958        41122.688252967760        6.8420065425412933       0.77251424823069115                0           0
         448         598  0.49694264276027938        8.1161370196568494E-002  -7.1626729122747868E-006  0.64179032071185693        1460282938.6107774        20984.559271143869        3.3723989256443794       0.12716451244370713                0           0
         456         514   2.1016478498606079       0.17931146769711101       -8.8487312902013160E-005  0.96731035082164041        483549532.93082541        15871.074934704044        13.284198522520789       0.15763033674077806                0           0
         496         896  0.19654063769100966       0.15058728593018661       -2.1743197942545593E-006  0.74773520737665677        7082724094.3246174        50726.696832490619        15.261449082296814       0.77615975742386667                0           0
         516         663  0.40078758403675879       0.18595681337462622       -1.4305125558242922E-005  0.84243402125753020        1290020980.6015246        19415.743077225630        17.177742557934682       0.36920183842591864                0           0
         563        1076  0.53682850220895728       0.31078473953524977       -3.6038649353934378E-006  0.69918484583728646        28428927781.559036        172522.63448735373        3.9763255516700360       0.46630225950697790                0           0
         656         958   8.3917520629396281E-002  0.11415570944869273       -3.8846464598807483E-007  0.20955178844273689        22864120954.316509        91900.551477928617        8.9603195119436787       0.44921285015368756                0           0
         689         584  0.28262787196724670       0.11424465493049518       -1.1674806640705949E-006   5.0341685810494842E-002   19184279095.240723        103067.20961583343        3.9459389635898900       0.14680778239237893                0           0
         834         864  0.14943489976779920       0.18613653504488009       -4.4428448256967488E-007  0.94086142525258509        71057596169.012085        233314.56595614750        6.9109993355547950       0.45714408192642536                0           0
