 WIDE PAIRS    T TPHYS N      1.8479999999999073E+00     3.7882313247115800E+00         373
 NAME(I1)    NAME(I2)    M(I1)[M*]                 M(I2)[M*]                 EB[NB]                    ECC                       P[Days]                   SEMI[AU]                  RI[PC]                    VI[km/s]                  K*(I1)      K*(I2)      
         403         404  0.17519688796893346        3.8994197612049461E-002  -1.0596382856597642E-004  0.98375157738403562        2939149.2107695108        240.26365001292524        16.664928007190650       0.40258169311477082                0           0
         425         527  0.11465606534331962       0.33302475784545238       -3.8371507266585881E-006  0.63740716410873166        3898360763.3412728        37083.783097597647        14.129088138469909       0.52375970292774598                0           0
         428         451  0.50342484150502542        8.2947249527767969E-002  -2.0923303280744146E-006  0.48539220811285388        9674803550.5716496        74374.784028374721        2.7449317785322251       0.34940828941636981                0           0
         429        1090  0.87362270939974029       0.20011615892944146       -3.4689540233039082E-005  0.83127736231559957        907258791.76551962        18781.352564076948        4.1050529400948443       0.58026298896325668                0           0
         433         568  0.70744775892037870       0.83283192557172281       -2.3923024407964942E-005  0.83429486558444044        8183195374.7943087        91781.466531699858        3.4104900538171203       0.75046560695918474                0           0
         441         522  0.96223092533240573       0.15216178671496328       -1.3186463131443302E-005  0.64396307241754047        2912292384.8873806        41378.612231581996        5.7762356075716585       0.76989983725709232                0           0
         448         598  0.49694264276027938        8.1161370196568494E-002  -7.1510675777082479E-006  0.62335843664425505        1463839179.5063229        21018.614722085509        4.4171042951162152       0.14643490116587196                0           0
         456         514   2.1016478498606079       0.17931146769711101       -8.8933081022605370E-005  0.94373574479355837        479918477.46062887        15791.522768467692        12.833886463509769       0.17204650652896514                0           0
         496         896  0.19654063769100966       0.15058728593018661       -2.1905869631410785E-006  0.73335446319471143        7003976907.6590385        50350.003389904734        15.055100726160983       0.80687995258552414                0           0
         516         663  0.40078758403675879       0.18595681337462622       -1.4086860196797366E-005  0.81136212668676910        1320118684.2582493        19716.575492773285        16.334436846425248       0.36758884674697806                0           0
         563        1076  0.53682850220895728       0.31078473953524977       -3.2926390152810661E-006  0.73690599881317220        32553452851.284462        188829.77153133170        5.2080511756293575       0.45471300700386086                0           0
         656         958   8.3917520629396281E-002  0.11415570944869273       -3.7269427043445783E-007  0.17463853958659134        24330592472.164749        95789.278312129623        9.9072754116932362       0.44493796520681528                0           0
         689         584  0.28262787196724670       0.11424465493049518       -1.3452787399029896E-006  0.21297984974935044        15509636178.536074        89445.384630752102        5.0124872933282925       0.16426669485436821                0           0
         834         864  0.14943489976779920       0.18613653504488009       -4.5574468003857702E-007  0.94070214446570710        68394285561.394066        227447.61650979894        7.2424765565707983       0.44501634675580326                0           0
