 WIDE PAIRS    T TPHYS N      1.4049999999999561E+00     2.8801217593181119E+00         373
 NAME(I1)    NAME(I2)    M(I1)[M*]                 M(I2)[M*]                 EB[NB]                    ECC                       P[Days]                   SEMI[AU]                  RI[PC]                    VI[km/s]                  K*(I1)      K*(I2)      
         425         527  0.11465606534331962       0.33302475784545238       -3.8732077605926882E-006  0.68525003803876217        3844050865.3986869        36738.557303319503        13.632205259157500       0.53503715536990815                0           0
         428         451  0.50342484150502542        8.2947249527767969E-002  -2.1079782093893900E-006  0.48248617913743169        9567277144.6748161        73822.687337754731        3.6440322270005288       0.34853279681422761                0           0
         429        1090  0.87362270939974029       0.20011615892944146       -2.3933230237375100E-005  0.61966244637582146        1583168072.9772491        27222.254536498149        3.3854849548123158       0.52515047209031285                0           0
         433         568  0.70744775892037870       0.83283192557172281       -2.4438838944302810E-005  0.82327414871933757        7925491256.7158260        89844.295346466664        2.4697639773332427       0.74157271634534538                0           0
         441         522  0.96223092533240573       0.15216178671496328       -1.3309609786506426E-005  0.65079923324192290        2871967212.2239752        40995.758205865975        6.7472801882944804       0.77305596416545674                0           0
         448         598  0.49694264276027938        8.1161370196568494E-002  -7.1528889909258399E-006  0.64652282500869807        1463280086.6085815        21013.262537434126        3.5458161196321343       0.12256015747626792                0           0
         456         514   2.1016478498606079       0.17931146769711101       -8.8595909620037687E-005  0.97849828913131665        482660736.86405337        15851.620914119774        13.072698762659620       0.14907833421562441                0           0
         496         896  0.19654063769100966       0.15058728593018661       -2.1690330287344189E-006  0.75205932863661651        7108634840.1840038        50850.337251152712        15.057992035500380       0.76865089814592968                0           0
         516         663  0.40078758403675879       0.18595681337462622       -1.4316834460920579E-005  0.84603156765130294        1288438754.9969394        19399.864075011406        16.908062126023420       0.37019726222996091                0           0
         563        1076  0.53682850220895728       0.31078473953524977       -3.6503672349332136E-006  0.69151736584242429        27887424221.478931        170324.85582290957        4.0324066936082783       0.46933797363054475                0           0
         656         958   8.3917520629396281E-002  0.11415570944869273       -3.9209316710546753E-007  0.21907371892431740        22547471560.764999        91050.082457518467        9.1520934309487831       0.45052097064550672                0           0
         689         584  0.28262787196724670       0.11424465493049518       -1.1247628579701905E-006   1.0597172729501558E-002   20287502146.233299        106981.63926158512        4.1231144165277742       0.14311448255049927                0           0
         834         864  0.14943489976779920       0.18613653504488009       -4.4127768494953469E-007  0.94059303811435380        71785095067.542465        234904.33517763266        7.0129313252724206       0.46005433367330428                0           0
