 WIDE PAIRS    T TPHYS N      1.8219999999999101E+00     3.7349336978487582E+00         373
 NAME(I1)    NAME(I2)    M(I1)[M*]                 M(I2)[M*]                 EB[NB]                    ECC                       P[Days]                   SEMI[AU]                  RI[PC]                    VI[km/s]                  K*(I1)      K*(I2)      
         403         404  0.17519688796893346        3.8994197612049461E-002  -1.0596025534281678E-004  0.98375797699683509        2939297.8843151014        240.27175225499582        16.658225990541595       0.40419124117056787                0           0
         425         527  0.11465606534331962       0.33302475784545238       -3.8435467517302597E-006  0.64039957139625148        3888633951.5812345        37022.072177511167        14.131351963895442       0.52402418363688952                0           0
         428         451  0.50342484150502542        8.2947249527767969E-002  -2.0920554514606827E-006  0.48515957418056194        9676710381.9052219        74384.556182724875        2.7634706883211773       0.34938109218929203                0           0
         429        1090  0.87362270939974029       0.20011615892944146       -3.5729927756540120E-005  0.82723573717230803        867922194.01554239        18234.475307137538        4.1098754465561464       0.56458619576664626                0           0
         433         568  0.70744775892037870       0.83283192557172281       -2.3870128927593489E-005  0.83458245633404660        8210411006.5784073        91984.851472607261        3.3558660161013734       0.75003337967881234                0           0
         441         522  0.96223092533240573       0.15216178671496328       -1.3179242987906552E-005  0.64442350471042809        2914685926.9923563        41401.281175461227        5.7746219652757773       0.77011587626682287                0           0
         448         598  0.49694264276027938        8.1161370196568494E-002  -7.1541518750057336E-006  0.62447899443420352        1462892646.2236049        21009.553178842249        4.4347843914141780       0.14500134735051079                0           0
         456         514   2.1016478498606079       0.17931146769711101       -8.8899393453265157E-005  0.94336123254132287        480191294.03234696        15797.506814000353        12.874824826257603       0.17144534059430327                0           0
         496         896  0.19654063769100966       0.15058728593018661       -2.1896099610426441E-006  0.73421912477852558        7008665183.3281507        50372.469518504498        15.033506360578292       0.80461325747412760                0           0
         516         663  0.40078758403675879       0.18595681337462622       -1.4114351880005689E-005  0.81484089180994845        1316263607.5038426        19678.171898190372        16.328212240329503       0.36754801491615385                0           0
         563        1076  0.53682850220895728       0.31078473953524977       -3.3197509455774721E-006  0.73395264575103392        32155479098.826771        187287.62584402828        5.2164096173892949       0.45553219004522438                0           0
         656         958   8.3917520629396281E-002  0.11415570944869273       -3.7381019517266343E-007  0.17688048429195444        24221723705.595749        95503.321356691333        9.8689154130022327       0.44519227758790425                0           0
         689         584  0.28262787196724670       0.11424465493049518       -1.3319867293656041E-006  0.20103040037009914        15742372397.128218        90337.967844098908        5.0278267245419013       0.16287204587860760                0           0
         834         864  0.14943489976779920       0.18613653504488009       -4.5636860834737942E-007  0.94062533655630487        68254074748.529404        227136.65952433934        7.1795757956930224       0.44592188465527183                0           0
