 WIDE PAIRS    T TPHYS N      1.2409999999999741E+00     2.5439367283372341E+00         373
 NAME(I1)    NAME(I2)    M(I1)[M*]                 M(I2)[M*]                 EB[NB]                    ECC                       P[Days]                   SEMI[AU]                  RI[PC]                    VI[km/s]                  K*(I1)      K*(I2)      
         425         527  0.11465606534331962       0.33302475784545238       -3.7612195238742848E-006  0.70115087633812045        4017004267.1725602        37832.427582855540        13.601652440285095       0.54233407128317590                0           0
         428         451  0.50342484150502542        8.2947249527767969E-002  -2.1185816969000318E-006  0.48331481205513988        9495540853.1214447        73453.205271364146        3.8649126872690451       0.34796047482444403                0           0
         429         573  0.87362270939974029       0.18045805036162924       -2.1268155843167219E-005  0.58165821502990844        1633382124.2321801        27624.197979453813        4.6941854777000076       0.51706375530281057                0           0
         433         568  0.70744775892037870       0.83283192557172281       -2.4973897516825488E-005  0.81556706463253437        7672158340.6811161        87919.407155306311        3.4959178951579992       0.73759436319172078                0           0
         441         522  0.96223092533240573       0.15216178671496328       -1.3377028704466978E-005  0.65293179824040326        2850282940.0863533        40789.143589102161        6.1617572612744436       0.77395501410658207                0           0
         448         598  0.49694264276027938        8.1161370196568494E-002  -7.1162415155010603E-006  0.65456940219954785        1474598105.2023671        21121.477389439588        4.6519643542067932       0.11429977730354256                0           0
         496         896  0.19654063769100966       0.15058728593018661       -2.1575759671326755E-006  0.76090959577033324        7165331864.8696184        51120.360395287993        14.168861204448490       0.75481809053250859                0           0
         516         663  0.40078758403675879       0.18595681337462622       -1.4308503092650632E-005  0.85039620585075593        1289564241.7218597        19411.159974446116        15.557994780018499       0.37247661704858759                0           0
         540        1106  0.11908345594886549       0.21419108558098290       -3.8932682456080593E-007  0.74171882523244070        76326597074.051147        244150.61937962772        15.881389612079319       0.44042707623479732                0           0
         563        1076  0.53682850220895728       0.31078473953524977       -3.6920735006615118E-006  0.67994310250035539        27416229839.133045        168400.83841214795        4.8209477671104972       0.47514318792804028                0           0
         656         958   8.3917520629396281E-002  0.11415570944869273       -3.9824586762309025E-007  0.23694692801278755        22026974132.897335        89643.403983214361        10.381736989160963       0.45319929717097501                0           0
         689         584  0.28262787196724670       0.11424465493049518       -1.0461629810143063E-006   6.3065643867601329E-002   22616271357.001774        115019.33877409004        5.2466478647268788       0.13710477222444559                0           0
         834         864  0.14943489976779920       0.18613653504488009       -4.3871617695816637E-007  0.93948499672095753        72414703377.415207        236275.85818810496        7.8155442341300008       0.46534414092823989                0           0
