 WIDE PAIRS    T TPHYS N      1.2839999999999694E+00     2.6320828035334398E+00         373
 NAME(I1)    NAME(I2)    M(I1)[M*]                 M(I2)[M*]                 EB[NB]                    ECC                       P[Days]                   SEMI[AU]                  RI[PC]                    VI[km/s]                  K*(I1)      K*(I2)      
         425         527  0.11465606534331962       0.33302475784545238       -3.8011711547054276E-006  0.69689797905580253        3953840797.4861288        37434.795611360343        13.636378857517080       0.54028669321570233                0           0
         428         451  0.50342484150502542        8.2947249527767969E-002  -2.1159609282982211E-006  0.48291411856050737        9513187671.9176846        73544.182307614232        3.7062457004719898       0.34812456323522395                0           0
         429         573  0.87362270939974029       0.18045805036162924       -2.1017535268914616E-005  0.84045554041975890        1662684591.1225600        27953.598752298847        4.3392974322530424       0.51710809768806687                0           0
         433         568  0.70744775892037870       0.83283192557172281       -2.4831491898480746E-005  0.81763326943402437        7738251231.0622358        88423.614376992438        3.1359949352752943       0.73866802190770287                0           0
         441         522  0.96223092533240573       0.15216178671496328       -1.3360962736569579E-005  0.65248562159796009        2855425494.3589115        40838.190733711832        6.2425186579570333       0.77373375233965080                0           0
         448         598  0.49694264276027938        8.1161370196568494E-002  -7.1284117504067891E-006  0.65258431059869559        1470823377.2641432        21085.416994728119        4.3827317668384742       0.11641817007483028                0           0
         456         681   2.1016478498606079       0.63111424875763378       -2.1518007007843504E-005  0.98937638706673092        24325800951.355942        229712.81541859015        12.351119779417788       0.19197177876626045                0           0
         496         896  0.19654063769100966       0.15058728593018661       -2.1608079006065192E-006  0.75849695227426950        7149262032.1035385        51043.899362398348        14.382745882543905       0.75842256185999901                0           0
         516         663  0.40078758403675879       0.18595681337462622       -1.4314204839087509E-005  0.84947557793219797        1288793814.4276483        19403.427968829030        15.912472762951657       0.37183438563423044                0           0
         563        1076  0.53682850220895728       0.31078473953524977       -3.6871751545808506E-006  0.68260212349428706        27470880934.482338        168624.55590649898        4.6524618375601765       0.47360601788436341                0           0
         656         958   8.3917520629396281E-002  0.11415570944869273       -3.9673205301081356E-007  0.23227764166895434        22153167151.595146        89985.457250184234        9.9826831119060575       0.45246735273844024                0           0
         689         584  0.28262787196724670       0.11424465493049518       -1.0667525204172838E-006   4.3771351351351580E-002   21964661374.811359        112799.33445025008        4.9713376333739978       0.13856210261252092                0           0
         834         864  0.14943489976779920       0.18613653504488009       -4.3904888240324419E-007  0.93984322478589222        72332406614.305771        236096.81146299015        7.4564884473200683       0.46397491087436810                0           0
