 WIDE PAIRS    T TPHYS N      1.1219999999999872E+00     2.2999975900035485E+00         373
 NAME(I1)    NAME(I2)    M(I1)[M*]                 M(I2)[M*]                 EB[NB]                    ECC                       P[Days]                   SEMI[AU]                  RI[PC]                    VI[km/s]                  K*(I1)      K*(I2)      
         267         268  0.11152016154947933        1.9237634443879208E-002  -2.0555599237238330E-005  0.97570715703369326        7748146.1996805714        388.95042648448822        2.6098732563935818       0.54267111297730353                0           0
         425         527  0.11465606534331962       0.33302475784545238       -3.6270566440986995E-006  0.71287753935828391        4241933039.0196853        39231.828786494159        13.773698422416757       0.54844265391580516                0           0
         428         451  0.50342484150502542        8.2947249527767969E-002  -2.1258276039416939E-006  0.48490185482150810        9447033761.1866913        73202.839203898679        3.9325961925736657       0.34745053781848151                0           0
         429         573  0.87362270939974029       0.18045805036162924       -3.0403855690900749E-005  0.48076675391559931        955629516.89252067        19323.725044694253        5.3229201736461347       0.50612464313337657                0           0
         433         568  0.70744775892037870       0.83283192557172281       -2.5361284909134252E-005  0.80986105788780094        7497045830.6704359        86576.459824630656        3.8269250280879259       0.73451375307899769                0           0
         441         522  0.96223092533240573       0.15216178671496328       -1.3413191874149234E-005  0.65393701690709205        2838763784.8832173        40679.172395470807        5.7517300139858101       0.77451159506410916                0           0
         448         598  0.49694264276027938        8.1161370196568494E-002  -7.0720657453635230E-006  0.65953269451397067        1488436309.7298307        21253.413030837262        5.2696372112850582       0.10866755242265172                0           0
         456         514   2.1016478498606079       0.17931146769711101       -4.1299299145801567E-005  0.93434661588054979        1516521096.4544637        34005.147856878895        11.586004027102534       0.25346340062745937                0           0
         496         896  0.19654063769100966       0.15058728593018661       -2.1274253554077328E-006  0.76665214209837529        7318194656.5163794        51844.855914531290        13.840959112832609       0.74523207311171769                0           0
         516         663  0.40078758403675879       0.18595681337462622       -1.4282042976137450E-005  0.85232190937097352        1293149634.1898808        19447.122725394143        14.885202271320706       0.37439019703982862                0           0
         540        1106  0.11908345594886549       0.21419108558098290       -4.6096377687225225E-007  0.69388224866898951        59244384616.884476        206207.92809923331        15.193218636709908       0.44492138653291058                0           0
         563        1076  0.53682850220895728       0.31078473953524977       -3.6790272024624042E-006  0.67420675971845945        27562191202.590466        168998.00919507508        5.3425756190962321       0.47939812293119405                0           0
         656         958   8.3917520629396281E-002  0.11415570944869273       -4.0656983646761942E-007  0.25023112888135879        21353989571.026058        87808.076236431923        10.827927890429814       0.45532540938899646                0           0
         689         584  0.28262787196724670       0.11424465493049518       -9.8900735557699067E-007  0.11665144459259194        24604851388.549023        121666.40990854516        5.8604772482625807       0.13356108362388133                0           0
         834         864  0.14943489976779920       0.18613653504488009       -4.3875667908701778E-007  0.93828650367518129        72404676583.181519        236254.04729448454        8.0259472484451848       0.46902250798159750                0           0
