 WIDE PAIRS    T TPHYS N      1.7469999999999184E+00     3.5811905434367715E+00         373
 NAME(I1)    NAME(I2)    M(I1)[M*]                 M(I2)[M*]                 EB[NB]                    ECC                       P[Days]                   SEMI[AU]                  RI[PC]                    VI[km/s]                  K*(I1)      K*(I2)      
         403         404  0.17519688796893346        3.8994197612049461E-002  -1.0594848869982661E-004  0.98380725860789831        2939787.5557043473        240.29843684449872        13.638430240818852       0.40831329594524407                0           0
         425         527  0.11465606534331962       0.33302475784545238       -3.8618794279988630E-006  0.64907889347145487        3860977315.3031135        36846.325192998273        15.051411221347633       0.52508274295300228                0           0
         428         451  0.50342484150502542        8.2947249527767969E-002  -2.0924491539536151E-006  0.48444405039837707        9673979444.0112324        74370.560437523862        3.9541871886008115       0.34928763147401326                0           0
         429        1090  0.87362270939974029       0.20011615892944146       -4.2954866716974065E-005  0.78830045789531855        658431253.90914774        15167.466114962601        7.0692961184014527       0.54943541312778887                0           0
         433         568  0.70744775892037870       0.83283192557172281       -2.3767801340079977E-005  0.83463197232968722        8263490496.4122925        92380.874133866557        6.0330065713604091       0.74871708736554654                0           0
         441         522  0.96223092533240573       0.15216178671496328       -1.3172432374285012E-005  0.64567465374529232        2916946712.7891426        41422.687102742602        4.4670847978028565       0.77071620981045152                0           0
         448         598  0.49694264276027938        8.1161370196568494E-002  -7.1614109202681337E-006  0.62804980623353179        1460668954.7049680        20988.257194131136        7.2130026579522468       0.14087886377233719                0           0
         456         514   2.1016478498606079       0.17931146769711101       -8.8486270151280679E-005  0.94541350245663247        483558080.41137129        15871.261964567379        11.194331873491299       0.16946981986657936                0           0
         496         896  0.19654063769100966       0.15058728593018661       -2.1866572874786498E-006  0.73690502175495520        7022865820.6910410        50440.488160452682        13.574232972603424       0.79808611435854881                0           0
         516         663  0.40078758403675879       0.18595681337462622       -1.4182594988102623E-005  0.82372353688885924        1306774746.9036388        19583.485445314524        13.312175669917531       0.36757809622905319                0           0
         563        1076  0.53682850220895728       0.31078473953524977       -3.3955063206173968E-006  0.72549349950942699        31085397469.267609        183109.14905840074        7.6458223519335036       0.45791612377498059                0           0
         656         958   8.3917520629396281E-002  0.11415570944869273       -3.7717209515599299E-007  0.18370102824335277        23898598192.624989        94652.058448855634        12.621781466290715       0.44598023847039442                0           0
         689         584  0.28262787196724670       0.11424465493049518       -1.2937269673380567E-006  0.16646422702035713        16445840813.201443        93009.558712208498        7.8194764118355851       0.15894305462878458                0           0
         834         864  0.14943489976779920       0.18613653504488009       -4.5750873654865711E-007  0.94038255681369343        67999096359.443001        226570.62681199971        8.9411155772485120       0.44851941050177913                0           0
