 WIDE PAIRS    T TPHYS N      1.9159999999998998E+00     3.9276251180451145E+00         373
 NAME(I1)    NAME(I2)    M(I1)[M*]                 M(I2)[M*]                 EB[NB]                    ECC                       P[Days]                   SEMI[AU]                  RI[PC]                    VI[km/s]                  K*(I1)      K*(I2)      
         403         404  0.17519688796893346        3.8994197612049461E-002  -1.0597408148230445E-004  0.98370176394784947        2938722.6802213946        240.24040467721872        20.787385604035496       0.39778191206307206                0           0
         425         527  0.11465606534331962       0.33302475784545238       -3.8208600918379793E-006  0.62962075615151125        3923318919.6102295        37241.893667911412        14.532558678884955       0.52333191526762890                0           0
         428         451  0.50342484150502542        8.2947249527767969E-002  -2.0940235356508759E-006  0.48597392224946812        9663071491.3498192        74314.645283193240        4.6685836570877797       0.34946720783020813                0           0
         429         573  0.87362270939974029       0.18045805036162924       -4.6706977682744343E-005  0.79690331173580653        501891569.28848177        12578.757539402584        1.5304858098698011       0.52612931179082423                0           0
         433         568  0.70744775892037870       0.83283192557172281       -2.4029986167430594E-005  0.83332677969035218        8128618924.2356844        91372.930834751591        1.3154251840338993       0.75153268436918019                0           0
         441         522  0.96223092533240573       0.15216178671496328       -1.3221573011744649E-005  0.64261368351417480        2900699703.1192050        41268.731348180590        8.4610160055526400       0.76931457065121645                0           0
         448         598  0.49694264276027938        8.1161370196568494E-002  -7.1414279855670895E-006  0.62064272167386847        1466804043.1193166        21046.985920913325        3.1090105602199620       0.15019000575332914                0           0
         456         514   2.1016478498606079       0.17931146769711101       -8.8804033663557780E-005  0.94502666915243982        480964962.12321627        15814.470535866765        16.372185480506143       0.17345855262229484                0           0
         496         896  0.19654063769100966       0.15058728593018661       -2.1929560534841807E-006  0.73121033205916786        6992630187.9353952        50295.609364718192        18.007708383820624       0.81281596351999863                0           0
         516         663  0.40078758403675879       0.18595681337462622       -1.4005039072027876E-005  0.80125308645355464        1331704285.9875975        19831.764916745931        20.459059809083325       0.36782047568090187                0           0
         563        1076  0.53682850220895728       0.31078473953524977       -3.2209668396527581E-006  0.74457299363839791        33646032419.855244        193031.56596846596        4.6367240407849915       0.45258569117152669                0           0
         656         958   8.3917520629396281E-002  0.11415570944869273       -3.6980395417146561E-007  0.16904167248340207        24616393918.312660        96537.948805786553        5.8343835618353950       0.44432119253052926                0           0
         689         584  0.28262787196724670       0.11424465493049518       -1.3802236547490748E-006  0.24415407337123701        14924363881.554045        87180.779659998138        3.2982029580008638       0.16798137414714023                0           0
         834         864  0.14943489976779920       0.18613653504488009       -4.5526668602288871E-007  0.94065984889568988        68502026715.297165        227686.41851950448        5.5291451200215764       0.44264065370825950                0           0
