 WIDE PAIRS    T TPHYS N      1.2219999999999762E+00     2.5049884625528640E+00         373
 NAME(I1)    NAME(I2)    M(I1)[M*]                 M(I2)[M*]                 EB[NB]                    ECC                       P[Days]                   SEMI[AU]                  RI[PC]                    VI[km/s]                  K*(I1)      K*(I2)      
         425         527  0.11465606534331962       0.33302475784545238       -3.7413018423296540E-006  0.70305684312686401        4049125093.5453281        38033.837219503941        13.597263550343779       0.54326732555487312                0           0
         428         451  0.50342484150502542        8.2947249527767969E-002  -2.1199192333156778E-006  0.48347895241070343        9486555632.4057102        73406.860894016005        3.8785369872529767       0.34788425989435534                0           0
         429         573  0.87362270939974029       0.18045805036162924       -2.2401031664498193E-005  0.48454493410110894        1511055859.8624513        26227.173661855970        4.6766662203444751       0.51594747418975473                0           0
         433         568  0.70744775892037870       0.83283192557172281       -2.5035945108099810E-005  0.81466787459247592        7643654690.7713213        87701.512946931165        3.4605877366208615       0.73711357272824096                0           0
         441         522  0.96223092533240573       0.15216178671496328       -1.3383776944241401E-005  0.65314500240104556        2848127498.3113198        40768.577277942066        6.1797101787641280       0.77405078343677791                0           0
         448         598  0.49694264276027938        8.1161370196568494E-002  -7.1101476564957438E-006  0.65540992570696510        1476494251.0695827        21139.579869361736        4.6295045602650289       0.11337594772406362                0           0
         496         896  0.19654063769100966       0.15058728593018661       -2.1560913232449488E-006  0.76199554977131301        7172734007.6552887        51155.560912901055        14.178421044854080       0.75323097941702266                0           0
         516         663  0.40078758403675879       0.18595681337462622       -1.4305341490685975E-005  0.85075854912898219        1289991772.3161852        19415.450005659382        15.570124262880819       0.37276936150872680                0           0
         540        1106  0.11908345594886549       0.21419108558098290       -4.0057451822187882E-007  0.73426398898294698        73134519629.949356        237295.13744300045        15.890922808372840       0.44114091341511652                0           0
         563        1076  0.53682850220895728       0.31078473953524977       -3.6928380814895723E-006  0.67885783709026615        27407715721.453899        168365.97198972758        4.7860132556979567       0.47582509658216282                0           0
         656         958   8.3917520629396281E-002  0.11415570944869273       -3.9888793857214178E-007  0.23899983861447263        21973811881.005310        89499.109258039796        10.360703940686026       0.45352930103854877                0           0
         689         584  0.28262787196724670       0.11424465493049518       -1.0370793905620915E-006   7.1582511028550858E-002   22914058787.951073        116026.77231969558        5.2236257368426253       0.13648899828200256                0           0
         834         864  0.14943489976779920       0.18613653504488009       -4.3862618585183428E-007  0.93931393168489641        72436990054.728622        236324.33392111806        7.8111637105444709       0.46594498612176283                0           0
