 WIDE PAIRS    T TPHYS N      1.5559999999999394E+00     3.1896579768675783E+00         373
 NAME(I1)    NAME(I2)    M(I1)[M*]                 M(I2)[M*]                 EB[NB]                    ECC                       P[Days]                   SEMI[AU]                  RI[PC]                    VI[km/s]                  K*(I1)      K*(I2)      
         265         266   8.4095384718170976E-002   3.6296916915751078E-002  -2.5179012344312280E-005  0.98206287186804553        10108219.929522337        451.77536386814768        2.8509603796927103       0.51456103570831890                0           0
         425         527  0.11465606534331962       0.33302475784545238       -3.8933874390000327E-006  0.67009042735646651        3814203678.4700694        36548.138989410007        13.753119565266028       0.52968208873808165                0           0
         428         451  0.50342484150502542        8.2947249527767969E-002  -2.0990460561686463E-006  0.48293476543826280        9628410080.9070969        74136.827922012075        3.4671521410746227       0.34893629337932519                0           0
         429        1090  0.87362270939974029       0.20011615892944146       -3.7315393326458647E-005  0.63170864952054306        813199242.88290918        17459.724454799682        3.0373434418578249       0.53579449506780152                0           0
         433         568  0.70744775892037870       0.83283192557172281       -2.4005347131623462E-005  0.82967405418166207        8141136930.0114899        91466.715811169386        2.2542354349628209       0.74494136373482689                0           0
         441         522  0.96223092533240573       0.15216178671496328       -1.3239305860977636E-005  0.64851543147368484        2894873818.8347273        41213.455626120951        6.8022979728354871       0.77210106135018608                0           0
         448         598  0.49694264276027938        8.1161370196568494E-002  -7.1660797996509414E-006  0.63828074813668789        1459241693.9629602        20974.582822084718        3.3563771530836664       0.13051605833975402                0           0
         456         514   2.1016478498606079       0.17931146769711101       -8.8135196757381921E-005  0.95912794671279478        486450227.84589189        15934.482766339632        13.474475801240278       0.16173465461969597                0           0
         496         896  0.19654063769100966       0.15058728593018661       -2.1777234196439799E-006  0.74479204758810202        7066125899.9483948        50647.414646468700        15.420138112870260       0.78156665280383519                0           0
         516         663  0.40078758403675879       0.18595681337462622       -1.4288013779754752E-005  0.83910090810339677        1292339129.3921623        19438.995986961163        17.320812895630219       0.36860964073302088                0           0
         563        1076  0.53682850220895728       0.31078473953524977       -3.5613433793355538E-006  0.70520896950602374        28939596069.269081        174582.51192466405        4.0635873850975974       0.46417166976630525                0           0
         656         958   8.3917520629396281E-002  0.11415570944869273       -3.8568706909530965E-007  0.20282693614911468        23111553629.160027        92562.385562271200        8.8084832058592788       0.44833395551545702                0           0
         689         584  0.28262787196724670       0.11424465493049518       -1.1982752670072222E-006   7.8900428162449521E-002   18449522719.208168        100418.47448518788        3.9214796554123996       0.14962418417668355                0           0
         834         864  0.14943489976779920       0.18613653504488009       -4.4735275296413263E-007  0.94087548725537884        70327804141.012848        231714.32504877480        6.7544594318112248       0.45503523126025974                0           0
