 WIDE PAIRS    T TPHYS N      1.0909999999999906E+00     2.2364504195132606E+00         373
 NAME(I1)    NAME(I2)    M(I1)[M*]                 M(I2)[M*]                 EB[NB]                    ECC                       P[Days]                   SEMI[AU]                  RI[PC]                    VI[km/s]                  K*(I1)      K*(I2)      
         267         268  0.11152016154947933        1.9237634443879208E-002  -2.0555115041760744E-005  0.97570768094963378        7748419.9738313193        388.95958858536318        2.5219879298633012       0.54250296617231186                0           0
         399         400  0.17014458503807270        6.6018282057290864E-002  -2.6983660671937825E-005  0.99098351056659617        45923570.684515074        1551.3179584106065        9.9174509321633462       0.23271766262961086                0           0
         425         527  0.11465606534331962       0.33302475784545238       -3.5973898422372817E-006  0.71531182339295618        4294514364.4177876        39555.364166953834        13.798450007841641       0.55013433464197847                0           0
         428         451  0.50342484150502542        8.2947249527767969E-002  -2.1276412989956540E-006  0.48543972578057532        9434956735.0138397        73140.437883026287        3.9908811034273168       0.34730429581385691                0           0
         429         573  0.87362270939974029       0.18045805036162924       -3.2385249109866648E-005  0.55099119061488544        869284000.30788958        18141.461431295065        5.4175828659805321       0.50284680046240271                0           0
         433         568  0.70744775892037870       0.83283192557172281       -2.5456506128110785E-005  0.80845233158911756        7455020629.9675646        86252.616639014916        3.9266561584241968       0.73369724202410957                0           0
         441         522  0.96223092533240573       0.15216178671496328       -1.3422412971859283E-005  0.65407302780384835        2835838973.0023861        40651.226107109025        5.7486308156854822       0.77465082968367571                0           0
         448         598  0.49694264276027938        8.1161370196568494E-002  -7.0600405785927602E-006  0.66060742981106702        1492240745.5702536        21289.613366132598        5.3252960458141771       0.10724942902476137                0           0
         456         514   2.1016478498606079       0.17931146769711101       -4.0042332454377911E-005  0.94113851717697794        1588486133.7226138        35072.601613268656        11.397913544241087       0.24693478964921609                0           0
         496         896  0.19654063769100966       0.15058728593018661       -2.1296095112922020E-006  0.76892521670805836        7306939086.8217831        51791.683139651788        13.850417607116553       0.74256879283793820                0           0
         516         663  0.40078758403675879       0.18595681337462622       -1.4272808707158446E-005  0.85270780255442580        1294404806.4944119        19459.704689168651        14.791259104006395       0.37491732336121353                0           0
         540        1106  0.11908345594886549       0.21419108558098290       -4.7601035440412948E-007  0.68387947381170722        56457649341.097221        199689.74304479922        15.093904424861853       0.44606624501515318                0           0
         563        1076  0.53682850220895728       0.31078473953524977       -3.6710053080951170E-006  0.67306149224525325        27652584042.498055        169367.30426938488        5.3484016082460588       0.48051960824976320                0           0
         656         958   8.3917520629396281E-002  0.11415570944869273       -4.0628093613378352E-007  0.25329931143948475        21376770376.396896        87870.515254072277        10.960319071075595       0.45596272826953099                0           0
         689         584  0.28262787196724670       0.11424465493049518       -9.7483349632817268E-007  0.13020565416008073        25143420770.995304        123435.41207747778        5.9172654351401253       0.13274605844638523                0           0
         834         864  0.14943489976779920       0.18613653504488009       -4.3898144435815637E-007  0.93792845503556499        72349075234.924484        236133.08157786896        8.1939292903322283       0.46997628490844184                0           0
