 WIDE PAIRS    T TPHYS N      1.6809999999999257E+00     3.4458965675542230E+00         373
 NAME(I1)    NAME(I2)    M(I1)[M*]                 M(I2)[M*]                 EB[NB]                    ECC                       P[Days]                   SEMI[AU]                  RI[PC]                    VI[km/s]                  K*(I1)      K*(I2)      
         403         404  0.17519688796893346        3.8994197612049461E-002  -1.0593941848577476E-004  0.98385436829448536        2940165.1074245255        240.31901047317874        13.224758764484873       0.41147298936399551                0           0
         425         527  0.11465606534331962       0.33302475784545238       -3.8764508037740674E-006  0.65655083377309154        3839227968.4269857        36707.821784210049        15.169906292767481       0.52637394625940725                0           0
         428         451  0.50342484150502542        8.2947249527767969E-002  -2.0938940672711968E-006  0.48385720069671095        9663967726.9092922        74319.240260972510        4.2485524734863027       0.34918513419814579                0           0
         429        1090  0.87362270939974029       0.20011615892944146       -4.2762485652642953E-005  0.75406869192814208        662879500.88802004        15235.701934977948        7.4553831355031237       0.54354078853183851                0           0
         433         568  0.70744775892037870       0.83283192557172281       -2.3786469236720151E-005  0.83354886461339894        8253764480.6889925        92308.372553548048        6.3285258775667179       0.74747820359598116                0           0
         441         522  0.96223092533240573       0.15216178671496328       -1.3189055135772779E-005  0.64661984062206301        2911433911.3082218        41370.480220535879        4.4077454339961948       0.77121762927072646                0           0
         448         598  0.49694264276027938        8.1161370196568494E-002  -7.1653500314294209E-006  0.63143780258602389        1459464628.3607962        20976.719016958112        7.5695811305343126       0.13727076650563622                0           0
         456         514   2.1016478498606079       0.17931146769711101       -8.8127472133285814E-005  0.94840282644063301        486514187.37068278        15935.879469167436        10.984226485915102       0.16734143978239663                0           0
         496         896  0.19654063769100966       0.15058728593018661       -2.1837887818959563E-006  0.73945204982748181        7036707642.7010441        50506.744028731497        13.398321038158825       0.79235907572577513                0           0
         516         663  0.40078758403675879       0.18595681337462622       -1.4229135662349302E-005  0.83006950943907054        1300368691.6379960        19519.431757279443        12.901419166507623       0.36779170941402073                0           0
         563        1076  0.53682850220895728       0.31078473953524977       -3.4581547581902510E-006  0.71820813420913476        30244513460.887295        179791.91692278426        7.9335095444454291       0.46004512531715047                0           0
         656         958   8.3917520629396281E-002  0.11415570944869273       -3.8009587906328167E-007  0.19004123980400894        23623378982.602608        93923.973298428522        12.951532362321355       0.44673890352779261                0           0
         689         584  0.28262787196724670       0.11424465493049518       -1.2604775711182523E-006  0.13613199621151945        17100836127.190390        95463.003137330481        8.1752489779705950       0.15560102978614268                0           0
         834         864  0.14943489976779920       0.18613653504488009       -4.5486810982556068E-007  0.94052536686946853        68592083339.235252        227885.92775067818        9.2017381200591437       0.45078992702896375                0           0
