 WIDE PAIRS    T TPHYS N      1.9139999999999000E+00     3.9235253005941284E+00         373
 NAME(I1)    NAME(I2)    M(I1)[M*]                 M(I2)[M*]                 EB[NB]                    ECC                       P[Days]                   SEMI[AU]                  RI[PC]                    VI[km/s]                  K*(I1)      K*(I2)      
         403         404  0.17519688796893346        3.8994197612049461E-002  -1.0597631663830302E-004  0.98369441699258930        2938629.7094162060        240.23533774529798        20.786405902302569       0.39793707881255663                0           0
         425         527  0.11465606534331962       0.33302475784545238       -3.8213212722862898E-006  0.62984469929196729        3922608705.8161945        37237.399088159051        14.531892213125476       0.52333903385316138                0           0
         428         451  0.50342484150502542        8.2947249527767969E-002  -2.0939443074664935E-006  0.48595983562798795        9663619926.3169460        74317.457112714124        4.6709442748204895       0.34946572632359740                0           0
         429         573  0.87362270939974029       0.18045805036162924       -4.6458000168547916E-005  0.79813368671881413        505931572.72755677        12646.169562573574        1.5301983016936545       0.52628699178755201                0           0
         433         568  0.70744775892037870       0.83283192557172281       -2.4032464861723713E-005  0.83332510781302482        8127361385.1990385        91363.506684398788        1.3166072602170413       0.75150265466609412                0           0
         441         522  0.96223092533240573       0.15216178671496328       -1.3215094466776488E-005  0.64280009620771472        2902833015.5033131        41288.962859388499        8.4632147702612937       0.76933221522350614                0           0
         448         598  0.49694264276027938        8.1161370196568494E-002  -7.1417349841446017E-006  0.62071534703750841        1466709464.8586261        21046.081183513663        3.1079793063814152       0.15007944751137473                0           0
         456         514   2.1016478498606079       0.17931146769711101       -8.8806895540160478E-005  0.94499969515791471        480941713.06230766        15813.960901305896        16.371930286596442       0.17342000733730067                0           0
         496         896  0.19654063769100966       0.15058728593018661       -2.1928885603009900E-006  0.73126999281033067        6992953021.3731709        50297.157373512615        18.005415498621019       0.81264123197654048                0           0
         516         663  0.40078758403675879       0.18595681337462622       -1.4007646176987247E-005  0.80157100153493654        1331332517.8205287        19828.073826036310        20.458122544237906       0.36781121838587416                0           0
         563        1076  0.53682850220895728       0.31078473953524977       -3.2230959660254886E-006  0.74434830638728877        33612698868.556816        192904.05235974779        4.6339263766579766       0.45264795687828674                0           0
         656         958   8.3917520629396281E-002  0.11415570944869273       -3.6988623365486434E-007  0.16919991071080878        24608180670.495949        96516.474385185327        5.8335732907730886       0.44433833662296968                0           0
         689         584  0.28262787196724670       0.11424465493049518       -1.3791949048571743E-006  0.24324008635047673        14941065256.075844        87245.808335303693        3.2968503769665447       0.16787069365885970                0           0
         834         864  0.14943489976779920       0.18613653504488009       -4.5516458767620120E-007  0.94067830574939859        68525076627.520401        227737.49104914200        5.5281647794553912       0.44271111864375889                0           0
