 WIDE PAIRS    T TPHYS N      1.0249999999999979E+00     2.1011564436307122E+00         373
 NAME(I1)    NAME(I2)    M(I1)[M*]                 M(I2)[M*]                 EB[NB]                    ECC                       P[Days]                   SEMI[AU]                  RI[PC]                    VI[km/s]                  K*(I1)      K*(I2)      
         267         268  0.11152016154947933        1.9237634443879208E-002  -2.0553832479957837E-005  0.97570988145546611        7749145.2387567172        388.98385971395589        2.6091499008058268       0.54216024309737076                0           0
         399         400  0.17014458503807270        6.6018282057290864E-002  -2.6982772261680877E-005  0.99100541238371720        45925838.759863026        1551.3690356969832        9.8315626811442289       0.23426352788852459                0           0
         425         527  0.11465606534331962       0.33302475784545238       -3.5678503752384079E-006  0.71782157444687078        4347958258.6635790        39882.856704910970        13.833777726495514       0.55386256149943758                0           0
         428         451  0.50342484150502542        8.2947249527767969E-002  -2.1309760686137016E-006  0.48683178801695542        9412818221.8030071        73025.980234395029        4.0525709000036274       0.34700572691697745                0           0
         429         573  0.87362270939974029       0.18045805036162924       -3.5424282066740758E-005  0.67171955043824272        759855416.05200589        16585.113752273810        5.5987690957549923       0.49600301039144956                0           0
         433         568  0.70744775892037870       0.83283192557172281       -2.5657057810120526E-005  0.80542478090066483        7367781978.5010357        85578.412002118755        3.9918340849379090       0.73195048727285461                0           0
         441         522  0.96223092533240573       0.15216178671496328       -1.3439327422587982E-005  0.65416023571206727        2830486968.2344022        40600.063341337409        5.6494648161055494       0.77497836633791017                0           0
         448         598  0.49694264276027938        8.1161370196568494E-002  -7.0427893073697146E-006  0.66221504228429862        1497726954.2243123        21341.762149573926        5.4975032587303767       0.10432548430088562                0           0
         456         514   2.1016478498606079       0.17931146769711101       -3.9477808823618055E-005  0.95097756121695876        1622680134.3653936        35574.131789154999        11.291238291647833       0.23784325825177191                0           0
         496         896  0.19654063769100966       0.15058728593018661       -2.1340852014494387E-006  0.77378833181814954        7283964529.0326405        51683.063518327654        13.755231796080629       0.73693727791217978                0           0
         516         663  0.40078758403675879       0.18595681337462622       -1.4252019543251330E-005  0.85339080857391947        1297238026.4833100        19488.090209490143        14.591270066236191       0.37607264445712812                0           0
         540        1106  0.11908345594886549       0.21419108558098290       -5.0534062996239518E-007  0.66441845292962254        51614421677.604645        188099.62967889180        14.885496872509865       0.44847488025858218                0           0
         563        1076  0.53682850220895728       0.31078473953524977       -3.6480799352193341E-006  0.67106606977377881        27913655922.506973        170431.64734088845        5.4797962681191255       0.48290967695496434                0           0
         656         958   8.3917520629396281E-002  0.11415570944869273       -4.0553929235804923E-007  0.25988725768836379        21435437422.283939        88031.211447848749        11.072243568217640       0.45736641440677722                0           0
         689         584  0.28262787196724670       0.11424465493049518       -9.4381461422795948E-007  0.15974036858525292        26393074401.130428        127492.17114488692        6.0869466251170437       0.13119016317856494                0           0
         834         864  0.14943489976779920       0.18613653504488009       -4.3968616279287646E-007  0.93711096011775774        72175205906.423599        235754.61313897569        8.2586748301398796       0.47200773572118032                0           0
