 WIDE PAIRS    T TPHYS N      1.8499999999999071E+00     3.7923311421625665E+00         373
 NAME(I1)    NAME(I2)    M(I1)[M*]                 M(I2)[M*]                 EB[NB]                    ECC                       P[Days]                   SEMI[AU]                  RI[PC]                    VI[km/s]                  K*(I1)      K*(I2)      
         403         404  0.17519688796893346        3.8994197612049461E-002  -1.0596546514379602E-004  0.98374260494650145        2939081.1207390316        240.25993927414885        16.667231478122790       0.40245326354569416                0           0
         425         527  0.11465606534331962       0.33302475784545238       -3.8366615962377317E-006  0.63717780378198519        3899106281.6385117        37088.510855305351        14.127655519418866       0.52374157303241831                0           0
         428         451  0.50342484150502542        8.2947249527767969E-002  -2.0923633093294559E-006  0.48540896704780567        9674574800.2122822        74373.611682391711        2.7445561234043105       0.34941027034948485                0           0
         429        1090  0.87362270939974029       0.20011615892944146       -3.5514615365423933E-005  0.82713328655249740        875826996.87902296        18345.024399074238        4.1040768252109219       0.58204398528226753                0           0
         433         568  0.70744775892037870       0.83283192557172281       -2.3926676037807275E-005  0.83427200660547929        8181322097.8566217        91767.459072342332        3.4121328146675638       0.75049831992708527                0           0
         441         522  0.96223092533240573       0.15216178671496328       -1.3185773795033133E-005  0.64396119370038596        2912520764.5919404        41380.775455709518        5.7772088625408378       0.76988304515878070                0           0
         448         598  0.49694264276027938        8.1161370196568494E-002  -7.1508219026249767E-006  0.62327597356331510        1463914618.0865455        21019.336841863125        4.4165147194341374       0.14654525152547224                0           0
         456         514   2.1016478498606079       0.17931146769711101       -8.8931903072447991E-005  0.94377722434863331        479928012.65382457        15791.731935550457        12.835967978018958       0.17209122713860608                0           0
         496         896  0.19654063769100966       0.15058728593018661       -2.1906611217729056E-006  0.73328937206840639        7003621260.9477234        50348.298933050690        15.055576623916567       0.80705438904609506                0           0
         516         663  0.40078758403675879       0.18595681337462622       -1.4084661781583212E-005  0.81108566970662443        1320427773.9214058        19719.652969549548        16.336641083125549       0.36759311270140321                0           0
         563        1076  0.53682850220895728       0.31078473953524977       -3.2905311526291503E-006  0.73713396913030060        32584737707.149712        188950.73292161140        5.2094781193980140       0.45465013873696408                0           0
         656         958   8.3917520629396281E-002  0.11415570944869273       -3.7260936391966175E-007  0.17446866437992201        24338909265.931648        95811.105819873279        9.9067947401010397       0.44491881274187606                0           0
         689         584  0.28262787196724670       0.11424465493049518       -1.3463019672064164E-006  0.21389825715471189        15491957900.015409        89377.403626527914        5.0119432011821656       0.16437462484129922                0           0
         834         864  0.14943489976779920       0.18613653504488009       -4.5569716910007883E-007  0.94070713927766825        68404982011.618019        227471.33017416269        7.2417533395017148       0.44494659624415478                0           0
