 WIDE PAIRS    T TPHYS N      1.6479999999999293E+00     3.3782495796129486E+00         373
 NAME(I1)    NAME(I2)    M(I1)[M*]                 M(I2)[M*]                 EB[NB]                    ECC                       P[Days]                   SEMI[AU]                  RI[PC]                    VI[km/s]                  K*(I1)      K*(I2)      
         403         404  0.17519688796893346        3.8994197612049461E-002  -1.0593353547483669E-004  0.98388245871377966        2940410.0335976328        240.33235657137988        13.084793557627968       0.41293668708038239                0           0
         425         527  0.11465606534331962       0.33302475784545238       -3.8826700890093651E-006  0.66016885030894223        3830007114.3366346        36649.022965662807        15.206738098674116       0.52714376285735709                0           0
         428         451  0.50342484150502542        8.2947249527767969E-002  -2.0950329679417661E-006  0.48356838035986310        9656088516.7385349        74278.838876428868        4.3458524600636466       0.34912589930102739                0           0
         429        1090  0.87362270939974029       0.20011615892944146       -4.1864343333257818E-005  0.72977762187410300        684325267.77976859        15562.563115252833        7.5816537325310049       0.54125207747739323                0           0
         433         568  0.70744775892037870       0.83283192557172281       -2.3823650908792627E-005  0.83272135439319150        8234449494.4817123        92164.306488654387        6.4118021908399667       0.74683193199918529                0           0
         441         522  0.96223092533240573       0.15216178671496328       -1.3200503396332029E-005  0.64710914127411423        2907647279.9940710        41334.601282982811        4.3876927701754411       0.77145920300860993                0           0
         448         598  0.49694264276027938        8.1161370196568494E-002  -7.1664390611725786E-006  0.63320348962511708        1459131965.2364798        20973.531343034098        7.6835722597282707       0.13547623348903348                0           0
         456         514   2.1016478498606079       0.17931146769711101       -8.8029235608114148E-005  0.95048361025152994        487328805.27956802        15953.663168114621        10.908185942974512       0.16609690653859507                0           0
         496         896  0.19654063769100966       0.15058728593018661       -2.1822752698492007E-006  0.74079924265512509        7044029350.6788826        50541.772866104133        13.344318412441062       0.78950243150851074                0           0
         516         663  0.40078758403675879       0.18595681337462622       -1.4248250105207267E-005  0.83281343662193696        1297752845.6780162        19493.245870578299        12.763180746696056       0.36795708489894996                0           0
         563        1076  0.53682850220895728       0.31078473953524977       -3.4875666918862873E-006  0.71465971501664605        29862726566.035427        178275.66550545118        8.0180315658459609       0.46112186859499010                0           0
         656         958   8.3917520629396281E-002  0.11415570944869273       -3.8157727725379540E-007  0.19332910136467535        23485942956.985004        93559.332077935702        13.053229099359436       0.44714023431279859                0           0
         689         584  0.28262787196724670       0.11424465493049518       -1.2439446484779174E-006  0.12098175377249584        17442890102.043526        96731.775383599408        8.2886920986454111       0.15397655301555463                0           0
         834         864  0.14943489976779920       0.18613653504488009       -4.5287378856659694E-007  0.94064774438491938        69045670443.948593        228889.46949190003        9.2880429791701857       0.45191786209991852                0           0
