 WIDE PAIRS    T TPHYS N      1.0799999999999919E+00     2.2139014235328358E+00         373
 NAME(I1)    NAME(I2)    M(I1)[M*]                 M(I2)[M*]                 EB[NB]                    ECC                       P[Days]                   SEMI[AU]                  RI[PC]                    VI[km/s]                  K*(I1)      K*(I2)      
         267         268  0.11152016154947933        1.9237634443879208E-002  -2.0554920093301926E-005  0.97570817008487576        7748530.2062798226        388.96327758400651        2.5098212638051529       0.54244440352107415                0           0
         399         400  0.17014458503807270        6.6018282057290864E-002  -2.6983047090793266E-005  0.99100994415926691        45925137.112344086        1551.3532346136722        9.9173227427627211       0.23297199170192559                0           0
         425         527  0.11465606534331962       0.33302475784545238       -3.5883716045933637E-006  0.71605182638559539        4310713888.2275705        39654.774070234940        13.796847099400395       0.55074380534917466                0           0
         428         451  0.50342484150502542        8.2947249527767969E-002  -2.1282417115433598E-006  0.48565002210336738        9430964378.2085400        73119.803743392869        3.9963852330995917       0.34725103125363160                0           0
         429         573  0.87362270939974029       0.18045805036162924       -3.3000908382232338E-005  0.57425195002038720        845071990.88104331        17803.017446206017        5.4122773550431402       0.50169359812549108                0           0
         433         568  0.70744775892037870       0.83283192557172281       -2.5490200949839405E-005  0.80794971905085866        7440243624.4171085        86138.601588800215        3.9108793636075614       0.73340365126988649                0           0
         441         522  0.96223092533240573       0.15216178671496328       -1.3425500006731119E-005  0.65410392038127441        2834860927.8042898        40641.878838663702        5.7556993883513528       0.77469887255867376                0           0
         448         598  0.49694264276027938        8.1161370196568494E-002  -7.0561081872527345E-006  0.66095708076032966        1493488365.0640790        21301.478134785764        5.3165388103888063       0.10675286426514585                0           0
         456         514   2.1016478498606079       0.17931146769711101       -3.9829932371080395E-005  0.94309468483767045        1601209378.7275355        35259.632397923662        11.391657184249967       0.24506848332904199                0           0
         496         896  0.19654063769100966       0.15058728593018661       -2.1303730150034635E-006  0.76973387900426105        7303011341.4066973        51773.121534706966        13.856451864243164       0.74162649051430707                0           0
         516         663  0.40078758403675879       0.18595681337462622       -1.4269861119218441E-005  0.85282259201093136        1294805886.3281209        19463.724293170308        14.794337668262129       0.37510689239952311                0           0
         540        1106  0.11908345594886549       0.21419108558098290       -4.7818333926932572E-007  0.68254100355975733        56073250321.701088        198782.30283570636        15.095376088027708       0.44643879350844301                0           0
         563        1076  0.53682850220895728       0.31078473953524977       -3.6709383163767077E-006  0.67258250963435973        27653341002.605564        169370.39508861897        5.3321658120419198       0.48093696107051115                0           0
         656         958   8.3917520629396281E-002  0.11415570944869273       -4.0616973603005160E-007  0.25439149661024640        21385549692.889568        87894.572217318069        10.952889156751100       0.45619225428545102                0           0
         689         584  0.28262787196724670       0.11424465493049518       -9.6976070276792619E-007  0.13505263442355619        25340965438.583771        124081.09957719375        5.9081497398836298       0.13246974517019194                0           0
         834         864  0.14943489976779920       0.18613653504488009       -4.3907571481452298E-007  0.93779761581832755        72325776243.397003        236082.38332102503        8.1952547921438477       0.47033454963528121                0           0
