 WIDE PAIRS    T TPHYS N      1.8739999999999044E+00     3.8415289515744022E+00         373
 NAME(I1)    NAME(I2)    M(I1)[M*]                 M(I2)[M*]                 EB[NB]                    ECC                       P[Days]                   SEMI[AU]                  RI[PC]                    VI[km/s]                  K*(I1)      K*(I2)      
         403         404  0.17519688796893346        3.8994197612049461E-002  -1.0596802342691111E-004  0.98372282113280096        2938974.6883080858        240.25413891168100        16.698022560556563       0.40085581267636122                0           0
         425         527  0.11465606534331962       0.33302475784545238       -3.8308480796164437E-006  0.63445040743171766        3907985301.2410235        37144.794651956901        14.115877689717955       0.52354874865142564                0           0
         428         451  0.50342484150502542        8.2947249527767969E-002  -2.0929884430780230E-006  0.48557073867989098        9670240721.1508846        74351.397773461998        2.7336938890566835       0.34943280880982808                0           0
         429         573  0.87362270939974029       0.18045805036162924       -3.9993041158635739E-005  0.82607898113504141        633440612.21658444        14690.449404412590        4.0860079601745074       0.54503700832779278                0           0
         433         568  0.70744775892037870       0.83283192557172281       -2.3973230518878941E-005  0.83393532976431317        8157502264.6414242        91589.252533469160        3.4317473573106843       0.75088477404920617                0           0
         441         522  0.96223092533240573       0.15216178671496328       -1.3194722037129529E-005  0.64353746828154790        2909558498.1178169        41352.712325931388        5.7897196016425561       0.76967956683122019                0           0
         448         598  0.49694264276027938        8.1161370196568494E-002  -7.1478205618288784E-006  0.62233755680203451        1464836752.5651345        21028.162775953762        4.3983722010945110       0.14787025154051817                0           0
         456         514   2.1016478498606079       0.17931146769711101       -8.8900811185858766E-005  0.94427783072457350        480179807.40822983        15797.254885586999        12.848186349274453       0.17261197021243013                0           0
         496         896  0.19654063769100966       0.15058728593018661       -2.1915408111629133E-006  0.73252459602059716        6999404780.2544088        50328.089013093580        15.073666324689317       0.80914841320321207                0           0
         516         663  0.40078758403675879       0.18595681337462622       -1.4057358088816950E-005  0.80766694488062907        1324276653.7723637        19757.954572363964        16.366601983393167       0.36765685571583434                0           0
         563        1076  0.53682850220895728       0.31078473953524977       -3.2652768263452251E-006  0.73985435219014539        32963493350.486664        190412.11696791605        5.2123923548586300       0.45389720708254616                0           0
         656         958   8.3917520629396281E-002  0.11415570944869273       -3.7160221676542117E-007  0.17245917359534749        24437924276.344643        96070.781026902638        9.9042180274817220       0.44469359313833839                0           0
         689         584  0.28262787196724670       0.11424465493049518       -1.3585867606536372E-006  0.22490826339109729        15282308468.203102        88569.223409997241        4.9946532022742742       0.16567687463038597                0           0
         834         864  0.14943489976779920       0.18613653504488009       -4.5551433902232371E-007  0.94070776103032572        68446169770.022705        227562.63048552515        7.2487775073291445       0.44410855079819567                0           0
