 WIDE PAIRS    T TPHYS N      1.1509999999999840E+00     2.3594449430428499E+00         373
 NAME(I1)    NAME(I2)    M(I1)[M*]                 M(I2)[M*]                 EB[NB]                    ECC                       P[Days]                   SEMI[AU]                  RI[PC]                    VI[km/s]                  K*(I1)      K*(I2)      
         425         527  0.11465606534331962       0.33302475784545238       -3.6601062263053751E-006  0.71015230476368374        4184607997.9433856        38877.577988722565        13.567117696130261       0.54689951612275678                0           0
         428         451  0.50342484150502542        8.2947249527767969E-002  -2.1241772558334217E-006  0.48442692777682428        9458045499.1245785        73259.713067352655        3.9626896332824164       0.34758223648458453                0           0
         429         573  0.87362270939974029       0.18045805036162924       -2.8226657455892039E-005  0.41850474746584654        1068300348.1508867        20814.216085896860        4.7657240011722264       0.50920182021319926                0           0
         433         568  0.70744775892037870       0.83283192557172281       -2.5267053151678141E-005  0.81127202343232574        7539024493.4406776        86899.340847385043        3.4428413409872975       0.73528402566866324                0           0
         441         522  0.96223092533240573       0.15216178671496328       -1.3406651424680045E-005  0.65371491607717624        2840841379.2177382        40699.017773938038        6.1678168721261475       0.77438946801297470                0           0
         448         598  0.49694264276027938        8.1161370196568494E-002  -7.0844211581259980E-006  0.65837350306323306        1484544201.1221316        21216.346531719522        4.7069606018813772       0.10999745854469506                0           0
         456         514   2.1016478498606079       0.17931146769711101       -4.4729449890439523E-005  0.92440674800286116        1345464189.6483016        31397.407687292594        11.886092163157921       0.26239271311714579                0           0
         496         896  0.19654063769100966       0.15058728593018661       -2.1502174797807172E-006  0.76616333465410180        7202145179.2295389        51295.304803904102        14.080035707151417       0.74733186388195094                0           0
         516         663  0.40078758403675879       0.18595681337462622       -1.4289904490929728E-005  0.85192173093680068        1292082651.9037981        19436.423994477504        15.463350477772545       0.37390715686396753                0           0
         540        1106  0.11908345594886549       0.21419108558098290       -4.3931683879016449E-007  0.70855486891370856        63676710056.066795        216368.63640236255        15.776651650171546       0.44378404254972481                0           0
         563        1076  0.53682850220895728       0.31078473953524977       -3.6880503459339547E-006  0.67530696555502512        27461103064.547508        168584.54052183562        4.8202277798481070       0.47838164130318134                0           0
         656         958   8.3917520629396281E-002  0.11415570944869273       -4.0115386366896550E-007  0.24660747674260691        21787895807.577869        88993.571866585160        10.393978297255867       0.45479823767146604                0           0
         689         584  0.28262787196724670       0.11424465493049518       -1.0028622644486597E-006  0.10364783074757956        24096729007.593155        119985.54396933988        5.2989676646942856       0.13434959387453524                0           0
         834         864  0.14943489976779920       0.18613653504488009       -4.3862739190779397E-007  0.93860519795102271        72436691294.305374        236323.68412045218        7.8251649270680348       0.46816648190772114                0           0
