 WIDE PAIRS    T TPHYS N      1.2779999999999700E+00     2.6197833511804811E+00         373
 NAME(I1)    NAME(I2)    M(I1)[M*]                 M(I2)[M*]                 EB[NB]                    ECC                       P[Days]                   SEMI[AU]                  RI[PC]                    VI[km/s]                  K*(I1)      K*(I2)      
         425         527  0.11465606534331962       0.33302475784545238       -3.7962205239493924E-006  0.69748917554463075        3961577592.2543230        37483.614126862885        13.631165030666724       0.54056693428246616                0           0
         428         451  0.50342484150502542        8.2947249527767969E-002  -2.1162590770647841E-006  0.48298108691969094        9511177347.2135639        73533.821049165039        3.7219674552987492       0.34810209384313129                0           0
         429         573  0.87362270939974029       0.18045805036162924       -2.0819899963955415E-005  0.80591911087766899        1686415524.8470387        28218.951516898207        4.3713779436557889       0.51733906863069257                0           0
         433         568  0.70744775892037870       0.83283192557172281       -2.4852447672077728E-005  0.81732253042627978        7728465865.7949057        88349.054910337043        3.1663077373869428       0.73851946165137261                0           0
         441         522  0.96223092533240573       0.15216178671496328       -1.3363247473162255E-005  0.65252903837711818        2854693230.4085336        40831.208560483705        6.2357384626731811       0.77376535530867929                0           0
         448         598  0.49694264276027938        8.1161370196568494E-002  -7.1268723050625374E-006  0.65289544184308157        1471299962.4417405        21089.971565882857        4.4060533172507936       0.11612013712889580                0           0
         496         896  0.19654063769100966       0.15058728593018661       -2.1603667455552480E-006  0.75882942617619420        7151452003.3692493        51054.322719491138        14.360723979876488       0.75791860382115572                0           0
         516         663  0.40078758403675879       0.18595681337462622       -1.4313359063163366E-005  0.84962061597960781        1288908048.2923472        19404.574516760193        15.879179839819814       0.37192224635930288                0           0
         563        1076  0.53682850220895728       0.31078473953524977       -3.6881439738925598E-006  0.68221290268534707        27460057371.623920        168580.26080106196        4.6648943207015741       0.47382008499182154                0           0
         656         958   8.3917520629396281E-002  0.11415570944869273       -3.9694730254513174E-007  0.23293024262050363        22135150355.466637        89936.661534369268        10.017997772977052       0.45256822212124165                0           0
         689         584  0.28262787196724670       0.11424465493049518       -1.0638863829880542E-006   4.6457104948394001E-002   22053481177.130268        113103.21877439381        4.9952677697599279       0.13835341342308019                0           0
         834         864  0.14943489976779920       0.18613653504488009       -4.3899041046690128E-007  0.93979574027784740        72346858718.293121        236128.25870511998        7.4883060484122659       0.46416676242924787                0           0
