 WIDE PAIRS    T TPHYS N      1.7849999999999142E+00     3.6590870750055111E+00         373
 NAME(I1)    NAME(I2)    M(I1)[M*]                 M(I2)[M*]                 EB[NB]                    ECC                       P[Days]                   SEMI[AU]                  RI[PC]                    VI[km/s]                  K*(I1)      K*(I2)      
         403         404  0.17519688796893346        3.8994197612049461E-002  -1.0595517629664872E-004  0.98379379289237290        2939509.2332423008        240.28326987372137        13.995816959098141       0.40631037231183936                0           0
         425         527  0.11465606534331962       0.33302475784545238       -3.8526622687694789E-006  0.64466862246418366        3874841177.4501209        36934.476819751173        14.904230104186748       0.52449243256775635                0           0
         428         451  0.50342484150502542        8.2947249527767969E-002  -2.0920509808469100E-006  0.48480970726059519        9676741399.9288368        74384.715138995249        3.7346777108028126       0.34933774640465470                0           0
         429        1090  0.87362270939974029       0.20011615892944146       -4.1175513586319324E-005  0.80346672330282731        701569118.10674512        15822.910964707604        6.7220981354703158       0.55476308428277810                0           0
         433         568  0.70744775892037870       0.83283192557172281       -2.3803828580704437E-005  0.83478796611986694        8244737331.2876530        92241.055113987692        5.7680723096737196       0.74939656391862219                0           0
         441         522  0.96223092533240573       0.15216178671496328       -1.3173875421152890E-005  0.64505147731969648        2916467448.8583188        41418.149722740760        4.5881281103889773       0.77041621775444791                0           0
         448         598  0.49694264276027938        8.1161370196568494E-002  -7.1580559344423991E-006  0.62618554310075969        1461695999.8675537        20998.094404965766        6.8692180256856004       0.14296525622817149                0           0
         456         514   2.1016478498606079       0.17931146769711101       -8.8745691101815158E-005  0.94416870873333147        481439328.91809136        15824.867172731163        11.309087754100947       0.17052039174557362                0           0
         496         896  0.19654063769100966       0.15058728593018661       -2.1881740192045118E-006  0.73550655169626045        7015565242.2633858        50405.525361338223        13.719988993513889       0.80139095848363251                0           0
         516         663  0.40078758403675879       0.18595681337462622       -1.4150006466270221E-005  0.81942672399429484        1311291744.9350605        19628.587675091621        13.667867280998554       0.36753627570773656                0           0
         563        1076  0.53682850220895728       0.31078473953524977       -3.3576749784432609E-006  0.72976064433089993        31612239106.398575        185172.26264673704        7.3384391961224766       0.45670420764068154                0           0
         656         958   8.3917520629396281E-002  0.11415570944869273       -3.7543077134903074E-007  0.18017619710612806        24065060635.980129        95091.073828875567        12.342985018239689       0.44557106173721156                0           0
         689         584  0.28262787196724670       0.11424465493049518       -1.3131139216297095E-006  0.18400258379108117        16082976229.276337        91636.355646017211        7.4763805350528392       0.16091507201072006                0           0
         834         864  0.14943489976779920       0.18613653504488009       -4.5731371727094111E-007  0.94047494804543108        68042597837.235275        226667.24678713674        8.7683888891337993       0.44720661407344553                0           0
