 WIDE PAIRS    T TPHYS N      1.1529999999999838E+00     2.3635447604938364E+00         373
 NAME(I1)    NAME(I2)    M(I1)[M*]                 M(I2)[M*]                 EB[NB]                    ECC                       P[Days]                   SEMI[AU]                  RI[PC]                    VI[km/s]                  K*(I1)      K*(I2)      
         425         527  0.11465606534331962       0.33302475784545238       -3.6624930328542363E-006  0.70995492247316483        4180518069.7450933        38852.241897454966        13.566528023714847       0.54679419689707609                0           0
         428         451  0.50342484150502542        8.2947249527767969E-002  -2.1240380252198920E-006  0.48440137837458930        9458975476.1600304        73264.515238818625        3.9618143705472404       0.34759113654028762                0           0
         429         573  0.87362270939974029       0.18045805036162924       -2.8066334788073778E-005  0.41494042039429635        1077467048.4054909        20933.112645659083        4.7641795039274344       0.50941311686366841                0           0
         433         568  0.70744775892037870       0.83283192557172281       -2.5260761898334335E-005  0.81136405162710268        7541841086.9932671        86920.983336668651        3.4443154240561791       0.73533626384239492                0           0
         441         522  0.96223092533240573       0.15216178671496328       -1.3406051204954561E-005  0.65369834083838596        2841032167.8502970        40700.839962508129        6.1686311308325346       0.77438030140681813                0           0
         448         598  0.49694264276027938        8.1161370196568494E-002  -7.0852672794754398E-006  0.65829761031554446        1484278283.0576065        21213.812879416859        4.7057266069473211       0.11009094128256676                0           0
         456         514   2.1016478498606079       0.17931146769711101       -4.5147944568329233E-005  0.92345391567191826        1326800125.7087326        31106.372333583873        11.887618635736947       0.26317092946843557                0           0
         496         896  0.19654063769100966       0.15058728593018661       -2.1503874865282969E-006  0.76604354140665487        7201291108.2180929        51291.249465975270        14.080795679721966       0.74749735816723617                0           0
         516         663  0.40078758403675879       0.18595681337462622       -1.4290350806283454E-005  0.85189452352924533        1292022121.0080619        19435.816957283816        15.465566552543683       0.37387421312093727                0           0
         540        1106  0.11908345594886549       0.21419108558098290       -4.3830033431119503E-007  0.70922963327304667        63898356620.480995        216870.43772623598        15.779144990620038       0.44371004643222639                0           0
         563        1076  0.53682850220895728       0.31078473953524977       -3.6883501612996723E-006  0.67539557320128041        27457754781.582985        168570.83676989764        4.8203066222489062       0.47830950346860224                0           0
         656         958   8.3917520629396281E-002  0.11415570944869273       -4.0109322815552886E-007  0.24639306468191519        21792836691.960670        89007.025524098906        10.393720701063451       0.45476168494287622                0           0
         689         584  0.28262787196724670       0.11424465493049518       -1.0038317081729201E-006  0.10273977969744623        24061830555.635723        119869.66873681235        5.2978050753666253       0.13440630442934856                0           0
         834         864  0.14943489976779920       0.18613653504488009       -4.3860565570752392E-007  0.93862854424221920        72442076033.131485        236335.39573169054        7.8249194759302130       0.46810441062859609                0           0
