 WIDE PAIRS    T TPHYS N      1.5649999999999384E+00     3.2081071553970166E+00         373
 NAME(I1)    NAME(I2)    M(I1)[M*]                 M(I2)[M*]                 EB[NB]                    ECC                       P[Days]                   SEMI[AU]                  RI[PC]                    VI[km/s]                  K*(I1)      K*(I2)      
         265         266   8.4095384718170976E-002   3.6296916915751078E-002  -2.5178929957502628E-005  0.98205009215693451        10108269.541519782        451.77684210137568        2.8386437494238046       0.51493710108357704                0           0
         425         527  0.11465606534331962       0.33302475784545238       -3.8928867416192909E-006  0.66911651321843457        3814939568.0519762        36552.839757420377        13.761077806712901       0.52940844048576807                0           0
         428         451  0.50342484150502542        8.2947249527767969E-002  -2.0987205995671959E-006  0.48295350640866880        9630649839.1001015        74148.324602448134        3.4560997591133478       0.34895590902003348                0           0
         429        1090  0.87362270939974029       0.20011615892944146       -3.7892182988552278E-005  0.64303798209556984        794702468.97948790        17193.954900916386        3.0205942631650600       0.53629753938778846                0           0
         433         568  0.70744775892037870       0.83283192557172281       -2.3984083403581831E-005  0.83001095431214922        8151965942.0320625        91547.808064608573        2.2450345025115204       0.74513183099682911                0           0
         441         522  0.96223092533240573       0.15216178671496328       -1.3235292277531805E-005  0.64837822867619554        2896190718.1743493        41225.953547570505        6.8030350741177887       0.77204032452119853                0           0
         448         598  0.49694264276027938        8.1161370196568494E-002  -7.1663042999624614E-006  0.63774777526264015        1459173123.5460229        20973.925746948014        3.3489661476845987       0.13099811865702959                0           0
         456         514   2.1016478498606079       0.17931146769711101       -8.8099210651613894E-005  0.95808910509080292        486748310.59923357        15940.991564522352        13.494295362908680       0.16223375580367544                0           0
         496         896  0.19654063769100966       0.15058728593018661       -2.1781938847457604E-006  0.74438776186915678        7063836719.3447475        50636.475381027980        15.440685179628908       0.78234098450942369                0           0
         516         663  0.40078758403675879       0.18595681337462622       -1.4285007687246594E-005  0.83855855394248247        1292747084.5820210        19443.086668708202        17.341714287538675       0.36853427087586055                0           0
         563        1076  0.53682850220895728       0.31078473953524977       -3.5547105553399409E-006  0.70610122103571071        29020632524.171207        174908.26983273585        4.0687993828140652       0.46387001888582718                0           0
         656         958   8.3917520629396281E-002  0.11415570944869273       -3.8529244196344137E-007  0.20188129444041816        23147069954.226273        92657.190507177933        8.7923377436931176       0.44821240735674006                0           0
         689         584  0.28262787196724670       0.11424465493049518       -1.2027343287633016E-006   8.3019548306596566E-002   18347017209.581268        100046.17931702621        3.9133834121931348       0.15003795581649459                0           0
         834         864  0.14943489976779920       0.18613653504488009       -4.4785393183224534E-007  0.94086451028559914        70209784813.592682        231455.02103266772        6.7428022929927875       0.45473203497524345                0           0
