 WIDE PAIRS    T TPHYS N      1.4889999999999468E+00     3.0523140922595369E+00         373
 NAME(I1)    NAME(I2)    M(I1)[M*]                 M(I2)[M*]                 EB[NB]                    ECC                       P[Days]                   SEMI[AU]                  RI[PC]                    VI[km/s]                  K*(I1)      K*(I2)      
         425         527  0.11465606534331962       0.33302475784545238       -3.8918961388854536E-006  0.67696437908721618        3816396183.2440310        36562.143536786789        13.648019155555868       0.53188473655360868                0           0
         428         451  0.50342484150502542        8.2947249527767969E-002  -2.1027920135047704E-006  0.48261245633981315        9602693168.2439556        74004.759038048331        3.6000086708549817       0.34877166950113070                0           0
         429        1090  0.87362270939974029       0.20011615892944146       -3.2074834995457222E-005  0.55379215382600655        1020427971.6624255        20312.387748673176        3.1606680219233954       0.53196027064565687                0           0
         433         568  0.70744775892037870       0.83283192557172281       -2.4183382267713542E-005  0.82699741037477015        8051401495.3206072        90793.348909183347        2.3833880243872487       0.74348623526261248                0           0
         441         522  0.96223092533240573       0.15216178671496328       -1.3270541467408427E-005  0.64954251131902085        2884659098.8719659        41116.449239248803        6.8392476647448905       0.77253976828768556                0           0
         448         598  0.49694264276027938        8.1161370196568494E-002  -7.1623311143970611E-006  0.64199021168580073        1460387470.4083159        20985.560687820831        3.3780755130447222       0.12695310648152267                0           0
         456         514   2.1016478498606079       0.17931146769711101       -8.8511982608742562E-005  0.96786367301045628        483347387.52225280        15866.651412005991        13.272151571634433       0.15732659107820107                0           0
         496         896  0.19654063769100966       0.15058728593018661       -2.1740900190021599E-006  0.74792437066486817        7083846962.5372133        50732.058036243085        15.252362259289674       0.77581730227391932                0           0
         516         663  0.40078758403675879       0.18595681337462622       -1.4305993479321993E-005  0.84261631793630321        1289903587.2074907        19414.565156048262        17.165779755566959       0.36924320213418282                0           0
         563        1076  0.53682850220895728       0.31078473953524977       -3.6062909857115948E-006  0.69881835784745228        28400245233.994228        172406.57380507776        3.9757061643056582       0.46643879219219703                0           0
         656         958   8.3917520629396281E-002  0.11415570944869273       -3.8863178117894604E-007  0.20998056754694144        22849373106.158630        91861.028677796741        8.9706355887498344       0.44927029974135285                0           0
         689         584  0.28262787196724670       0.11424465493049518       -1.1655259306975053E-006   4.8525518238723760E-002   19232560993.122375        103240.06627135779        3.9519856460664604       0.14663338279984869                0           0
         834         864  0.14943489976779920       0.18613653504488009       -4.4412600095135595E-007  0.94085408561491979        71095633777.837753        233397.82176623496        6.9188633719050081       0.45727740365304420                0           0
