 WIDE PAIRS    T TPHYS N      1.2649999999999715E+00     2.5931345377490698E+00         373
 NAME(I1)    NAME(I2)    M(I1)[M*]                 M(I2)[M*]                 EB[NB]                    ECC                       P[Days]                   SEMI[AU]                  RI[PC]                    VI[km/s]                  K*(I1)      K*(I2)      
         425         527  0.11465606534331962       0.33302475784545238       -3.7848313257285942E-006  0.69876705346088896        3979472624.1846972        37596.408667644850        13.592623599585638       0.54118027223633114                0           0
         428         451  0.50342484150502542        8.2947249527767969E-002  -2.1171991534328546E-006  0.48305976526495037        9504843337.1727676        73501.170645300037        3.7870264008975276       0.34805368511600621                0           0
         429         573  0.87362270939974029       0.18045805036162924       -2.0657502960451776E-005  0.72649171501556220        1706340951.4869235        28440.792132249062        4.4500996424577171       0.51757816480075980                0           0
         433         568  0.70744775892037870       0.83283192557172281       -2.4895415262056391E-005  0.81671504944252593        7708466386.5131178        88196.571172812270        3.2528461627020633       0.73820192526238670                0           0
         441         522  0.96223092533240573       0.15216178671496328       -1.3368223118314865E-005  0.65269965755377635        2853099605.8873425        40816.011207540745        6.2406995552245821       0.77383323225007217                0           0
         448         598  0.49694264276027938        8.1161370196568494E-002  -7.1233810881744865E-006  0.65353212842406805        1472381735.9426565        21100.307902516812        4.4601273529545802       0.11547833360519894                0           0
         496         896  0.19654063769100966       0.15058728593018661       -2.1594000319925386E-006  0.75955442016213737        7156254850.8460493        51077.178561612389        14.289385620877038       0.75682783384454611                0           0
         516         663  0.40078758403675879       0.18595681337462622       -1.4311561091368137E-005  0.84991631017757341        1289150945.5995612        19407.012327524291        15.802078726658639       0.37211462354745189                0           0
         563        1076  0.53682850220895728       0.31078473953524977       -3.6898396990072429E-006  0.68139704978050142        27441129980.828987        168502.78703379852        4.6935626648363051       0.47428289802795648                0           0
         656         958   8.3917520629396281E-002  0.11415570944869273       -3.9740029203795528E-007  0.23434757130990125        22097313949.225830        89834.144340721075        10.109100983871276       0.45278397970366718                0           0
         689         584  0.28262787196724670       0.11424465493049518       -1.0576445038747403E-006   5.2306737963751425E-002   22248997812.736561        113770.71774624125        5.0511496075885010       0.13790721334078609                0           0
         834         864  0.14943489976779920       0.18613653504488009       -4.3836646647419410E-007  0.93976840931074423        72501374802.607910        236464.34921339370        7.5745401835326636       0.46458621549026330                0           0
