 WIDE PAIRS    T TPHYS N      1.0229999999999981E+00     2.0970566261797261E+00         373
 NAME(I1)    NAME(I2)    M(I1)[M*]                 M(I2)[M*]                 EB[NB]                    ECC                       P[Days]                   SEMI[AU]                  RI[PC]                    VI[km/s]                  K*(I1)      K*(I2)      
         267         268  0.11152016154947933        1.9237634443879208E-002  -2.0552951018984171E-005  0.97571063179552520        7749643.7542012818        389.00054218896435        2.6064885545825982       0.54215018260416259                0           0
         399         400  0.17014458503807270        6.6018282057290864E-002  -2.6982636309158742E-005  0.99101024802583326        45926185.857607879        1551.3768522991397        9.8265163553977661       0.23431112187120826                0           0
         425         527  0.11465606534331962       0.33302475784545238       -3.5694298506875228E-006  0.71769814242456031        4345072615.6463022        39865.208510201715        13.834112973229892       0.55397822860971035                0           0
         428         451  0.50342484150502542        8.2947249527767969E-002  -2.1310865405606936E-006  0.48687472509794066        9412086314.2574749        73022.194690230608        4.0553047783952323       0.34699755750734279                0           0
         429         573  0.87362270939974029       0.18045805036162924       -3.5492531442125656E-005  0.67468840902370730        757664755.78185868        16553.221869438519        5.6017432494428112       0.49579790945444957                0           0
         433         568  0.70744775892037870       0.83283192557172281       -2.5662949299806568E-005  0.80533563408714226        7365244971.5694714        85558.765611294060        3.9937228461095224       0.73189766086031383                0           0
         441         522  0.96223092533240573       0.15216178671496328       -1.3439741599789666E-005  0.65416325566805411        2830356127.0871391        40598.812155033113        5.6499269760712325       0.77498909637801427                0           0
         448         598  0.49694264276027938        8.1161370196568494E-002  -7.0449223679783311E-006  0.66212866982829022        1497046783.3799345        21335.300293817127        5.4991346269027339       0.10423896986985513                0           0
         456         514   2.1016478498606079       0.17931146769711101       -3.9478790689032698E-005  0.95121773747599514        1622619598.9398355        35573.247035365683        11.285132208368710       0.23762816192933370                0           0
         496         896  0.19654063769100966       0.15058728593018661       -2.1342165582076086E-006  0.77393600402641727        7283292069.2198734        51679.882529196089        13.755475103985830       0.73676747991558522                0           0
         516         663  0.40078758403675879       0.18595681337462622       -1.4251426924390579E-005  0.85340783658884911        1297318942.1401076        19488.900585172480        14.588226274624198       0.37610733520685258                0           0
         540        1106  0.11908345594886549       0.21419108558098290       -5.0559059291301252E-007  0.66426854067893981        51576149312.937363        188006.63360834849        14.882154107107809       0.44854043995288606                0           0
         563        1076  0.53682850220895728       0.31078473953524977       -3.6478100983686978E-006  0.67098837139232415        27916753235.178684        170444.25455939135        5.4794231304970982       0.48298585773524166                0           0
         656         958   8.3917520629396281E-002  0.11415570944869273       -4.0551390029414960E-007  0.26008837085724229        21437450787.978844        88036.723698217043        11.075770954536646       0.45740994358959447                0           0
         689         584  0.28262787196724670       0.11424465493049518       -9.4279629066598409E-007  0.16068990895003507        26435847075.259739        127629.87669499310        6.0885633442095468       0.13114675714909521                0           0
         834         864  0.14943489976779920       0.18613653504488009       -4.3971091133335123E-007  0.93708545631074514        72169112564.783218        235741.34400592715        8.2637150040934042       0.47202938907448977                0           0
