 WIDE PAIRS    T TPHYS N      1.9599999999998949E+00     4.0178211019668133E+00         373
 NAME(I1)    NAME(I2)    M(I1)[M*]                 M(I2)[M*]                 EB[NB]                    ECC                       P[Days]                   SEMI[AU]                  RI[PC]                    VI[km/s]                  K*(I1)      K*(I2)      
         403         404  0.17519688796893346        3.8994197612049461E-002  -1.0597998511899932E-004  0.98366397165913044        2938477.1304213097        240.22702203645827        20.810882082659216       0.39412357977527762                0           0
         425         527  0.11465606534331962       0.33302475784545238       -3.8110625711649555E-006  0.62466313263350237        3938457804.7561221        37337.635528954219        14.531855295209574       0.52325565296383780                0           0
         428         451  0.50342484150502542        8.2947249527767969E-002  -2.0959120847916454E-006  0.48631809272732607        9650013877.4642715        74247.683094981941        4.6206412923170301       0.34949684598163427                0           0
         429         573  0.87362270939974029       0.18045805036162924       -4.9182877617442909E-005  0.77220912992733803        464474254.86482072        11945.534221063221        1.5041363270800145       0.52611340467611678                0           0
         433         568  0.70744775892037870       0.83283192557172281       -2.4056928999411921E-005  0.83266863321587492        8114967139.1923990        91270.596678834088        1.3042131728641300       0.75217162343409560                0           0
         441         522  0.96223092533240573       0.15216178671496328       -1.3245442972485581E-005  0.64191429859080251        2892862096.1570363        41194.359883280893        8.4230174098746300       0.76891954749624380                0           0
         448         598  0.49694264276027938        8.1161370196568494E-002  -7.1341722364206068E-006  0.61911608427679055        1469042312.8313365        21068.391578790786        3.0983669608809428       0.15262286433422001                0           0
         456         514   2.1016478498606079       0.17931146769711101       -8.8682636369628545E-005  0.94557347845996087        481952886.44128269        15836.118899137968        16.359466820421087       0.17426530829968170                0           0
         496         896  0.19654063769100966       0.15058728593018661       -2.1944050382704614E-006  0.72994821495860285        6985705389.3224449        50262.398735178431        18.056613851086425       0.81666187631329912                0           0
         516         663  0.40078758403675879       0.18595681337462622       -1.3944701803220681E-005  0.79403835544582435        1340356846.9451728        19917.574893007055        20.481815457747604       0.36806029916563038                0           0
         563        1076  0.53682850220895728       0.31078473953524977       -3.1746563615951705E-006  0.74943276149081983        34384930923.267151        195847.42478340637        4.6650625263230863       0.45121949797454797                0           0
         656         958   8.3917520629396281E-002  0.11415570944869273       -3.6803452573530014E-007  0.16565596879838101        24794132372.892864        97002.081868967987        5.8639910310978642       0.44395966757748806                0           0
         689         584  0.28262787196724670       0.11424465493049518       -1.4028653816454758E-006  0.26420600557758817        14564515135.812656        85773.714214159205        3.2941356831932089       0.17043675195180827                0           0
         834         864  0.14943489976779920       0.18613653504488009       -4.5507521114944135E-007  0.94055142013019688        68545265050.990128        227782.21856992162        5.5823235127554831       0.44109653665129961                0           0
