 WIDE PAIRS    T TPHYS N      1.8469999999999074E+00     3.7861814159860869E+00         373
 NAME(I1)    NAME(I2)    M(I1)[M*]                 M(I2)[M*]                 EB[NB]                    ECC                       P[Days]                   SEMI[AU]                  RI[PC]                    VI[km/s]                  K*(I1)      K*(I2)      
         403         404  0.17519688796893346        3.8994197612049461E-002  -1.0596157355088643E-004  0.98373521100746930        2939243.0352692171        240.26876316987639        16.661957436201746       0.40264565028984511                0           0
         425         527  0.11465606534331962       0.33302475784545238       -3.8373954985475673E-006  0.63752191505494382        3897987778.3654404        37081.417673537828        14.129345406682909       0.52376888643960584                0           0
         428         451  0.50342484150502542        8.2947249527767969E-002  -2.0923146180915077E-006  0.48538372795668222        9674912514.5503883        74375.342465703259        2.7459068579805650       0.34940729301319334                0           0
         429        1090  0.87362270939974029       0.20011615892944146       -3.4317684065340665E-005  0.83312053442853573        922044843.87002873        18984.861687110220        4.1074206474199926       0.57941267184382417                0           0
         433         568  0.70744775892037870       0.83283192557172281       -2.3919641899678145E-005  0.83431708428013895        8184931230.9256935        91794.445470616251        3.4116121821478038       0.75044922147798132                0           0
         441         522  0.96223092533240573       0.15216178671496328       -1.3186458757896390E-005  0.64397291153000014        2912293833.7655816        41378.625955607917        5.7752737570718846       0.76990822396443082                0           0
         448         598  0.49694264276027938        8.1161370196568494E-002  -7.1511900530593758E-006  0.62339989170128807        1463801573.8528845        21018.254745326507        4.4188759209666522       0.14637972996520227                0           0
         456         514   2.1016478498606079       0.17931146769711101       -8.8933559650522509E-005  0.94371516237929487        479914603.18516231        15791.437780711880        12.831573163111607       0.17202406723759409                0           0
         496         896  0.19654063769100966       0.15058728593018661       -2.1905498325385782E-006  0.73338708600480518        7004154988.2810698        50350.856840455817        15.053160950127726       0.80679273826740949                0           0
         516         663  0.40078758403675879       0.18595681337462622       -1.4087954936411290E-005  0.81149987761212150        1319964812.5838878        19715.043367185132        16.331499516640140       0.36758677411461294                0           0
         563        1076  0.53682850220895728       0.31078473953524977       -3.2936908321395310E-006  0.73679213084330453        32537860524.084106        188769.47008010300        5.2084824845707347       0.45474444913113454                0           0
         656         958   8.3917520629396281E-002  0.11415570944869273       -3.7273677680610272E-007  0.17472361623739679        24326430651.605587        95778.354639133322        9.9093242242113959       0.44494756349960141                0           0
         689         584  0.28262787196724670       0.11424465493049518       -1.3447671616357815E-006  0.21252059924369640        15518487317.509882        89479.411573247868        5.0142695081400124       0.16421276430714710                0           0
         834         864  0.14943489976779920       0.18613653504488009       -4.5578026497278836E-007  0.94069806335093908        68386275916.723656        227429.85859202134        7.2438136273317184       0.44505121693989635                0           0
