 WIDE PAIRS    T TPHYS N      1.5219999999999432E+00     3.1199610802008109E+00         373
 NAME(I1)    NAME(I2)    M(I1)[M*]                 M(I2)[M*]                 EB[NB]                    ECC                       P[Days]                   SEMI[AU]                  RI[PC]                    VI[km/s]                  K*(I1)      K*(I2)      
         265         266   8.4095384718170976E-002   3.6296916915751078E-002  -2.5178041227008961E-005  0.98202972621417062        10108804.746377843        451.79278884847520        2.9206256184243453       0.51314403630304084                0           0
         425         527  0.11465606534331962       0.33302475784545238       -3.8938166159492212E-006  0.67361397075673912        3813573092.8446202        36544.110649008522        13.744590726033527       0.53076396671405057                0           0
         428         451  0.50342484150502542        8.2947249527767969E-002  -2.1009777032450979E-006  0.48272623686424271        9615134536.9263496        74068.666233912401        3.4916638830576030       0.34885480370371624                0           0
         429        1090  0.87362270939974029       0.20011615892944146       -3.4864664401350509E-005  0.58846803807876691        900431682.11170769        18687.014390914428        3.0931949990593011       0.53389335130473248                0           0
         433         568  0.70744775892037870       0.83283192557172281       -2.4092234922903548E-005  0.82835295439850143        8097135579.4093351        91136.844342710450        2.2876699002582317       0.74421080416974139                0           0
         441         522  0.96223092533240573       0.15216178671496328       -1.3255132599547132E-005  0.64904519320019916        2889690611.6776223        41164.246417322662        6.7910969099724285       0.77232608220125998                0           0
         448         598  0.49694264276027938        8.1161370196568494E-002  -7.1645631609426157E-006  0.64016451572252697        1459705070.3420033        20979.022850525304        3.3745110648394729       0.12870194012485744                0           0
         456         514   2.1016478498606079       0.17931146769711101       -8.8309202415138590E-005  0.96337867366209973        485013174.07260442        15903.085244009682        13.383052309858222       0.15966679619744112                0           0
         496         896  0.19654063769100966       0.15058728593018661       -2.1759024361280652E-006  0.74635041273640435        7074998074.3024588        50689.800787346889        15.367397331753651       0.77864565856839851                0           0
         516         663  0.40078758403675879       0.18595681337462622       -1.4298172937196718E-005  0.84098022786614779        1290962022.2250867        19425.184164876431        17.243451016656888       0.36891615903261116                0           0
         563        1076  0.53682850220895728       0.31078473953524977       -3.5851363279361827E-006  0.70190971512551892        28651985817.397121        173423.88576575773        4.0297398529952595       0.46531775077582427                0           0
         656         958   8.3917520629396281E-002  0.11415570944869273       -3.8717091723832075E-007  0.20642974083252288        22978817071.201069        92207.636489409648        8.8762266851200202       0.44880222920506146                0           0
         689         584  0.28262787196724670       0.11424465493049518       -1.1815836820567907E-006   6.3437799146601817E-002   18841839573.057972        101837.03122637828        3.9427580896438736       0.14808554644147554                0           0
         834         864  0.14943489976779920       0.18613653504488009       -4.4559951183666118E-007  0.94088776077872438        70743276332.507904        232626.02058189001        6.8187846470397862       0.45617663508591966                0           0
