 WIDE PAIRS    T TPHYS N      1.5999999999999346E+00     3.2798539607892772E+00         373
 NAME(I1)    NAME(I2)    M(I1)[M*]                 M(I2)[M*]                 EB[NB]                    ECC                       P[Days]                   SEMI[AU]                  RI[PC]                    VI[km/s]                  K*(I1)      K*(I2)      
         425         527  0.11465606534331962       0.33302475784545238       -3.8897577268958371E-006  0.66540710596412511        3819543737.4618649        36582.243741373968        13.792512984468830       0.52839402291957505                0           0
         428         451  0.50342484150502542        8.2947249527767969E-002  -2.0970132768090688E-006  0.48319578928381562        9642413694.4907265        74208.693854026453        3.3604667642629611       0.34903181594363947                0           0
         429        1090  0.87362270939974029       0.20011615892944146       -3.9859188003602316E-005  0.68403124522198855        736607829.00044906        16345.453031897125        3.1289535290633239       0.53829468861220497                0           0
         433         568  0.70744775892037870       0.83283192557172281       -2.3907332219148150E-005  0.83124412383611590        8191253571.0285978        91841.709644126429        2.3910939692861488       0.74586153519686604                0           0
         441         522  0.96223092533240573       0.15216178671496328       -1.3219779669974554E-005  0.64783626060798660        2901289968.8972340        41274.329697137466        6.6933499511188135       0.77179983749756043                0           0
         448         598  0.49694264276027938        8.1161370196568494E-002  -7.1668701486647672E-006  0.63581292656528887        1459000316.9574416        20972.269784384163        3.4336330846872842       0.13287987806947457                0           0
         456         514   2.1016478498606079       0.17931146769711101       -8.8011236173812205E-005  0.95444393443593611        487478310.47331423        15956.925898244926        13.375724608596371       0.16401094424619558                0           0
         496         896  0.19654063769100966       0.15058728593018661       -2.1799812970991534E-006  0.74284995345055271        7055150818.7368345        50594.957473627233        15.411868406772955       0.78535653510486070                0           0
         516         663  0.40078758403675879       0.18595681337462622       -1.4271432751949051E-005  0.83632512214598909        1294592007.6671181        19461.580862535808        17.233111172429297       0.36826363937920770                0           0
         563        1076  0.53682850220895728       0.31078473953524977       -3.5276233753702069E-006  0.70964390991263604        29355529746.914112        176251.31904151282        4.1499231562056913       0.46270357874934787                0           0
         656         958   8.3917520629396281E-002  0.11415570944869273       -3.8375560749659513E-007  0.19824069979141773        23286255437.207272        93028.256782668992        8.9391441308741939       0.44774941436388421                0           0
         689         584  0.28262787196724670       0.11424465493049518       -1.2200751969175323E-006   9.9023751818932804E-002   17957262494.802189        98624.227941197736        4.0054914692341361       0.15167327370431871                0           0
         834         864  0.14943489976779920       0.18613653504488009       -4.4988446830977330E-007  0.94079900448526566        69734987768.382904        230410.35757744877        6.8446611647793203       0.45354881480974668                0           0
