 WIDE PAIRS    T TPHYS N      1.4879999999999469E+00     3.0502641835340438E+00         373
 NAME(I1)    NAME(I2)    M(I1)[M*]                 M(I2)[M*]                 EB[NB]                    ECC                       P[Days]                   SEMI[AU]                  RI[PC]                    VI[km/s]                  K*(I1)      K*(I2)      
         425         527  0.11465606534331962       0.33302475784545238       -3.8917874466560966E-006  0.67706228811694358        3816556064.3441262        36563.164666780547        13.647926915718241       0.53191977995092421                0           0
         428         451  0.50342484150502542        8.2947249527767969E-002  -2.1028606558026551E-006  0.48260649525800264        9602222990.4810753        74002.343349352668        3.6005499638335317       0.34876901191151222                0           0
         429        1090  0.87362270939974029       0.20011615892944146       -3.1984325893444606E-005  0.55301964224605837        1024762438.2142191        20369.867652454461        3.1628078532213943       0.53189888798349139                0           0
         433         568  0.70744775892037870       0.83283192557172281       -2.4186238336133807E-005  0.82695546161235911        8049975394.5961084        90782.627439685457        2.3843577394937432       0.74346403832473362                0           0
         441         522  0.96223092533240573       0.15216178671496328       -1.3271038164562211E-005  0.64956200105234541        2884497153.5283041        41114.910367680684        6.8385003357266614       0.77254613494886315                0           0
         448         598  0.49694264276027938        8.1161370196568494E-002  -7.1622454988241413E-006  0.64204122932101526        1460413656.1101954        20985.811543617612        3.3793310738893556       0.12690028454178728                0           0
         456         514   2.1016478498606079       0.17931146769711101       -8.8518108319294623E-005  0.96800236575020193        483297214.82274151        15865.553393579865        13.269556518457915       0.15724963962754085                0           0
         496         896  0.19654063769100966       0.15058728593018661       -2.1740324324553799E-006  0.74797177745844723        7084128423.5999165        50733.401845097884        15.250576586389281       0.77573170469460895                0           0
         516         663  0.40078758403675879       0.18595681337462622       -1.4306203800048699E-005  0.84266177555056399        1289875142.2964711        19414.279735435681        17.163136714309044       0.36925360355876846                0           0
         563        1076  0.53682850220895728       0.31078473953524977       -3.6068931351389565E-006  0.69872697964518471        28393133651.944927        172377.79154960180        3.9755078091532488       0.46647294911267323                0           0
         656         958   8.3917520629396281E-002  0.11415570944869273       -3.8867354926323810E-007  0.21008783701540448        22845690006.665840        91851.157002206150        8.9727337046704640       0.44928469238821384                0           0
         689         584  0.28262787196724670       0.11424465493049518       -1.1650374296126200E-006   4.8071586131109775E-002   19244658602.326080        103283.35491007044        3.9533072874943262       0.14658987743351332                0           0
         834         864  0.14943489976779920       0.18613653504488009       -4.4407787031594858E-007  0.94085345079049720        71107192462.611664        233423.11819781872        6.9204371947063725       0.45731080374148880                0           0
