 WIDE PAIRS    T TPHYS N      1.7829999999999144E+00     3.6549872575545250E+00         373
 NAME(I1)    NAME(I2)    M(I1)[M*]                 M(I2)[M*]                 EB[NB]                    ECC                       P[Days]                   SEMI[AU]                  RI[PC]                    VI[km/s]                  K*(I1)      K*(I2)      
         425         527  0.11465606534331962       0.33302475784545238       -3.8531519568399285E-006  0.64489725129304021        3874102534.1653199        36929.782903474435        13.852399666445294       0.52452096712566831                0           0
         428         451  0.50342484150502542        8.2947249527767969E-002  -2.0920586278628684E-006  0.48479154341771358        9676688343.4843578        74384.443243601811        3.7496550468381287       0.34933523145097539                0           0
         429        1090  0.87362270939974029       0.20011615892944146       -4.1334323548699356E-005  0.80261510457027896        697529772.49187338        15762.118004298147        1.8590138867814450       0.55441022194860379                0           0
         433         568  0.70744775892037870       0.83283192557172281       -2.3804502427469130E-005  0.83476564574193091        8244387251.4901705        92238.443997172712        1.6671150165699593       0.74936142793944027                0           0
         441         522  0.96223092533240573       0.15216178671496328       -1.3173934827141848E-005  0.64508087485594179        2916447721.7866416        41417.962953474220        7.5009522235807795       0.77043222066780603                0           0
         448         598  0.49694264276027938        8.1161370196568494E-002  -7.1582468597866354E-006  0.62627990753923735        1461637520.5450618        20997.534342078707        2.6133106489629974       0.14285523647836118                0           0
         456         514   2.1016478498606079       0.17931146769711101       -8.8731046339343903E-005  0.94422840578085276        481558523.76280314        15827.479014137805        14.521956294479004       0.17046779966400649                0           0
         496         896  0.19654063769100966       0.15058728593018661       -2.1880947342797250E-006  0.73557797448870677        7015946555.9189501        50407.351789702821        16.459069656277158       0.80121690174069193                0           0
         516         663  0.40078758403675879       0.18595681337462622       -1.4151813544971091E-005  0.81966157412186669        1311040590.0146792        19626.081254087479        18.671270158267966       0.36753725953582167                0           0
         563        1076  0.53682850220895728       0.31078473953524977       -3.3596967031159446E-006  0.72953492089453531        31583709018.566807        185060.83373955553        3.8105672540090776       0.45676778331204465                0           0
         656         958   8.3917520629396281E-002  0.11415570944869273       -3.7551924253861848E-007  0.18035776378557303        24056556654.443649        95068.670661559983        7.7098816013098492       0.44559209507067887                0           0
         689         584  0.28262787196724670       0.11424465493049518       -1.3120955506969663E-006  0.18308170864347131        16101703843.752306        91707.478363355025        3.1039410937842864       0.16081024069084149                0           0
         834         864  0.14943489976779920       0.18613653504488009       -4.5723897508924214E-007  0.94048209784364334        68059282307.433670        226704.29875660469        6.3546978082921761       0.44727590487037222                0           0
