 WIDE PAIRS    T TPHYS N      1.8019999999999123E+00     3.6939355233388946E+00         373
 NAME(I1)    NAME(I2)    M(I1)[M*]                 M(I2)[M*]                 EB[NB]                    ECC                       P[Days]                   SEMI[AU]                  RI[PC]                    VI[km/s]                  K*(I1)      K*(I2)      
         403         404  0.17519688796893346        3.8994197612049461E-002  -1.0596475354039529E-004  0.98376515778080431        2939110.7267669127        240.26155273319193        16.573632624910129       0.40535963911049028                0           0
         425         527  0.11465606534331962       0.33302475784545238       -3.8484841185942892E-006  0.64273464100271083        3881153037.3310208        36974.575150948476        14.139010230550445       0.52426210649646565                0           0
         428         451  0.50342484150502542        8.2947249527767969E-002  -2.0920651789828961E-006  0.48495419165975256        9676642890.9589176        74384.210315191754        2.7847014411691688       0.34935848368855993                0           0
         429        1090  0.87362270939974029       0.20011615892944146       -3.9359230595207473E-005  0.81185863083499166        750687355.93971908        16553.079812535005        4.1852350941567966       0.55831772085256848                0           0
         433         568  0.70744775892037870       0.83283192557172281       -2.3821758697467001E-005  0.83479979571882890        8235430632.8729782        92171.627289220414        3.3982843931523639       0.74969232970202637                0           0
         441         522  0.96223092533240573       0.15216178671496328       -1.3174971433051223E-005  0.64478148346432906        2916103529.6768970        41414.704190799101        5.7391226179248465       0.77027922858431652                0           0
         448         598  0.49694264276027938        8.1161370196568494E-002  -7.1563691930061869E-006  0.62540049282575216        1462212808.4089565        21003.043612442227        4.4976764421444484       0.14390130656572805                0           0
         456         514   2.1016478498606079       0.17931146769711101       -8.8844354687883412E-005  0.94371748737466010        480637578.36009318        15807.293313932812        12.822081740711607       0.17095631808905523                0           0
         496         896  0.19654063769100966       0.15058728593018661       -2.1888408594258968E-006  0.73490695201090417        7012359501.1554432        50390.169091125048        14.975257245203794       0.80287095504260675                0           0
         516         663  0.40078758403675879       0.18595681337462622       -1.4134190705528347E-005  0.81738230200872264        1313493308.2359011        19650.551511071899        16.244219465803841       0.36753415083440222                0           0
         563        1076  0.53682850220895728       0.31078473953524977       -3.3403537205934051E-006  0.73168450932212159        31858443410.029007        186132.46530077682        5.2515905018981321       0.45616474873247925                0           0
         656         958   8.3917520629396281E-002  0.11415570944869273       -3.7468210064114085E-007  0.17864688913516127        24137225024.226078        95281.079973913336        9.9288524891411818       0.44539458331580872                0           0
         689         584  0.28262787196724670       0.11424465493049518       -1.3217778830206660E-006  0.19182853398139452        15925105117.914688        91035.699622396452        5.0910153658954069       0.16181010684759309                0           0
         834         864  0.14943489976779920       0.18613653504488009       -4.5687594045213813E-007  0.94054928003875737        68140418505.194122        226884.43849595622        7.2078307803112915       0.44661701528500480                0           0
