 WIDE PAIRS    T TPHYS N      1.6089999999999336E+00     3.2983031393187159E+00         373
 NAME(I1)    NAME(I2)    M(I1)[M*]                 M(I2)[M*]                 EB[NB]                    ECC                       P[Days]                   SEMI[AU]                  RI[PC]                    VI[km/s]                  K*(I1)      K*(I2)      
         425         527  0.11465606534331962       0.33302475784545238       -3.8886690495324851E-006  0.66445763518781187        3821147837.1330719        36592.485358789731        13.792220509832452       0.52814566691695486                0           0
         428         451  0.50342484150502542        8.2947249527767969E-002  -2.0965868715749468E-006  0.48326813776155447        9645355464.8304005        74223.786467600323        3.3573148186090283       0.34905052674242726                0           0
         429        1090  0.87362270939974029       0.20011615892944146       -4.0295655958129170E-005  0.69357782490213860        724672292.09261715        16168.405003244605        3.1087101038716067       0.53882508653584416                0           0
         433         568  0.70744775892037870       0.83283192557172281       -2.3887096458541519E-005  0.83153640802052498        8201664506.4742498        91919.512605791868        2.3820682241370479       0.74604622267947307                0           0
         441         522  0.96223092533240573       0.15216178671496328       -1.3215530926387067E-005  0.64768221500384937        2902689212.0972633        41287.599239209238        6.7017727559464353       0.77173691943443923                0           0
         448         598  0.49694264276027938        8.1161370196568494E-002  -7.1669008462736448E-006  0.63532325215175800        1458990943.0786724        20972.179954965712        3.4216833150249562       0.13336545647401649                0           0
         456         514   2.1016478498606079       0.17931146769711101       -8.8005346149109479E-005  0.95360582716275799        487527250.23875648        15957.993863906479        13.399321951006833       0.16442973662408258                0           0
         496         896  0.19654063769100966       0.15058728593018661       -2.1804307354150319E-006  0.74246366650516415        7052969581.1161556        50584.528656921641        15.428900287900829       0.78613301905176136                0           0
         516         663  0.40078758403675879       0.18595681337462622       -1.4267505942765648E-005  0.83570991114090110        1295126505.3126559        19466.937223679874        17.258499346896286       0.36820017169074848                0           0
         563        1076  0.53682850220895728       0.31078473953524977       -3.5203182304078183E-006  0.71057432392318010        29446952282.836819        176617.06479264662        4.1515342448724155       0.46240538661144287                0           0
         656         958   8.3917520629396281E-002  0.11415570944869273       -3.8336076905170125E-007  0.19731481163950590        23322239854.300228        93124.070270131779        8.9196238852294751       0.44763287329872248                0           0
         689         584  0.28262787196724670       0.11424465493049518       -1.2245517074901324E-006  0.10314769146044245        17858884821.402363        98263.694044268079        3.9929180376468718       0.15210027371308527                0           0
         834         864  0.14943489976779920       0.18613653504488009       -4.5039236084511054E-007  0.94078095284877195        69617064277.507095        230150.53145504653        6.8312852257267869       0.45324358217025912                0           0
