 WIDE PAIRS    T TPHYS N      1.4689999999999490E+00     3.0113159177496738E+00         373
 NAME(I1)    NAME(I2)    M(I1)[M*]                 M(I2)[M*]                 EB[NB]                    ECC                       P[Days]                   SEMI[AU]                  RI[PC]                    VI[km/s]                  K*(I1)      K*(I2)      
         425         527  0.11465606534331962       0.33302475784545238       -3.8892813835358704E-006  0.67894705084441409        3820245462.2120810        36586.724185749285        13.647917105554356       0.53259729876439199                0           0
         428         451  0.50342484150502542        8.2947249527767969E-002  -2.1040917738878163E-006  0.48252485988100452        9593796736.5832233        73959.044086282331        3.6096287832985787       0.34871773471300671                0           0
         429        1090  0.87362270939974029       0.20011615892944146       -3.0205915885255427E-005  0.54344534464130401        1116582940.2006011        21569.168366798873        3.2002443306690096       0.53068063608190608                0           0
         433         568  0.70744775892037870       0.83283192557172281       -2.4241454499472133E-005  0.82614562314140239        8022487220.3205528        90575.846597178621        2.3942451797736446       0.74303973111633748                0           0
         441         522  0.96223092533240573       0.15216178671496328       -1.3280147414964284E-005  0.64988184382161474        2881529818.1840625        41086.708420661940        6.8241626062165217       0.77266608554690197                0           0
         448         598  0.49694264276027938        8.1161370196568494E-002  -7.1605506337253766E-006  0.64305906958180248        1460932195.2680049        20990.778776079736        3.4042849669970892       0.12589895080126909                0           0
         456         514   2.1016478498606079       0.17931146769711101       -8.8627194084064348E-005  0.97063958750299395        482405198.19974416        15846.025459255417        13.230163877578308       0.15570868043137370                0           0
         496         896  0.19654063769100966       0.15058728593018661       -2.1729271343654256E-006  0.74888118651972913        7089534313.0570087        50759.208293583630        15.218492320268744       0.77410660007692123                0           0
         516         663  0.40078758403675879       0.18595681337462622       -1.4309750501842135E-005  0.84350956366098573        1289395624.6068108        19409.467865323266        17.117071108219214       0.36945583124616960                0           0
         563        1076  0.53682850220895728       0.31078473953524977       -3.6180147320534766E-006  0.69700844815728125        28262315696.863453        171847.91081206765        3.9758867931965760       0.46712366031568570                0           0
         656         958   8.3917520629396281E-002  0.11415570944869273       -3.8946556729860682E-007  0.21213132786297792        22776036880.124725        91664.368287044956        9.0041208315264836       0.44956044406528151                0           0
         689         584  0.28262787196724670       0.11424465493049518       -1.1557701646594183E-006   3.9455727189039176E-002   19476584962.974468        104111.50763841953        3.9789329631983321       0.14577051444704367                0           0
         834         864  0.14943489976779920       0.18613653504488009       -4.4334178837809573E-007  0.94081327964270045        71284355232.144196        233810.67142579498        6.9398063579618992       0.45794254262711670                0           0
