 WIDE PAIRS    T TPHYS N      1.3799999999999588E+00     2.8288740411807827E+00         373
 NAME(I1)    NAME(I2)    M(I1)[M*]                 M(I2)[M*]                 EB[NB]                    ECC                       P[Days]                   SEMI[AU]                  RI[PC]                    VI[km/s]                  K*(I1)      K*(I2)      
         425         527  0.11465606534331962       0.33302475784545238       -3.8629836940817942E-006  0.68763121890564161        3859321894.8068886        36835.792363865796        13.627241642757747       0.53605792615860659                0           0
         428         451  0.50342484150502542        8.2947249527767969E-002  -2.1097329660884737E-006  0.48247737443264427        9555343346.0122623        73761.285796786033        3.6656288094719001       0.34845484496498691                0           0
         429        1090  0.87362270939974029       0.20011615892944146       -2.1940660464055486E-005  0.69202638304799069        1803659095.2786605        29694.479182602208        3.4258742936316304       0.52187105417499990                0           0
         433         568  0.70744775892037870       0.83283192557172281       -2.4517271549791933E-005  0.82215581338856536        7887490320.5692759        89556.876652341321        2.4846374121954629       0.74098912230023095                0           0
         441         522  0.96223092533240573       0.15216178671496328       -1.3320962572233385E-005  0.65122104162186678        2868296544.9938869        40960.819585169331        6.7396547470705519       0.77320235131367554                0           0
         448         598  0.49694264276027938        8.1161370196568494E-002  -7.1489378220406674E-006  0.64781600686161345        1464493371.5099380        21024.876423465965        3.5682360912591702       0.12127155352744863                0           0
         456         514   2.1016478498606079       0.17931146769711101       -8.8124824055357722E-005  0.98039245281832310        486536116.55760610        15936.358329138386        13.019561367543959       0.14560488834944282                0           0
         496         896  0.19654063769100966       0.15058728593018661       -2.1674320832008838E-006  0.75334547531300700        7116512345.4686966        50887.897191753371        15.022761276783658       0.76652791925090824                0           0
         516         663  0.40078758403675879       0.18595681337462622       -1.4318175517436223E-005  0.84685246725577668        1288257744.2886147        19398.047061797068        16.857083069763863       0.37051412180240717                0           0
         563        1076  0.53682850220895728       0.31078473953524977       -3.6606950521200815E-006  0.68950936007054464        27769490478.126400        169844.32304203784        4.0233682005411460       0.47021143708296009                0           0
         656         958   8.3917520629396281E-002  0.11415570944869273       -3.9309318764005590E-007  0.22180113597667786        22461485888.071091        90818.453024609407        9.1906398367991287       0.45090926906345946                0           0
         689         584  0.28262787196724670       0.11424465493049518       -1.1127367759216862E-006   1.3670971494588128E-003   20617279860.603798        108137.86057041859        4.1464034777460403       0.14212201747451869                0           0
         834         864  0.14943489976779920       0.18613653504488009       -4.4064454328397804E-007  0.94047224594900514        71939867631.057968        235241.85829981280        7.0466776740047452       0.46087222256337995                0           0
