 WIDE PAIRS    T TPHYS N      1.5349999999999417E+00     3.1466098936322222E+00         373
 NAME(I1)    NAME(I2)    M(I1)[M*]                 M(I2)[M*]                 EB[NB]                    ECC                       P[Days]                   SEMI[AU]                  RI[PC]                    VI[km/s]                  K*(I1)      K*(I2)      
         265         266   8.4095384718170976E-002   3.6296916915751078E-002  -2.5174667323239602E-005  0.98202467902765089        10110836.984383116        451.85333802569738        2.8914032528746265       0.51368515299144313                0           0
         425         527  0.11465606534331962       0.33302475784545238       -3.8939062656788574E-006  0.67225158477623470        3813441393.2842417        36543.269290892546        13.747398863272053       0.53034147365270123                0           0
         428         451  0.50342484150502542        8.2947249527767969E-002  -2.1002752686356839E-006  0.48278722578250971        9619958595.9861946        74093.438412784744        3.4858200249681435       0.34888654483351889                0           0
         429        1090  0.87362270939974029       0.20011615892944146       -3.5852909577246389E-005  0.60480167032003751        863460335.79820967        18171.927831930159        3.0603684514681637       0.53462387699635827                0           0
         433         568  0.70744775892037870       0.83283192557172281       -2.4058096739392487E-005  0.82886936033217784        8114376315.8607540        91266.166555955031        2.2685854670760084       0.74449207593027567                0           0
         441         522  0.96223092533240573       0.15216178671496328       -1.3249096482662237E-005  0.64884721337408213        2891665595.0446868        41183.000315234021        6.8034568888037130       0.77224117656783287                0           0
         448         598  0.49694264276027938        8.1161370196568494E-002  -7.1651894230480910E-006  0.63941280355896390        1459513699.6870224        20977.189212048292        3.3563458783217452       0.12939418329444149                0           0
         456         514   2.1016478498606079       0.17931146769711101       -8.8236120614701332E-005  0.96169713347747332        485615868.99316490        15916.257016454376        13.422924584515542       0.16049422404954120                0           0
         496         896  0.19654063769100966       0.15058728593018661       -2.1766071117610232E-006  0.74574888087328794        7071562560.9447289        50673.389985755122        15.395503439085019       0.77976169853842703                0           0
         516         663  0.40078758403675879       0.18595681337462622       -1.4294616529330175E-005  0.84027855188401390        1291443826.6548598        19430.017024689863        17.283779889907592       0.36879523214548088                0           0
         563        1076  0.53682850220895728       0.31078473953524977       -3.5763075355057010E-006  0.70315547104029152        28758150551.651489        173852.01547068730        4.0325468350755207       0.46487828070383586                0           0
         656         958   8.3917520629396281E-002  0.11415570944869273       -3.8660521500083110E-007  0.20504688040865413        23029271340.225792        92342.559827874138        8.8423226027884620       0.44862149341045465                0           0
         689         584  0.28262787196724670       0.11424465493049518       -1.1879568674136570E-006   6.9345757254216628E-002   18690418246.883183        101290.69297622639        3.9232598043906011       0.14866908502066647                0           0
         834         864  0.14943489976779920       0.18613653504488009       -4.4626806097618720E-007  0.94088518833026202        70584366330.643768        232277.52616902257        6.7938653208607249       0.45574092491684653                0           0
