 WIDE PAIRS    T TPHYS N      1.3159999999999659E+00     2.6976798827492208E+00         373
 NAME(I1)    NAME(I2)    M(I1)[M*]                 M(I2)[M*]                 EB[NB]                    ECC                       P[Days]                   SEMI[AU]                  RI[PC]                    VI[km/s]                  K*(I1)      K*(I2)      
         425         527  0.11465606534331962       0.33302475784545238       -3.8260459125627534E-006  0.69378700128786197        3915345126.2909098        37191.416023777878        13.468056142676197       0.53882292105243279                0           0
         428         451  0.50342484150502542        8.2947249527767969E-002  -2.1139098434358832E-006  0.48270457718969512        9527036716.3565254        73615.540771416534        3.8654974054840716       0.34824010689623580                0           0
         429         573  0.87362270939974029       0.18045805036162924       -2.3087828546190913E-005  0.97281056598028548        1444135408.0077109        25446.990239645485        3.5028864395081896       0.51488930646768094                0           0
         433         568  0.70744775892037870       0.83283192557172281       -2.4725914958507289E-005  0.81915545250726229        7787866323.4929838        88801.173494338829        2.5550368544215463       0.73945367657955619                0           0
         441         522  0.96223092533240573       0.15216178671496328       -1.3348215464150548E-005  0.65209212134358985        2859516780.0530720        40877.190369564363        6.8366919376651714       0.77356203426483416                0           0
         448         598  0.49694264276027938        8.1161370196568494E-002  -7.1362587594868929E-006  0.65104619882662063        1468398074.7135513        21062.231532402297        3.5934513875127156       0.11801806647671235                0           0
         456         514   2.1016478498606079       0.17931146769711101       -8.2548380471632291E-005  0.97899679113007854        536660514.81489831        17012.917343921388        12.927359469711860       0.13219023917866432                0           0
         496         896  0.19654063769100966       0.15058728593018661       -2.1631095132248074E-006  0.75674750296023774        7137854527.9617252        50989.587140968564        14.841014373788477       0.76111569996752004                0           0
         516         663  0.40078758403675879       0.18595681337462622       -1.4316912270785657E-005  0.84869645981160269        1288428251.3589089        19399.758640209708        16.770772560793027       0.37137589559799122                0           0
         563        1076  0.53682850220895728       0.31078473953524977       -3.6806986432309004E-006  0.68475989647234259        27543418948.705315        168921.26556845874        3.9817543158289879       0.47246776812596314                0           0
         656         958   8.3917520629396281E-002  0.11415570944869273       -3.9556300727020365E-007  0.22879232846944800        22251446783.064278        90251.400004136711        9.2671938929129194       0.45193629698452675                0           0
         689         584  0.28262787196724670       0.11424465493049518       -1.0820841353638728E-006   2.9416354162092380E-002   21499506139.992420        111201.12604343225        4.1742849796450168       0.13970338380467723                0           0
         834         864  0.14943489976779920       0.18613653504488009       -4.3943650965488761E-007  0.94008106212790166        72236721023.664200        235888.55030093729        7.1265227215576026       0.46294743179697789                0           0
