 WIDE PAIRS    T TPHYS N      1.3549999999999616E+00     2.7776263230434539E+00         373
 NAME(I1)    NAME(I2)    M(I1)[M*]                 M(I2)[M*]                 EB[NB]                    ECC                       P[Days]                   SEMI[AU]                  RI[PC]                    VI[km/s]                  K*(I1)      K*(I2)      
         425         527  0.11465606534331962       0.33302475784545238       -3.8506279950634360E-006  0.69003600301500978        3877912181.1332970        36953.989178550095        13.474162767358598       0.53711137791365260                0           0
         428         451  0.50342484150502542        8.2947249527767969E-002  -2.1112923422534301E-006  0.48255648986194805        9544759101.4382496        73706.806562117243        3.8397443805226601       0.34837390238151417                0           0
         429        1090  0.87362270939974029       0.20011615892944146       -2.0781150136083426E-005  0.76520313615894620        1956701739.9812903        31351.319880566956        3.4281905865026765       0.51764653972265307                0           0
         433         568  0.70744775892037870       0.83283192557172281       -2.4598244145956975E-005  0.82099075298384494        7848576281.7411585        89262.072975951101        2.5434736292651561       0.74039518130187654                0           0
         441         522  0.96223092533240573       0.15216178671496328       -1.3331857306466816E-005  0.65157076838288930        2864781324.7095566        40927.346586388623        6.8671983504347560       0.77334542829482877                0           0
         448         598  0.49694264276027938        8.1161370196568494E-002  -7.1444747353044206E-006  0.64911172032228592        1465865868.8272386        21038.010467685213        3.5273413137895049       0.11999276404484564                0           0
         456         514   2.1016478498606079       0.17931146769711101       -8.7028645570427622E-005  0.98106250428676645        495757327.26701516        16137.086411415632        12.990365316034012       0.14134651564886463                0           0
         496         896  0.19654063769100966       0.15058728593018661       -2.1658057868852669E-006  0.75467261606833969        7124529497.9591465        50926.108743413999        14.914516416347695       0.76440972818386321                0           0
         516         663  0.40078758403675879       0.18595681337462622       -1.4318314272105834E-005  0.84762483205254302        1288239018.1305039        19397.859080896520        16.864363388296404       0.37084147671454121                0           0
         563        1076  0.53682850220895728       0.31078473953524977       -3.6695643167752403E-006  0.68759107163034761        27668873869.469524        169433.81265955191        3.9551215929563912       0.47108834610085576                0           0
         656         958   8.3917520629396281E-002  0.11415570944869273       -3.9409600692671872E-007  0.22453915398794214        22375806984.016521        90587.355792774484        9.2139982159107845       0.45130491949904827                0           0
         689         584  0.28262787196724670       0.11424465493049518       -1.1008146439333456E-006   1.1919771506055247E-002   20953121497.493530        109309.02399358194        4.1082245915518110       0.14115761516713021                0           0
         834         864  0.14943489976779920       0.18613653504488009       -4.4009649439042890E-007  0.94033371399312538        72074288731.483673        235534.80323757292        7.1042383128156104       0.46168551302969751                0           0
