 WIDE PAIRS    T TPHYS N      1.1279999999999866E+00     2.3122970423565077E+00         373
 NAME(I1)    NAME(I2)    M(I1)[M*]                 M(I2)[M*]                 EB[NB]                    ECC                       P[Days]                   SEMI[AU]                  RI[PC]                    VI[km/s]                  K*(I1)      K*(I2)      
         267         268  0.11152016154947933        1.9237634443879208E-002  -2.0555768498689292E-005  0.97570675416840169        7748050.4995537419        388.94722376727810        2.3878991545688737       0.54270417747005606                0           0
         425         527  0.11465606534331962       0.33302475784545238       -3.6340882568853563E-006  0.71230469073275926        4229627395.0322542        39155.918954525609        13.526412103487530       0.54812269291995130                0           0
         428         451  0.50342484150502542        8.2947249527767969E-002  -2.1255941151322832E-006  0.48477621483097544        9448590387.5595398        73210.880270464259        3.9822672931279661       0.34747819741571578                0           0
         429         573  0.87362270939974029       0.18045805036162924       -2.9976695656493103E-005  0.46692459262417835        976128316.17637396        19599.083047776476        4.5795041623617880       0.50675946490383705                0           0
         433         568  0.70744775892037870       0.83283192557172281       -2.5339901275406472E-005  0.81019616463631472        7506537653.2742929        86649.519276844643        3.2660088046817588       0.73468051438890036                0           0
         441         522  0.96223092533240573       0.15216178671496328       -1.3413322517083813E-005  0.65386853198094985        2838722311.5426717        40678.776188904449        6.2959900379553719       0.77449336575129779                0           0
         448         598  0.49694264276027938        8.1161370196568494E-002  -7.0752898830127746E-006  0.65926278362331414        1487419027.7080283        21243.728066650518        4.5193516747201148       0.10892993365964668                0           0
         456         514   2.1016478498606079       0.17931146769711101       -4.1738782480091944E-005  0.93270559419845966        1492632226.2830262        33647.094869341316        11.993378314570792       0.25502069573158803                0           0
         496         896  0.19654063769100966       0.15058728593018661       -2.1482130010222127E-006  0.76754977909641819        7212227918.3370838        51343.168004080966        14.175319622201986       0.74543196502932285                0           0
         516         663  0.40078758403675879       0.18595681337462622       -1.4283823692426129E-005  0.85224013901737128        1292907822.7992222        19444.698317970004        15.643334646646553       0.37428946926804030                0           0
         540        1106  0.11908345594886549       0.21419108558098290       -4.5082928954832808E-007  0.70090736974107726        61253259826.591896        210843.41137829903        15.953214175910086       0.44463270420325252                0           0
         563        1076  0.53682850220895728       0.31078473953524977       -3.6839697350464998E-006  0.67432855601430564        27506742324.327328        168771.27601669205        4.6300483593533066       0.47921136398688530                0           0
         656         958   8.3917520629396281E-002  0.11415570944869273       -4.0183883131585197E-007  0.24905555987316885        21732210638.734303        88841.874935480053        10.223928086322029       0.45522156509432093                0           0
         689         584  0.28262787196724670       0.11424465493049518       -9.9167075670596721E-007  0.11412702349031832        24505793459.166092        121339.64172332075        5.1098730100150513       0.13371266090352690                0           0
         834         864  0.14943489976779920       0.18613653504488009       -4.3872787485402497E-007  0.93835384388785859        72411807183.462189        236269.55831398844        7.7407771699618975       0.46887799889667803                0           0
