 WIDE PAIRS    T TPHYS N      1.1749999999999814E+00     2.4086427524546856E+00         373
 NAME(I1)    NAME(I2)    M(I1)[M*]                 M(I2)[M*]                 EB[NB]                    ECC                       P[Days]                   SEMI[AU]                  RI[PC]                    VI[km/s]                  K*(I1)      K*(I2)      
         425         527  0.11465606534331962       0.33302475784545238       -3.6881213020055086E-006  0.70778927048525364        4137019052.3859921        38582.262785884835        13.581150123023805       0.54564693685134646                0           0
         428         451  0.50342484150502542        8.2947249527767969E-002  -2.1227198945758845E-006  0.48408379045213401        9467787355.3216534        73310.009796485625        3.9365684792720246       0.34768779254884813                0           0
         429         573  0.87362270939974029       0.18045805036162924       -2.6238359817713224E-005  0.38972018507362388        1192003482.2920749        22391.481470305294        4.7767584183533254       0.51170300624414211                0           0
         433         568  0.70744775892037870       0.83283192557172281       -2.5189469705502078E-005  0.81241854275897052        7573881537.9867382        87166.990401432457        3.4770151980853128       0.73590815849915758                0           0
         441         522  0.96223092533240573       0.15216178671496328       -1.3399323073990232E-005  0.65355079733494059        2843172265.0440893        40721.276859216552        6.1452879501358781       0.77427804791906440                0           0
         448         598  0.49694264276027938        8.1161370196568494E-002  -7.0937156645959212E-006  0.65740243984888469        1481627481.8127389        21188.547916800213        4.7242984727229294       0.11112595931781011                0           0
         456         514   2.1016478498606079       0.17931146769711101       -5.3623710421274384E-005  0.90756376053235832        1025007839.6537712        26189.697855769507        11.891098022956793       0.27407776550609514                0           0
         496         896  0.19654063769100966       0.15058728593018661       -2.1521963100388096E-006  0.76473356911954293        7192214477.5412960        51248.141494139760        14.082780764794588       0.74932098476730347                0           0
         516         663  0.40078758403675879       0.18595681337462622       -1.4295704259287727E-005  0.85156086428721167        1291296434.6070144        19428.538635712994        15.458085737750995       0.37351511438776852                0           0
         540        1106  0.11908345594886549       0.21419108558098290       -4.2674334638036272E-007  0.71690508090498906        66511578351.293884        222743.68461482943        15.774300545541932       0.44289480999615277                0           0
         563        1076  0.53682850220895728       0.31078473953524977       -3.6910177928411004E-006  0.67641558333460172        27427993097.691795        168449.00455277733        4.8524825356865415       0.47751613320386022                0           0
         656         958   8.3917520629396281E-002  0.11415570944869273       -4.0041539035656407E-007  0.24400825965278214        21848197669.704838        89157.699868109354        10.411739879879383       0.45436211723278846                0           0
         689         584  0.28262787196724670       0.11424465493049518       -1.0144559799652765E-006   9.2785168463402581E-002   23684827107.822113        118614.28854736025        5.3169710873612450       0.13504400288204013                0           0
         834         864  0.14943489976779920       0.18613653504488009       -4.3857355202194690E-007  0.93885634191787393        72450030343.805084        236352.69553739089        7.8268584804726729       0.46741981626510881                0           0
