 WIDE PAIRS    T TPHYS N      1.5269999999999426E+00     3.1302106238282770E+00         373
 NAME(I1)    NAME(I2)    M(I1)[M*]                 M(I2)[M*]                 EB[NB]                    ECC                       P[Days]                   SEMI[AU]                  RI[PC]                    VI[km/s]                  K*(I1)      K*(I2)      
         265         266   8.4095384718170976E-002   3.6296916915751078E-002  -2.5178204753076627E-005  0.98206905905747388        10108706.265345071        451.78985456865320        2.9040430169910518       0.51335205644315685                0           0
         425         527  0.11465606534331962       0.33302475784545238       -3.8939228867459119E-006  0.67311827536350333        3813416977.0081701        36543.113307287596        13.747290107735109       0.53060014264230060                0           0
         428         451  0.50342484150502542        8.2947249527767969E-002  -2.1006666456398323E-006  0.48275935845943752        9617270267.1089020        74079.634000736216        3.4894226933362016       0.34886702286363946                0           0
         429        1090  0.87362270939974029       0.20011615892944146       -3.5252300863541756E-005  0.59467023305631672        885620782.08525360        18481.530834665122        3.0749339384499721       0.53417540351132742                0           0
         433         568  0.70744775892037870       0.83283192557172281       -2.4079003025758105E-005  0.82854795998253261        8103810804.8738966        91186.925874292661        2.2737037927960193       0.74431926981462537                0           0
         441         522  0.96223092533240573       0.15216178671496328       -1.3252705974458502E-005  0.64895786063480276        2890484319.4001293        41171.783760511542        6.7982640036383311       0.77229280533741007                0           0
         448         598  0.49694264276027938        8.1161370196568494E-002  -7.1648729727575698E-006  0.63991244106876355        1459610394.0671825        20978.115709649253        3.3641136765696396       0.12896799551140736                0           0
         456         514   2.1016478498606079       0.17931146769711101       -8.8280604499101344E-005  0.96272587826152300        485248868.35704678        15908.236942948784        13.404625205582912       0.15999021377402953                0           0
         496         896  0.19654063769100966       0.15058728593018661       -2.1761747358252654E-006  0.74611823722189974        7073670198.6945515        50683.458090146007        15.382751124463248       0.77907478370989502                0           0
         516         663  0.40078758403675879       0.18595681337462622       -1.4296775944084661E-005  0.84072347425440097        1291151244.1638503        19427.082274533106        17.264828723923252       0.36886898481684249                0           0
         563        1076  0.53682850220895728       0.31078473953524977       -3.5817610903941056E-006  0.70238780263922340        28692495235.091076        173587.31006881897        4.0290860971034324       0.46514869408402504                0           0
         656         958   8.3917520629396281E-002  0.11415570944869273       -3.8695363100484180E-007  0.20589714429253791        22998174745.117733        92259.413881906905        8.8563668655240289       0.44873246889590157                0           0
         689         584  0.28262787196724670       0.11424465493049518       -1.1840335476416866E-006   6.5709415061928289E-002   18783391792.222790        101626.32179287753        3.9315072955875130       0.14830927947250044                0           0
         834         864  0.14943489976779920       0.18613653504488009       -4.4586679399525844E-007  0.94088569893611795        70679673541.822769        232486.56910049604        6.8042518409468649       0.45600914617392274                0           0
