 WIDE PAIRS    T TPHYS N      0.0000000000000000E+00     0.0000000000000000E+00         452
 NAME(I1)    NAME(I2)    M(I1)[M*]                 M(I2)[M*]                 EB[NB]                    ECC                       P[Days]                   SEMI[AU]                  RI[PC]                    VI[km/s]                  K*(I1)      K*(I2)      
         127         128  0.41687934908818136       0.27898104023835063       -1.0601178902455662E-003  0.99435467638647912        3619549.6013327502        408.83704799762808        11.081259046904378       0.21634274726412395                0           0
          37          38  0.10983277472157330        9.0349772612143470E-002  -1.6313341473165626E-004  0.98169658076987987        2786315.3109417302        226.69160030459008        16.123159261018422       0.57918097947267244                0           0
         133         134  0.13034205300579016        4.8697333779162973E-002  -3.8326853583905983E-005  0.98114063562228448        13235025.978076557        617.17156641062525        11.237992547020070       0.37403795367881787                0           0
          15          16  0.12041882448822794        4.7134796559794988E-002  -1.1370671961489790E-004  0.97825713538025660        2263951.6854378707        186.02410590698861        10.144927623395802       0.55928811099799425                0           0
          41          42  0.11122608390456809        8.6847116325004775E-002  -3.0034532536298833E-004  0.97689668037745225        1076882.0256715650        119.85620113396676        4.5479709442461180       0.81728064523134891                0           0
         143         144  0.25022565110097550       0.15769561095085233       -3.9892806314087399E-004  0.97381584391780329        4047308.6554477117        368.61769715584046        10.741869557436848       0.62359195467498107                0           0
         145         146  0.11284151051838727        7.1741434973604884E-002  -2.4258882455015078E-005  0.99381495489230909        37284273.309538387        1243.6194226748653        15.172814085815350       0.40915934693433964                0           0
         147         148  0.31456825641218544       0.25964081492902225       -6.6242642909835345E-004  0.98457589518239308        4747440.3333360283        459.48310101898306        15.084957062278855       0.45589012495235859                0           0
         155         156  0.50373356431637750       0.18870347651975347       -4.6345161341563015E-003  0.98128217341403645        293321.34734041919        76.435608674442705        14.410091484506882       0.65165593866956140                0           0
         157         158  0.17882018552997023        8.7937108552675433E-002  -4.2074212640743606E-005  0.98534941120640673        36759548.180210695        1392.8105932483609        9.9235232706793450       0.37483951123246234                0           0
         159         160  0.52009082554844766       0.13749382338007102       -6.8562093749647548E-003  0.98252685342656620        109146.76312239216        38.868487947458902        6.4750643800304672       0.56450056957760575                0           0
         161         162   9.3309048906446132E-002   9.2827486138433946E-002  -9.1368839440982908E-005  0.98811205262655610        5621559.1092486745        353.28205639645302        9.5742229895160680       0.51845803321389661                0           0
          45          46   8.6894120985331738E-002   8.6164685909330241E-002  -8.2039985079965480E-005  0.98389760932313819        5506980.9263161942        340.10535254822042        10.121048719301458       0.59843457178760462                0           0
          47          48   9.8900608463481726E-002   3.1153535981132970E-002  -9.0443574594826636E-005  0.96930144058323509        1448771.9145725386        126.95444988273456        14.200623454908630       0.83636543656823881                0           0
         171         172  0.11855449161888632       0.10910379859810015       -6.3808205140671688E-004  0.99690790723270206        502631.29685271805        75.544124335574210        5.2232570819653334       0.23152154813652598                0           0
         175         176   8.2952047495663137E-002   3.6571247402372269E-002  -5.1727264596387011E-005  0.99015937026207368        3413610.8231368861        218.55799962100039        15.282225564581793       0.56114535657295095                0           0
          51          52  0.11606384615255892        9.5064690585184505E-002  -1.2272095394039108E-004  0.98227712393667921        4875194.7804874480        335.05554585245562        2.2236491853538913       0.44304663257202631                0           0
         183         184  0.10185732075756881        5.4219839429199369E-002  -4.3500753747033498E-005  0.97499942368087789        9514371.2034211997        473.12187616292215        16.442122330827836       0.32410550191832899                0           0
         185         186  0.24628085064239766        6.9358336926096664E-002  -1.8551063000964863E-003  0.99057563489652056        130681.63030321640        34.314671981679133        10.694965314775006       0.58063333760898472                0           0
         187         188  0.16652052450678573        4.4390738220572948E-002  -5.1200010073437958E-004  0.98740974572134355        313873.37662926345        53.803363614975972        8.3755186025167756       0.68121140363797095                0           0
         189         190  0.11107991559331475        5.1209466390144058E-002  -5.9400765476532781E-005  0.98672843532522692        6112442.6916262163        356.87250223853289        16.756851537536836       0.12623157671071158                0           0
         191         192  0.17819880543248182        5.0730547014061628E-002  -8.9966446008863212E-004  0.98450816413781039        174927.92405670017        37.446661509912204        13.038415342144662       0.62038014657143303                0           0
          53          54  0.10539273585624893        8.3691576402142989E-002  -9.4861511100944370E-004  0.98840765608586256        171334.59477184594        34.651474868088648        10.379370967258247       0.32968328295519278                0           0
          55          56   8.3915877860446200E-002   1.7498204653530233E-002  -7.7740023298345876E-005  0.96898179475493085        677344.40326211019        70.390216890081760        15.484459471002417       0.14394044894484367                0           0
          17          18   8.8310858010865509E-002   3.6165089814597706E-002  -2.2320689073615313E-005  0.98149418761775975        12747369.936232312        533.23100105761216        8.7928434768723047       0.38657167367642598                0           0
         199         200  0.11230093762090229        4.7925291740752780E-002  -4.9844691407323016E-005  0.98561522321697415        7365398.9646445876        402.39129041574148        12.353492016056940       0.21635944248715908                0           0
         201         202  0.41909726131645580       0.36316033186407948       -5.4401162370475665E-003  0.97784450949030977        439644.76565034402        104.26159967754458        11.325518986864264       0.39215676761906149                0           0
         203         204  0.10958957416913398        5.6611292613942377E-002  -6.2817189708812217E-004  0.98494205253257949        200052.18434631394        36.805535729976455        11.098796584068694       0.18353971482777912                0           0
           7           8  0.10772050310063933        1.1526931384030817E-002  -3.7943507501890805E-005  0.99082762428980919        1424480.8531797891        121.95340834887759        9.1840938184813830       0.42505635275226017                0           0
          61          62  0.16574606629006447        5.1105325148539382E-002  -1.0680819735806443E-004  0.98146616123345187        3985155.9627234745        295.54535385009302        8.5480223405250868       0.42927233900379652                0           0
         213         214   8.6717284611907239E-002   1.7710005955573944E-002  -1.1427054686361106E-004  0.98213823291994218        400633.56469976314        50.085199477353079        9.0777834340959842       0.38133803800003091                0           0
         215         216   9.9764396033006283E-002   5.7531129034738331E-002  -1.3467095584114057E-004  0.99202776660277059        1843392.6146360273        158.82683009113106        16.720457747576837       0.26177108826193035                0           0
         217         218   8.1228311512873880E-002   6.5270211912634449E-002  -8.4863418460832436E-005  0.97699079463411509        3390045.2455760427        232.82052406178943        13.519297179930630       0.79272325118155174                0           0
         219         220   5.9461379470541447        2.5291364086335988      -0.75298889733549401       0.98221947787691688        80560.163274790233        74.428282497799202        11.251700846509088       0.27706193693114750                0           0
         221         222  0.10685030920939192        6.9974509155263417E-002  -3.1623936199909058E-005  0.98395682912743443        22716802.205775287        881.08753038153156        9.8097457519268012       0.18324705471810451                0           0
         223         224  0.13901763968801717        6.0776114313866474E-002  -7.7058181730126478E-005  0.98944866039345036        6749232.6790454416        408.60475824235510        9.4790887651850610       0.41297658650892782                0           0
          21          22  0.17137201111473407        1.8580527211685235E-002  -2.8964591854889124E-004  0.97725696322421618        219756.86319491963        40.968479789042107        8.9370366211255323       0.26572253655437206                0           0
          65          66   8.1196656538748205E-002   3.2700733033609646E-002  -6.2627560553049340E-005  0.98185950710826420        2149352.0306438622        157.99723078148577        9.3805893341047639       0.54949935893831137                0           0
          67          68  0.52597586808430075       0.46375414949012228       -9.5351719581659496E-003  0.98266164262056743        341742.11637867516        95.333257752546928        15.407592963474229       0.37417373683258875                0           0
          69          70  0.10464422723177559       0.10349050793134676       -8.6376446186654451E-005  0.98048939589304007        8085886.4671043949        467.23976621064344        10.768938191785002       0.18813187086351046                0           0
          71          72  0.16939743337267674        2.6319217633798585E-002  -4.7647922471816918E-004  0.96976275264661438        170003.97979286793        34.870258567021295        9.6577856526414880       0.26066047481173149                0           0
         237         238  0.17519413512811899        4.8620481183886892E-002  -9.6132030410463150E-005  0.99516823965630541        4632666.7197537804        330.20985992402012        16.223056820869406       0.54847918560446740                0           0
          73          74  0.94128231410560004       0.69908498357263338       -1.0547911671726262E-002  0.98595370073493005        1010936.2257381047        232.48916836297317        12.556561387308513       0.45210451046622513                0           0
         243         244  0.10897784068549871        6.2870305948584129E-002  -1.2688895046758747E-004  0.99346248624207090        2514992.8390835356        201.22378002508754        13.593146536347181       0.33702873692111024                0           0
         245         246  0.10614450888457336        7.9534736728126665E-002  -8.8337982599075886E-004  0.97533571397181384        180155.65605751588        35.614449760937475        13.597000811121609       0.26422859931419990                0           0
          77          78   9.3430964505624117E-002   2.0354482771848002E-002  -1.6334867568971055E-004  0.97425298766735469        309441.66992076457        43.386500443648458        14.842198912276041       0.51529400167766426                0           0
         255         256   8.3811449474318997E-002   3.0344259974373743E-002  -1.9498744084967543E-004  0.99476389621085504        366336.59478158696        48.606304008543745        13.117212371704408       0.48357973211714711                0           0
         265         266   8.4095384718170976E-002   3.6296916915751078E-002  -2.5177561545635434E-005  0.98213568493364001        10109093.636254985        451.80139637725085        7.6641817901388443       0.43887775725896233                0           0
         267         268  0.11152016154947933        1.9237634443879208E-002  -2.0549460714980051E-005  0.97570900888443812        7751618.2411364606        389.06661351652070        5.4911093436397547       0.52369355924370931                0           0
         275         276  0.13196141201412448        6.9014568623332620E-002  -4.7733186645741944E-005  0.97886687883053958        15447140.797924491        711.02789475203042        13.889207182835493       0.41806381991585001                0           0
         281         282   8.0478030877779258E-002   1.6466831233086777E-002  -1.7957585599111128E-005  0.98263255683164907        5350150.2210146124        275.01651022501699        13.438322081470007       0.50338122302378430                0           0
         283         284  0.18094602805437388        8.1870494517192083E-002  -1.6064048934281573E-003  0.97697878778795366        143540.70360593352        34.366933744459381        7.3611580060331958       0.31133569935739580                0           0
         285         286   8.9462339041284894E-002   4.2834040765278178E-002  -1.2838115287640078E-004  0.97557081789339750        1178113.9087990129        111.23651117792620        11.053585785824938       0.64307062163336315                0           0
          85          86   8.0567479673496034E-002   7.0359839832317903E-002  -1.6540518687263480E-004  0.98642697249066891        1357027.1706500652        127.71880079088066        6.0108489190520897       0.28719386003108438                0           0
         289         290  0.10428359770713377        2.3242149003040714E-002  -2.7029152441840264E-005  0.98103003048534454        6248274.1958383527        334.17903075517222        12.201311880428289       0.16721323021065981                0           0
         293         294  0.55382231722128972       0.12326253909399966       -1.3046112418378815E-003  0.97555653148623256        1208727.3432222921        195.00232142388168        13.704584400505970       0.45374614131313984                0           0
         299         300   9.2079428251349071E-002   8.2023039557947389E-002  -6.9095548829520122E-005  0.98690445833214646        7196798.9186582910        407.35001654026445        16.593809906789353       0.13925412301407852                0           0
          89          90  0.20842321107894346       0.10223825271363279       -1.3435558189615240E-003  0.98702585523212483        297770.18934533693        59.104850487123855        8.5506693387363413       0.78127569108086370                0           0
         305         306   8.5255713978393793E-002   1.6586699482616780E-002  -1.1931054960498675E-005  0.97559869544945921        10624581.342811780        441.69650387172209        16.546325768745593       0.32658248515426158                0           0
         309         310  0.10545420084030525        5.3264404142991120E-002  -5.7854824642762122E-005  0.98365987670856214        6309535.2974080937        361.81012185553351        14.430180354201541       0.51169471893206941                0           0
          93          94   8.5361728603296438E-002   7.1347741082274679E-002  -4.1080169999161347E-004  0.97813111729096569        378912.03809977311        55.249777405650100        14.794533596784937       0.35527539206137965                0           0
         313         314  0.11479116130453372        5.7685466757393881E-002  -3.9453357410849504E-004  0.99253778260593573        435051.27199957514        62.547539464729240        6.3293316779806856       0.37381819889352391                0           0
         315         316  0.30834333591613694       0.21242803698149326       -3.5543938572163442E-003  0.96932788870002662        288049.38781481766        68.675240486761382        11.782140443628847       0.39136942920349521                0           0
          95          96  0.62290701776509083        9.1312241257938784E-002  -2.4693957750336745E-003  0.98226996671645939        343712.82611179136        85.838251320915404        12.211891856908924       0.46125604554783883                0           0
         325         326  0.14296285691723640        1.8018411898666035E-002  -1.7590729547544154E-005  0.98532676039048905        11605540.510458941        545.72671397063164        5.0547273023879091       0.32830324471360522                0           0
         331         332  0.12214104311112879        9.8521910482032543E-002  -1.1537744475271625E-003  0.97154146176181722        188414.71369883139        38.868060412099268        11.830110617877718       0.30243557839503632                0           0
          99         100  0.11123848720615616        3.9011678252708890E-002  -1.9764292318422746E-004  0.98119826314047431        697452.13490350684        81.825331836241205        13.240392074938629       0.54322895315546904                0           0
         343         344   9.9716206803828866E-002   3.9838043689421537E-002  -1.9541240526387598E-004  0.98548226088114510        644711.07193717931        75.758428781069014        16.519290263784875       0.71182175878173248                0           0
         345         346  0.55774375829353751       0.47607345656862060       -4.7923499725784713E-003  0.97923473728067101        1065829.1414100488        206.48071577719162        3.2557444906054318       0.23007788850846408                0           0
         347         348  0.19457293008789711        9.8264029982305379E-002  -8.4213013319379222E-004  0.97623408325519767        525294.62616889435        84.609108456412812        4.0067726349185948       0.46004581783009330                0           0
         103         104   9.4240900685283069E-002   8.1646476448274677E-002  -1.9581377193119131E-004  0.97431289086110118        1543307.1035001702        146.43772658146943        7.6014072459255990       0.17699306067518031                0           0
          29          30   9.2064989403419284E-002   3.8673592252436655E-002  -4.8326004584337946E-005  0.98791041707523120        4595783.2746103713        274.56644890766916        7.6924163366769527       0.77702010319998993                0           0
         355         356  0.32294731613854971       0.22153041596011064       -1.4146694255358183E-003  0.98836447388299309        1280690.7714787910        188.46443690297960        5.6570030794284554       0.40971903633685364                0           0
           1           2   2.0244841138268650       0.61000484406818434       -7.0741367776995856E-002  0.98738161274244773        118081.63119967640        65.056926271972117        11.687891754066142       0.45124521715990906                0           0
         365         366  0.29906545429998188       0.27572229150032296       -3.4222951676176560E-003  0.97703642175260608        409917.51528185193        89.792487081897804        12.847366106596196       0.28314365742917741                0           0
         367         368  0.20322917187314732       0.17631903439505672       -1.9839306536132380E-004  0.98280870146649268        10353183.101969011        673.09768143667316        16.000094001438022       0.58334512340552569                0           0
         369         370  0.35577330781196675       0.28758888866695975       -6.5923529897159525E-003  0.96842082695667764        200308.31384615239        57.839475566093746        16.591415946040186       0.53844160272340258                0           0
         373         374  0.15845034820673778       0.15233439132851201       -1.7085472584107481E-004  0.97956557471880978        7914721.3863016907        526.48196621724446        8.3559901376577699       0.46921515284223519                0           0
         115         116   9.5073144526220191E-002   4.6025486525321645E-002  -4.6725780992926760E-005  0.98363462840208327        6339534.1338117896        348.99484606093159        9.0242681081306095       0.43423779761233533                0           0
         117         118  0.40216802461087314       0.11268199431891886       -9.3947593863233695E-004  0.97691667060424214        1226855.6401898733        179.76110835709417        13.509430348702407       0.61135950751977164                0           0
         385         386  0.12648191059682606        5.9749107023494945E-002  -2.5030026892745107E-004  0.99192759270464492        1010161.9377012610        112.51692534995755        11.471513383632354       0.28197007262090940                0           0
         387         388  0.11696728908539532        8.3148869844046139E-002  -2.2936982739268837E-004  0.98806934264674762        1621828.3236136443        158.01700406225669        9.5358502143964774       0.43501977515035400                0           0
         391         392  0.13558686976987694        5.7578981684498085E-002  -2.5446660195813678E-004  0.98428757997404215        1015968.6059681808        114.33262111980176        10.704899502374971       0.39020741160122629                0           0
         119         120  0.12744757891135747        8.2887871857059842E-002  -6.3847680958314002E-005  0.98274413327832744        12193522.033924218        616.59044071507208        7.3471869783233918       0.28644819750152928                0           0
         123         124  0.67985937278035102       0.12376754478802159       -1.4259339271362045E-003  0.97763496480556344        1328714.5335160212        219.91041537142314        11.944873893881349       0.51461665661870737                0           0
         399         400  0.17014458503807270        6.6018282057290864E-002  -2.6981715336229058E-005  0.99111872467293705        45928537.290847428        1551.4298057925296        8.8545542722800121       0.25071505669664135                0           0
         403         404  0.17519688796893346        3.8994197612049461E-002  -1.0593032549630998E-004  0.98392881067804083        2940543.6883069039        240.33963929896757        10.860063167136182       0.47485638266694258                0           0
         405         406   8.7236661288412828E-002   5.5735761705262711E-002  -1.4071677521899074E-005  0.99456712068892283        44634815.524682842        1287.6755183115283        15.414413144808487       0.58923863099544993                0           0
