 WIDE PAIRS    T TPHYS N      1.0259999999999978E+00     2.1032063523562057E+00         373
 NAME(I1)    NAME(I2)    M(I1)[M*]                 M(I2)[M*]                 EB[NB]                    ECC                       P[Days]                   SEMI[AU]                  RI[PC]                    VI[km/s]                  K*(I1)      K*(I2)      
         267         268  0.11152016154947933        1.9237634443879208E-002  -2.0553976485540943E-005  0.97570954055714498        7749063.8006302649        388.98113440931348        2.6097788650235172       0.54216528081782578                0           0
         399         400  0.17014458503807270        6.6018282057290864E-002  -2.6982557665506035E-005  0.99100241010485712        45926386.643186875        1551.3813739587947        9.8316736754191947       0.23423974752753376                0           0
         425         527  0.11465606534331962       0.33302475784545238       -3.5678628148449062E-006  0.71781789245387762        4347935519.4865961        39882.717650505248        13.833938719187492       0.55380479008463879                0           0
         428         451  0.50342484150502542        8.2947249527767969E-002  -2.1309197915326627E-006  0.48681059169680496        9413191109.6752644        73027.908833033012        4.0519933066370832       0.34700980239690987                0           0
         429         573  0.87362270939974029       0.18045805036162924       -3.5389624130472879E-005  0.67022101824261093        760971907.16255784        16601.355965338935        5.5987858950189491       0.49610563114436640                0           0
         433         568  0.70744775892037870       0.83283192557172281       -2.5654112410080151E-005  0.80546930106188952        7369050879.6345377        85588.237431045593        3.9929463945234183       0.73197688695720464                0           0
         441         522  0.96223092533240573       0.15216178671496328       -1.3439119164960329E-005  0.65415854814769381        2830552761.9197092        40600.692495136122        5.6491222063421009       0.77497299309311407                0           0
         448         598  0.49694264276027938        8.1161370196568494E-002  -7.0436539444486774E-006  0.66216638693689778        1497451184.6038442        21339.142361743565        5.4977831338435426       0.10436879149908190                0           0
         456         514   2.1016478498606079       0.17931146769711101       -3.9478436923378795E-005  0.95085473281166522        1622641409.3918495        35573.565806674262        11.291866059843670       0.23795160698274390                0           0
         496         896  0.19654063769100966       0.15058728593018661       -2.1340194207662933E-006  0.77371449966422257        7284301321.5546007        51684.656637486834        13.755068172065409       0.73702219621797194                0           0
         516         663  0.40078758403675879       0.18595681337462622       -1.4251986563061953E-005  0.85338997490327495        1297242529.3482621        19488.135306424723        14.591467420865770       0.37605531274848603                0           0
         540        1106  0.11908345594886549       0.21419108558098290       -5.0521466725616351E-007  0.66449404135388856        51633726038.362503        188146.52764114656        14.885834604384661       0.44844208928383605                0           0
         563        1076  0.53682850220895728       0.31078473953524977       -3.6482116869563679E-006  0.67110513891762702        27912143822.977318        170425.49236209076        5.4807032178386725       0.48287158138722119                0           0
         656         958   8.3917520629396281E-002  0.11415570944869273       -4.0555192087797782E-007  0.25978673818364412        21434436209.884014        88028.470235562796        11.072632383798528       0.45734467170650356                0           0
         689         584  0.28262787196724670       0.11424465493049518       -9.4432337611223355E-007  0.15926594297475652        26371748049.598927        127423.48370278535        6.0872628067156276       0.13121195217152931                0           0
         834         864  0.14943489976779920       0.18613653504488009       -4.3967340559565838E-007  0.93712387687042586        72178347192.671097        235761.45359840902        8.2585205953299958       0.47197092454946293                0           0
