 WIDE PAIRS    T TPHYS N      1.6679999999999271E+00     3.4192477541228117E+00         373
 NAME(I1)    NAME(I2)    M(I1)[M*]                 M(I2)[M*]                 EB[NB]                    ECC                       P[Days]                   SEMI[AU]                  RI[PC]                    VI[km/s]                  K*(I1)      K*(I2)      
         403         404  0.17519688796893346        3.8994197612049461E-002  -1.0593712584251551E-004  0.98387058373870462        2940260.5525217606        240.32421134827374        13.191603855726846       0.41205749015743703                0           0
         425         527  0.11465606534331962       0.33302475784545238       -3.8790065939016235E-006  0.65796258032688193        3835434222.1721191        36683.635826736383        15.175183195258800       0.52666832315786105                0           0
         428         451  0.50342484150502542        8.2947249527767969E-002  -2.0943256876599667E-006  0.48373917633964492        9660980404.5826378        74303.923780081532        4.2706072004027629       0.34916233020169812                0           0
         429        1090  0.87362270939974029       0.20011615892944146       -4.2458849796874903E-005  0.74515461395597304        670002870.93690622        15344.656968319299        7.4827649159271372       0.54260601522795293                0           0
         433         568  0.70744775892037870       0.83283192557172281       -2.3799211295954170E-005  0.83324279158639891        8247136789.7712269        92258.950800186285        6.3405322325758595       0.74722567575890464                0           0
         441         522  0.96223092533240573       0.15216178671496328       -1.3193014905140829E-005  0.64680770100823948        2910123247.0886569        41358.063228552113        4.4029645244371149       0.77131352150416932                0           0
         448         598  0.49694264276027938        8.1161370196568494E-002  -7.1658244248319402E-006  0.63211430747030251        1459319701.0870898        20975.330311832480        7.5920700474347118       0.13656297297943865                0           0
         456         514   2.1016478498606079       0.17931146769711101       -8.8080865074375303E-005  0.94916671942967901        486900389.20918381        15944.311771377264        10.960060448436483       0.16686748032197551                0           0
         496         896  0.19654063769100966       0.15058728593018661       -2.1831994720237837E-006  0.73997719127429396        7039556957.0843287        50520.377287281080        13.386023977804323       0.79123314760359664                0           0
         516         663  0.40078758403675879       0.18595681337462622       -1.4236998415102505E-005  0.83118041230459716        1299291596.7266715        19508.651643289424        12.868973168603651       0.36785238005843568                0           0
         563        1076  0.53682850220895728       0.31078473953524977       -3.4699164443541262E-006  0.71680096698560269        30090867890.479614        179182.49126785589        7.9448717351946403       0.46046826959056042                0           0
         656         958   8.3917520629396281E-002  0.11415570944869273       -3.8067883539619559E-007  0.19132777991117289        23569135916.607353        93780.141884765166        12.971844239273176       0.44689527680813979                0           0
         689         584  0.28262787196724670       0.11424465493049518       -1.2539560547168834E-006  0.13016131487621138        17234415281.132950        95959.482689657845        8.1975101959767773       0.15495727224992403                0           0
         834         864  0.14943489976779920       0.18613653504488009       -4.5410415035792779E-007  0.94057345582643337        68765249356.185715        228269.31031150310        9.2224547748748478       0.45123485128197299                0           0
