 WIDE PAIRS    T TPHYS N      1.4249999999999539E+00     2.9211199338279750E+00         373
 NAME(I1)    NAME(I2)    M(I1)[M*]                 M(I2)[M*]                 EB[NB]                    ECC                       P[Days]                   SEMI[AU]                  RI[PC]                    VI[km/s]                  K*(I1)      K*(I2)      
         425         527  0.11465606534331962       0.33302475784545238       -3.8795646608458355E-006  0.68328333475182856        3834606673.6193786        36678.358965454754        13.615786412032978       0.53424971702842217                0           0
         428         451  0.50342484150502542        8.2947249527767969E-002  -2.1067202314586056E-006  0.48248233860374845        9575847732.1315517        73866.768801479877        3.6621673723519703       0.34859339233649944                0           0
         429        1090  0.87362270939974029       0.20011615892944146       -2.5839196116796229E-005  0.57566268035397672        1411271281.1158454        25214.270693929764        3.2943914868833972       0.52722339029180587                0           0
         433         568  0.70744775892037870       0.83283192557172281       -2.4375111544743910E-005  0.82420112633627729        7956592709.7385864        90079.188355966209        2.4441706512920689       0.74203788260060433                0           0
         441         522  0.96223092533240573       0.15216178671496328       -1.3300569617599814E-005  0.65054140263194160        2874895749.9410911        41023.622319155169        6.8115229294532433       0.77293644707512343                0           0
         448         598  0.49694264276027938        8.1161370196568494E-002  -7.1556316907788105E-006  0.64543931509779107        1462438870.8382638        21005.208311816823        3.4592826478546295       0.12359760598644585                0           0
         456         514   2.1016478498606079       0.17931146769711101       -8.8722583835975559E-005  0.97636481173887701        481627423.15052748        15828.988664653813        13.126309699908623       0.15144254473508909                0           0
         496         896  0.19654063769100966       0.15058728593018661       -2.1702801473523571E-006  0.75104792592730263        7102508416.4822226        50821.116874976062        15.120879168553321       0.77035265868735503                0           0
         516         663  0.40078758403675879       0.18595681337462622       -1.4315436803298978E-005  0.84529133772055443        1288627450.6222448        19401.758140016547        17.007072292836430       0.36995660029946437                0           0
         563        1076  0.53682850220895728       0.31078473953524977       -3.6412073589152773E-006  0.69317669689237493        27992721409.903500        170753.32759293684        3.9711067536767302       0.46864242370892584                0           0
         656         958   8.3917520629396281E-002  0.11415570944869273       -3.9128093552019851E-007  0.21689651403090709        22617714962.660366        91239.086689771764        9.0914998185282396       0.45021560006018768                0           0
         689         584  0.28262787196724670       0.11424465493049518       -1.1344009313380563E-006   1.9565236836165689E-002   20029502722.327003        106072.70410494566        4.0364752920431508       0.14392701490297821                0           0
         834         864  0.14943489976779920       0.18613653504488009       -4.4183639185506137E-007  0.94067802370295672        71648978574.489487        234607.29610022469        7.0040204458551862       0.45939717210400660                0           0
