 WIDE PAIRS    T TPHYS N      1.8379999999999084E+00     3.7677322374566486E+00         373
 NAME(I1)    NAME(I2)    M(I1)[M*]                 M(I2)[M*]                 EB[NB]                    ECC                       P[Days]                   SEMI[AU]                  RI[PC]                    VI[km/s]                  K*(I1)      K*(I2)      
         403         404  0.17519688796893346        3.8994197612049461E-002  -1.0596300851317401E-004  0.98374962529571652        2939183.3301604772        240.26550942483019        16.699502063143051       0.40321368677909836                0           0
         425         527  0.11465606534331962       0.33302475784545238       -3.8396047437222544E-006  0.63856391458546591        3894624005.6329932        37060.081638051430        14.129682566255823       0.52385525402792454                0           0
         428         451  0.50342484150502542        8.2947249527767969E-002  -2.0922406803041380E-006  0.48529221239437015        9675425372.3331165        74377.970819271053        2.7474225464528703       0.34939813724177343                0           0
         429        1090  0.87362270939974029       0.20011615892944146       -3.2639591508823900E-005  0.84129827850027217        994058467.26889813        19960.926448062492        4.0785106677195362       0.57279026458476900                0           0
         433         568  0.70744775892037870       0.83283192557172281       -2.3902176400682123E-005  0.83441941906457906        8193904055.2195339        91861.520358205220        3.3423273653725665       0.75030088623256674                0           0
         441         522  0.96223092533240573       0.15216178671496328       -1.3183623136181212E-005  0.64413511386754718        2913233477.6999569        41387.525946838847        5.7850273535385197       0.76998342411602916                0           0
         448         598  0.49694264276027938        8.1161370196568494E-002  -7.1522801412403888E-006  0.62377936678043322        1463466936.7940059        21015.051326188703        4.4142539219491805       0.14588331061171192                0           0
         456         514   2.1016478498606079       0.17931146769711101       -8.8935808457300415E-005  0.94353739208803511        479896400.81411225        15791.038482690868        12.910396513834304       0.17181965100386049                0           0
         496         896  0.19654063769100966       0.15058728593018661       -2.1902140892666688E-006  0.73368299274753090        7005765576.0604773        50358.575246387867        15.060869579970902       0.80600792851688352                0           0
         516         663  0.40078758403675879       0.18595681337462622       -1.4097669028258736E-005  0.81272419798614959        1318600751.9370749        19701.458586491150        16.368900858229335       0.36756991882486251                0           0
         563        1076  0.53682850220895728       0.31078473953524977       -3.3030950328438523E-006  0.73577074324737912        32399002271.089485        188232.02687431269        5.2170614070529817       0.45502767035911529                0           0
         656         958   8.3917520629396281E-002  0.11415570944869273       -3.7312088332945571E-007  0.17549346854674494        24288876325.600826        95679.756322993446        9.8407922591060366       0.44503460857788607                0           0
         689         584  0.28262787196724670       0.11424465493049518       -1.3401641000713455E-006  0.20838601271711571        15598507952.427973        89786.746503499497        5.0070834340671535       0.16372842761082471                0           0
         834         864  0.14943489976779920       0.18613653504488009       -4.5596857464265956E-007  0.94067706342105073        68343916196.981781        227335.93272964392        7.1580219889572438       0.44536489584203554                0           0
