 WIDE PAIRS    T TPHYS N      1.8239999999999099E+00     3.7390335152997443E+00         373
 NAME(I1)    NAME(I2)    M(I1)[M*]                 M(I2)[M*]                 EB[NB]                    ECC                       P[Days]                   SEMI[AU]                  RI[PC]                    VI[km/s]                  K*(I1)      K*(I2)      
         403         404  0.17519688796893346        3.8994197612049461E-002  -1.0596066214257145E-004  0.98376615222997332        2939280.9576865798        240.27082981370586        16.663971240303962       0.40407121410099889                0           0
         425         527  0.11465606534331962       0.33302475784545238       -3.8430531804972444E-006  0.64016934508511203        3889383113.5319982        37026.826998471275        14.130335868834322       0.52400194377031284                0           0
         428         451  0.50342484150502542        8.2947249527767969E-002  -2.0920699510373234E-006  0.48517748531222171        9676609782.0467186        74384.040643283806        2.7621342336359329       0.34938327945786507                0           0
         429        1090  0.87362270939974029       0.20011615892944146       -3.5263061253784466E-005  0.82927979339795310        885215447.24487650        18475.891265183833        4.1051390336524101       0.56541448704263753                0           0
         433         568  0.70744775892037870       0.83283192557172281       -2.3870349739205983E-005  0.83459044329739951        8210297081.7770910        91984.000570814853        3.3543115698314163       0.75006708254506949                0           0
         441         522  0.96223092533240573       0.15216178671496328       -1.3179450762711810E-005  0.64439425356442503        2914617001.9751148        41400.628481863554        5.7770738332538425       0.77009940575878211                0           0
         448         598  0.49694264276027938        8.1161370196568494E-002  -7.1539232470511265E-006  0.62439000909523645        1462962774.3506770        21010.224610587407        4.4308812238168542       0.14511155228992623                0           0
         456         514   2.1016478498606079       0.17931146769711101       -8.8925993912620914E-005  0.94334383567489621        479975850.49605304        15792.781301026711        12.878434329202506       0.17149293332202570                0           0
         496         896  0.19654063769100966       0.15058728593018661       -2.1896860022641885E-006  0.73415141243064752        7008300101.6444454        50370.720233853441        15.037104541842584       0.80478755206337238                0           0
         516         663  0.40078758403675879       0.18595681337462622       -1.4112308820319208E-005  0.81458082525040987        1316549453.9739573        19681.020736053881        16.333881730261147       0.36755019280755252                0           0
         563        1076  0.53682850220895728       0.31078473953524977       -3.3176792472065369E-006  0.73417956470173518        32185602649.273125        187404.57610969487        5.2148901143915971       0.45546906126644349                0           0
         656         958   8.3917520629396281E-002  0.11415570944869273       -3.7372360605436993E-007  0.17670582816764094        24230142196.474277        95525.448801295875        9.8654767380490274       0.44517236521536158                0           0
         689         584  0.28262787196724670       0.11424465493049518       -1.3330084441551747E-006  0.20195017669840487        15724276713.995909        90268.726243859419        5.0239339026692695       0.16297876438234779                0           0
         834         864  0.14943489976779920       0.18613653504488009       -4.5651417363885597E-007  0.94060673780260862        68221431844.514496        227064.23414094953        7.1779986982152622       0.44585233576862077                0           0
