 WIDE PAIRS    T TPHYS N      1.1989999999999787E+00     2.4578405618665218E+00         373
 NAME(I1)    NAME(I2)    M(I1)[M*]                 M(I2)[M*]                 EB[NB]                    ECC                       P[Days]                   SEMI[AU]                  RI[PC]                    VI[km/s]                  K*(I1)      K*(I2)      
         425         527  0.11465606534331962       0.33302475784545238       -3.7159855372286617E-006  0.70536998403422901        4090574372.9735851        38292.954543175911        13.600034967405616       0.54441914900105270                0           0
         428         451  0.50342484150502542        8.2947249527767969E-002  -2.1213713252242789E-006  0.48374237204009229        9476816889.6548500        73356.613439705412        3.8797122222385250       0.34778950346224546                0           0
         429         573  0.87362270939974029       0.18045805036162924       -2.4196705222197727E-005  0.40872963061294643        1346009728.2359133        24280.816015006443        4.6677373924310768       0.51404489079578985                0           0
         433         568  0.70744775892037870       0.83283192557172281       -2.5111304181503920E-005  0.81356677468775385        7609272584.0502501        87438.320533504564        3.4047348394490338       0.73652652116061179                0           0
         441         522  0.96223092533240573       0.15216178671496328       -1.3391584209929493E-005  0.65335860014481928        2845637182.7671189        40744.809282345370        6.1752477167569459       0.77416359985599215                0           0
         448         598  0.49694264276027938        8.1161370196568494E-002  -7.1023221063632307E-006  0.65640492723351085        1478935191.1800387        21162.872088381166        4.6269262326463210       0.11226841178340008                0           0
         456         514   2.1016478498606079       0.17931146769711101       -5.8710944377745437E-005  0.90067893136296839        894713271.73711824        23920.391482764033        11.969730139493695       0.29577399570754243                0           0
         496         896  0.19654063769100966       0.15058728593018661       -2.1542477177138453E-006  0.76332723195402330        7181943617.6645603        51199.339849868345        14.172134725237346       0.75131440698064822                0           0
         516         663  0.40078758403675879       0.18595681337462622       -1.4300913999374834E-005  0.85116803688133014        1290590881.1631587        19421.460931688704        15.569504449618613       0.37313058371527352                0           0
         540        1106  0.11908345594886549       0.21419108558098290       -4.1366264586902089E-007  0.72558478417786920        69691198537.529282        229787.21019862583        15.887346871873389       0.44200127798315969                0           0
         563        1076  0.53682850220895728       0.31078473953524977       -3.6925887461083398E-006  0.67762095842402637        27410491753.016800        168377.34059768775        4.7774104542049978       0.47665201906550853                0           0
         656         958   8.3917520629396281E-002  0.11415570944869273       -3.9964593020518273E-007  0.24147687481836116        21911326325.187550        89329.360060425344        10.323000982876419       0.45393421357504665                0           0
         689         584  0.28262787196724670       0.11424465493049518       -1.0260432142995956E-006   8.1927944594179625E-002   23284748415.919678        117274.76255309206        5.2194631271266667       0.13576776761038889                0           0
         834         864  0.14943489976779920       0.18613653504488009       -4.3857286788679263E-007  0.93909583328393764        72450199867.397308        236353.06422683719        7.7684586473944908       0.46666876741156832                0           0
