 WIDE PAIRS    T TPHYS N      1.9519999999998958E+00     4.0014218321628681E+00         373
 NAME(I1)    NAME(I2)    M(I1)[M*]                 M(I2)[M*]                 EB[NB]                    ECC                       P[Days]                   SEMI[AU]                  RI[PC]                    VI[km/s]                  K*(I1)      K*(I2)      
         403         404  0.17519688796893346        3.8994197612049461E-002  -1.0597898856268425E-004  0.98366965531147887        2938518.5777619309        240.22928097248993        20.810222784000374       0.39482495841144727                0           0
         425         527  0.11465606534331962       0.33302475784545238       -3.8127833310342489E-006  0.62554624960183924        3935791887.9554253        37320.784557038358        14.532945125038982       0.52325768662251293                0           0
         428         451  0.50342484150502542        8.2947249527767969E-002  -2.0954786751523223E-006  0.48626893607734156        9653007913.1509953        74263.039806521105        4.6316567262222863       0.34949195441105452                0           0
         429         573  0.87362270939974029       0.18045805036162924       -4.9039728996001750E-005  0.77688214892244212        466509462.27294940        11980.403637985628        1.5057622454526618       0.52584696217778593                0           0
         433         568  0.70744775892037870       0.83283192557172281       -2.4059167219007600E-005  0.83275652405580902        8113834764.8335667        91262.105793171417        1.3085207637847598       0.75205855202027361                0           0
         441         522  0.96223092533240573       0.15216178671496328       -1.3240932270972526E-005  0.64203616107502448        2894340460.5674305        41208.393295555215        8.4329256741502086       0.76899234807549743                0           0
         448         598  0.49694264276027938        8.1161370196568494E-002  -7.1355428047983967E-006  0.61937835624264903        1468619080.9254608        21064.344840923924        3.0977797645001006       0.15218040818321382                0           0
         456         514   2.1016478498606079       0.17931146769711101       -8.8703901539846189E-005  0.94549310023530897        481779587.48166847        15832.322473522734        16.362498173963051       0.17412430696847764                0           0
         496         896  0.19654063769100966       0.15058728593018661       -2.1941464204309586E-006  0.73017036470548369        6986940503.7520399        50268.323022112098        18.051529102223338       0.81596237754332679                0           0
         516         663  0.40078758403675879       0.18595681337462622       -1.3956098378277021E-005  0.79538843085647981        1338715375.4456472        19901.310165498271        20.481297262030921       0.36801178597256989                0           0
         563        1076  0.53682850220895728       0.31078473953524977       -3.1830349851387800E-006  0.74855820767732018        34249254412.650043        195331.90049545263        4.6572845390557136       0.45146737394705216                0           0
         656         958   8.3917520629396281E-002  0.11415570944869273       -3.6835004998695406E-007  0.16625794921510520        24762281659.749866        96918.991044651106        5.8567307568434597       0.44402316029860800                0           0
         689         584  0.28262787196724670       0.11424465493049518       -1.3987482638617653E-006  0.26056888073876106        14628866880.550840        86026.183148913085        3.2916720865052507       0.16998745912169061                0           0
         834         864  0.14943489976779920       0.18613653504488009       -4.5515462651541626E-007  0.94056887324172278        68527326169.767021        227742.47513506125        5.5764160109895915       0.44137766194333311                0           0
