 WIDE PAIRS    T TPHYS N      1.0099999999999996E+00     2.0704078127483152E+00         373
 NAME(I1)    NAME(I2)    M(I1)[M*]                 M(I2)[M*]                 EB[NB]                    ECC                       P[Days]                   SEMI[AU]                  RI[PC]                    VI[km/s]                  K*(I1)      K*(I2)      
         267         268  0.11152016154947933        1.9237634443879208E-002  -2.0554776812618235E-005  0.97570591069145540        7748611.2251580907        388.96598892088213        2.5737104610314412       0.54208525424551390                0           0
         399         400  0.17014458503807270        6.6018282057290864E-002  -2.6982500514928755E-005  0.99096877726255306        45926532.555584654        1551.3846598789064        9.8431215138771595       0.23462156653266947                0           0
         425         527  0.11465606534331962       0.33302475784545238       -3.5704332662344925E-006  0.71765386405621956        4343241070.2479801        39854.005004346945        13.820646976391842       0.55473395695189076                0           0
         428         451  0.50342484150502542        8.2947249527767969E-002  -2.1317498582663509E-006  0.48716874727854187        9407693642.8170719        72999.473021242971        4.0593276319290048       0.34694385672355854                0           0
         429         573  0.87362270939974029       0.18045805036162924       -3.5902807996701559E-005  0.69309568046538017        744714696.52605569        16364.061210017459        5.5637679409530589       0.49446611225538234                0           0
         433         568  0.70744775892037870       0.83283192557172281       -2.5701211394928363E-005  0.80475400419512721        7348803832.5383072        85431.391940924237        3.9500728432981327       0.73155341110034378                0           0
         441         522  0.96223092533240573       0.15216178671496328       -1.3442359148351707E-005  0.65417283497884438        2829529460.3696995        40590.906596105240        5.6806344675930891       0.77505830673618137                0           0
         448         598  0.49694264276027938        8.1161370196568494E-002  -7.0425700736162540E-006  0.66232458890088808        1497796890.6652224        21342.426514226689        5.4562948602668735       0.10367990323619454                0           0
         456         514   2.1016478498606079       0.17931146769711101       -3.9482375548786275E-005  0.95276292453504874        1622398611.7939847        35570.017110625122        11.292135618639250       0.23628451828670413                0           0
         496         896  0.19654063769100966       0.15058728593018661       -2.1350635986905059E-006  0.77489608674923194        7278958265.3115520        51659.379649244198        13.776805735103634       0.73566505553628081                0           0
         516         663  0.40078758403675879       0.18595681337462622       -1.4247777878994902E-005  0.85351094120080384        1297817365.0010283        19493.891951794780        14.624394574243832       0.37633370730472826                0           0
         540        1106  0.11908345594886549       0.21419108558098290       -5.0715004150736715E-007  0.66333631358336209        51338443054.697311        187428.52721672037        14.916424512493197       0.44896584824446256                0           0
         563        1076  0.53682850220895728       0.31078473953524977       -3.6410562979332968E-006  0.67069262726751633        27994463480.678104        170760.41184630510        5.4285697209409660       0.48345345240018217                0           0
         656         958   8.3917520629396281E-002  0.11415570944869273       -4.0534441568207093E-007  0.26139809075808756        21450897492.777061        88073.534048594185        11.041664492769478       0.45769430589564036                0           0
         689         584  0.28262787196724670       0.11424465493049518       -9.3615112414281492E-007  0.16688434722498027        26717823956.355453        128535.84343700430        6.0452993035255354       0.13087021394270290                0           0
         834         864  0.14943489976779920       0.18613653504488009       -4.3988886157329016E-007  0.93691477213428154        72125324645.419601        235645.97848887506        8.2528801151878479       0.47245503842938341                0           0
