 WIDE PAIRS    T TPHYS N      1.5629999999999387E+00     3.2040073379460305E+00         373
 NAME(I1)    NAME(I2)    M(I1)[M*]                 M(I2)[M*]                 EB[NB]                    ECC                       P[Days]                   SEMI[AU]                  RI[PC]                    VI[km/s]                  K*(I1)      K*(I2)      
         265         266   8.4095384718170976E-002   3.6296916915751078E-002  -2.5178953429505978E-005  0.98202879155948464        10108255.407019598        451.77642095172064        2.8418121037030737       0.51485349971260164                0           0
         425         527  0.11465606534331962       0.33302475784545238       -3.8930060871490731E-006  0.66932729709119188        3814764140.9588017        36551.719179150459        13.761093494237429       0.52946879695302740                0           0
         428         451  0.50342484150502542        8.2947249527767969E-002  -2.0988222837677491E-006  0.48294106498101375        9629949965.8359203        74144.732248217915        3.4569541315864520       0.34895140680544934                0           0
         429        1090  0.87362270939974029       0.20011615892944146       -3.7766552376121586E-005  0.64054017025236609        798671137.05901027        17251.150671999629        3.0239435942959201       0.53618555855366634                0           0
         433         568  0.70744775892037870       0.83283192557172281       -2.3988799912318066E-005  0.82993715446012528        8149561887.0911465        91529.808579928285        2.2461512014937428       0.74508958668464786                0           0
         441         522  0.96223092533240573       0.15216178671496328       -1.3236201781305681E-005  0.64840944927367994        2895892212.8499007        41223.120774169751        6.8018461777360750       0.77205386602081527                0           0
         448         598  0.49694264276027938        8.1161370196568494E-002  -7.1662484201748276E-006  0.63785867536353857        1459190190.7278523        20974.089293960045        3.3505733271501850       0.13089092133893099                0           0
         456         514   2.1016478498606079       0.17931146769711101       -8.8106702730163678E-005  0.95831645618697581        486686226.57602912        15939.636035859243        13.489769016102489       0.16212449636027851                0           0
         496         896  0.19654063769100966       0.15058728593018661       -2.1780897367825780E-006  0.74447729763925918        7064343374.0902948        50638.896624599649        15.437645965225611       0.78216887109709476                0           0
         516         663  0.40078758403675879       0.18595681337462622       -1.4285705300739387E-005  0.83867860921154402        1292652392.7085669        19442.137204938925        17.337154760881820       0.36855085482512251                0           0
         563        1076  0.53682850220895728       0.31078473953524977       -3.5561943612215039E-006  0.70590240926923942        29002471329.032429        174835.29015470084        4.0675858903286510       0.46393698581701803                0           0
         656         958   8.3917520629396281E-002  0.11415570944869273       -3.8538017895749868E-007  0.20209112182410346        23139165790.269470        92636.095848405166        8.7957181134314482       0.44823933044623626                0           0
         689         584  0.28262787196724670       0.11424465493049518       -1.2017468441777687E-006   8.2106781269318391E-002   18369635681.263702        100128.38802878249        3.9151202651532242       0.14994574126598328                0           0
         834         864  0.14943489976779920       0.18613653504488009       -4.4773808524987207E-007  0.94086765918400417        70237035420.518951        231514.90710008770        6.7454223759165490       0.45479944831655761                0           0
