 WIDE PAIRS    T TPHYS N      1.0279999999999976E+00     2.1073061698071918E+00         373
 NAME(I1)    NAME(I2)    M(I1)[M*]                 M(I2)[M*]                 EB[NB]                    ECC                       P[Days]                   SEMI[AU]                  RI[PC]                    VI[km/s]                  K*(I1)      K*(I2)      
         267         268  0.11152016154947933        1.9237634443879208E-002  -2.0554086272825537E-005  0.97570887236907100        7749001.7146154335        388.97905671138329        2.6109844299912255       0.54217536980196623                0           0
         399         400  0.17014458503807270        6.6018282057290864E-002  -2.6982573410234324E-005  0.99099347816015138        45926346.445110001        1551.3804687049544        9.8319343163901021       0.23419222011535842                0           0
         425         527  0.11465606534331962       0.33302475784545238       -3.5681381184869404E-006  0.71779029450539600        4347432324.5338840        39879.640455324232        13.834262098097163       0.55368936753538600                0           0
         428         451  0.50342484150502542        8.2947249527767969E-002  -2.1308050294895900E-006  0.48676877057727747        9413951590.9774227        73031.842009416127        4.0508064977067244       0.34701793490704169                0           0
         429         573  0.87362270939974029       0.18045805036162924       -3.5319282240586119E-005  0.66719550382294068        763246366.39096391        16634.419229346688        5.5987473144392093       0.49631094893345323                0           0
         433         568  0.70744775892037870       0.83283192557172281       -2.5648222849734216E-005  0.80555822238245289        7371589240.3721533        85607.890920965947        3.9951071278142316       0.73202965927395836                0           0
         441         522  0.96223092533240573       0.15216178671496328       -1.3438700300858646E-005  0.65415480336410148        2830685099.0674739        40601.957957733619        5.6484668700620180       0.77496223015687404                0           0
         448         598  0.49694264276027938        8.1161370196568494E-002  -7.0429423994119122E-006  0.66218328645741453        1497678120.4800363        21341.298244892292        5.4982710696924437       0.10445550555109592                0           0
         456         514   2.1016478498606079       0.17931146769711101       -3.9480349356021557E-005  0.95060673689738728        1622523509.4161892        35571.842619073905        11.293156894927646       0.23817027031855975                0           0
         496         896  0.19654063769100966       0.15058728593018661       -2.1338876560316453E-006  0.77356684367628159        7284976025.8985786        51687.848096534814        13.754795550845698       0.73719207137155596                0           0
         516         663  0.40078758403675879       0.18595681337462622       -1.4253009572540606E-005  0.85336269122252462        1297102867.5192699        19486.736545900618        14.591934520022377       0.37602067717618609                0           0
         540        1106  0.11908345594886549       0.21419108558098290       -5.0496079535670475E-007  0.66464647127171961        51672669654.369667        188241.11937339199        14.886581415196790       0.44837648514425810                0           0
         563        1076  0.53682850220895728       0.31078473953524977       -3.6484689200522719E-006  0.67118370866964050        27909191981.765034        170413.47661576487        5.4824465457327438       0.48279538004457223                0           0
         656         958   8.3917520629396281E-002  0.11415570944869273       -4.0557704335962078E-007  0.25958577262670840        21432444684.845295        88023.017526481359        11.073347905627353       0.45730123009114809                0           0
         689         584  0.28262787196724670       0.11424465493049518       -9.4534010074564687E-007  0.15831778063597540        26329214793.291676        127286.43821550116        6.0878228777788879       0.13125570204136797                0           0
         834         864  0.14943489976779920       0.18613653504488009       -4.3964846491035351E-007  0.93714960842923511        72184489155.342499        235774.82803887798        8.2581759638143488       0.47189728014045113                0           0
