 WIDE PAIRS    T TPHYS N      1.2509999999999730E+00     2.5644358155921658E+00         373
 NAME(I1)    NAME(I2)    M(I1)[M*]                 M(I2)[M*]                 EB[NB]                    ECC                       P[Days]                   SEMI[AU]                  RI[PC]                    VI[km/s]                  K*(I1)      K*(I2)      
         425         527  0.11465606534331962       0.33302475784545238       -3.7710978493272015E-006  0.70015305474011058        4001230898.3996844        37733.326194541252        13.627513743550653       0.54185011336386102                0           0
         428         451  0.50342484150502542        8.2947249527767969E-002  -2.1181164317672836E-006  0.48317795728937707        9498669708.5126953        73469.339991244880        3.8026447340100602       0.34799920256649830                0           0
         429         573  0.87362270939974029       0.18045805036162924       -2.0881450458018666E-005  0.64052864573260393        1678964664.5064118        28135.772888512027        4.5800905334932986       0.51741589333283344                0           0
         433         568  0.70744775892037870       0.83283192557172281       -2.4940485339036296E-005  0.81605592516813330        7687580816.4386520        88037.190703744142        3.3844680954175299       0.73784583222042210                0           0
         441         522  0.96223092533240573       0.15216178671496328       -1.3373428303228064E-005  0.65285645732764797        2851434049.5095921        40800.124863296231        6.1816879117249206       0.77390516923436881                0           0
         448         598  0.49694264276027938        8.1161370196568494E-002  -7.1191869408502263E-006  0.65411524936882226        1473683070.3669860        21112.738788328028        4.5572703822966245       0.11478898270291879                0           0
         496         896  0.19654063769100966       0.15058728593018661       -2.1583418901826320E-006  0.76034209889996407        7161518099.8119898        51102.219496236306        14.256068704616329       0.75565484356204649                0           0
         516         663  0.40078758403675879       0.18595681337462622       -1.4310061534564176E-005  0.85019283486029096        1289353586.8366656        19409.045995745073        15.667749878348330       0.37232474640913582                0           0
         540        1106  0.11908345594886549       0.21419108558098290       -3.8323855850388788E-007  0.74575323091702206        78152629502.396530        248029.28423670115        15.990895024118982       0.44005017858998446                0           0
         563        1076  0.53682850220895728       0.31078473953524977       -3.6913263868210802E-006  0.68053631078430388        27424553709.340290        168434.92225733900        4.7481652219052828       0.47478514448741649                0           0
         656         958   8.3917520629396281E-002  0.11415570944869273       -3.9789891714539270E-007  0.23586194315046535        22055790251.354118        89721.569116353057        10.265512430789782       0.45302717573309070                0           0
         689         584  0.28262787196724670       0.11424465493049518       -1.0509763861566931E-006   5.8556522326993668E-002   22461077760.064682        114492.55750286308        5.1506064672459182       0.13743552385525262                0           0
         834         864  0.14943489976779920       0.18613653504488009       -4.3877355938279208E-007  0.93957217944137139        72400498343.945618        236244.95823678971        7.7233261965549334       0.46502693164761522                0           0
