 WIDE PAIRS    T TPHYS N      1.5709999999999378E+00     3.2204066077499758E+00         373
 NAME(I1)    NAME(I2)    M(I1)[M*]                 M(I2)[M*]                 EB[NB]                    ECC                       P[Days]                   SEMI[AU]                  RI[PC]                    VI[km/s]                  K*(I1)      K*(I2)      
         265         266   8.4095384718170976E-002   3.6296916915751078E-002  -2.5179318568846765E-005  0.98205273974473106        10108035.529643372        451.76986948988986        2.8331043302988612       0.51518802649461948                0           0
         425         527  0.11465606534331962       0.33302475784545238       -3.8924879632048906E-006  0.66848350106624455        3815525833.6472878        36556.584530331187        13.764909874363646       0.52922896783420104                0           0
         428         451  0.50342484150502542        8.2947249527767969E-002  -2.0984174955521479E-006  0.48299193751344571        9632736550.1921597        74159.034890054725        3.4406233679946703       0.34896929918072578                0           0
         429        1090  0.87362270939974029       0.20011615892944146       -3.8260343999915070E-005  0.65044837065675098        783259544.04874825        17028.505687347850        3.0418357080135485       0.53663444516337566                0           0
         433         568  0.70744775892037870       0.83283192557172281       -2.3969998181760504E-005  0.83022832275853087        8159152370.2899570        91601.603278695286        2.2555643173970119       0.74525821200800912                0           0
         441         522  0.96223092533240573       0.15216178671496328       -1.3232534180327719E-005  0.64828209185098895        2897096258.0700102        41234.546398015162        6.7821019360092718       0.77199957059793978                0           0
         448         598  0.49694264276027938        8.1161370196568494E-002  -7.1664581109745010E-006  0.63741631530012866        1459126147.2669864        20973.475591418515        3.3762074596243936       0.13131993279046406                0           0
         456         514   2.1016478498606079       0.17931146769711101       -8.8078535074916767E-005  0.95741892318846056        486919709.78164196        15944.733556750538        13.497471334904240       0.16255608024526519                0           0
         496         896  0.19654063769100966       0.15058728593018661       -2.1785049806768774E-006  0.74412021215860069        7062323673.1783180        50629.244366365696        15.428740785817384       0.78285745951134600                0           0
         516         663  0.40078758403675879       0.18595681337462622       -1.4282863548522239E-005  0.83819390379691339        1293038195.6501215        19446.005458410680        17.325943396123108       0.36848522738735667                0           0
         563        1076  0.53682850220895728       0.31078473953524977       -3.5502138992195959E-006  0.70670018784376964        29075785729.412315        175129.80643992880        4.1021085749756390       0.46366930612858842                0           0
         656         958   8.3917520629396281E-002  0.11415570944869273       -3.8502911769380477E-007  0.20125292209602760        23170819692.986122        92720.559447072723        8.8019775920558523       0.44813193918237743                0           0
         689         584  0.28262787196724670       0.11424465493049518       -1.2056990679205000E-006   8.5759053243710678E-002   18279387562.025139        99800.171973037097        3.9404866130783627       0.15031540672972782                0           0
         834         864  0.14943489976779920       0.18613653504488009       -4.4818177093385366E-007  0.94085735513427426        70132762594.581696        231285.71471304662        6.7314951731241113       0.45452966572009096                0           0
