 WIDE PAIRS    T TPHYS N      1.7729999999999155E+00     3.6344881702995933E+00         373
 NAME(I1)    NAME(I2)    M(I1)[M*]                 M(I2)[M*]                 EB[NB]                    ECC                       P[Days]                   SEMI[AU]                  RI[PC]                    VI[km/s]                  K*(I1)      K*(I2)      
         403         404  0.17519688796893346        3.8994197612049461E-002  -1.0595292172084946E-004  0.98380191777320458        2939603.0586157842        240.28838286953524        13.817119490903217       0.40696010982301917                0           0
         221         222  0.10685030920939192        6.9974509155263417E-002  -3.1626560531243822E-005  0.98470248618799472        22713974.747867484        881.01441887095916        10.680335438392435       0.22825970101965493                0           0
         425         527  0.11465606534331962       0.33302475784545238       -3.8555915777522722E-006  0.64604853239778670        3870426115.3346162        36906.415627962291        14.941998145101094       0.52466831887876875                0           0
         428         451  0.50342484150502542        8.2947249527767969E-002  -2.0921396152823907E-006  0.48469327060286621        9676126467.1914501        74381.563797093128        3.8784019694728089       0.34932239426541178                0           0
         429        1090  0.87362270939974029       0.20011615892944146       -4.1995957905539747E-005  0.79855894979105757        681110795.08596575        15513.790324008694        6.8792287617326027       0.55279629632757410                0           0
         433         568  0.70744775892037870       0.83283192557172281       -2.3770807928606644E-005  0.83489906314409856        8261922766.9835930        92369.189580397084        5.9587885848400326       0.74918468623444312                0           0
         441         522  0.96223092533240573       0.15216178671496328       -1.3172830923691559E-005  0.64525503996435218        2916814333.6603136        41421.433842341859        4.6226086674120372       0.77051188167758988                0           0
         448         598  0.49694264276027938        8.1161370196568494E-002  -7.1591883021886623E-006  0.62676283848003944        1461349219.2234960        20994.773139504719        6.9784815405694678       0.14230535819991902                0           0
         456         514   2.1016478498606079       0.17931146769711101       -8.8660921228202766E-005  0.94453470287162244        482129959.65021539        15839.997536498900        11.043589260396210       0.17020051826075247                0           0
         496         896  0.19654063769100966       0.15058728593018661       -2.1876955804834477E-006  0.73593782292179677        7017866774.7062302        50416.548812362933        13.679887981930614       0.80034681492531989                0           0
         516         663  0.40078758403675879       0.18595681337462622       -1.4160674666183333E-005  0.82081798485600721        1309810196.0958970        19613.800124196889        13.491085443040850       0.36754453341585114                0           0
         563        1076  0.53682850220895728       0.31078473953524977       -3.3697682714061236E-006  0.72840714740413359        31442218719.137165        184507.72365164207        7.3927889594699945       0.45708603730959046                0           0
         656         958   8.3917520629396281E-002  0.11415570944869273       -3.7596268535488694E-007  0.18127070551609090        24014007640.568611        94956.538472118715        12.561694699448822       0.44569811383092894                0           0
         689         584  0.28262787196724670       0.11424465493049518       -1.3070068235734962E-006  0.17847698149176491        16195831369.980129        92064.534137017108        7.5862043962939776       0.16028757500196023                0           0
         834         864  0.14943489976779920       0.18613653504488009       -4.5740618509996672E-007  0.94044585419296090        68021965956.259811        226621.42443294832        9.0293467026586747       0.44762216430953106                0           0
