 WIDE PAIRS    T TPHYS N      1.2259999999999758E+00     2.5131880974548366E+00         373
 NAME(I1)    NAME(I2)    M(I1)[M*]                 M(I2)[M*]                 EB[NB]                    ECC                       P[Days]                   SEMI[AU]                  RI[PC]                    VI[km/s]                  K*(I1)      K*(I2)      
         425         527  0.11465606534331962       0.33302475784545238       -3.7456644300006974E-006  0.70265272829881109        4042053109.7811947        37989.539084303338        13.605536380093016       0.54306944389464229                0           0
         428         451  0.50342484150502542        8.2947249527767969E-002  -2.1196541692530408E-006  0.48343885210174092        9488335137.4937649        73416.040467295577        3.8735392776793254       0.34790045821601634                0           0
         429         573  0.87362270939974029       0.18045805036162924       -2.2127624945701085E-005  0.50287066201680475        1539147873.8016820        26551.233994214552        4.7113336231783762       0.51622417064350612                0           0
         433         568  0.70744775892037870       0.83283192557172281       -2.5022817698715818E-005  0.81485900732221250        7649670472.7220011        87747.522700025787        3.4895531639878565       0.73721510616408203                0           0
         441         522  0.96223092533240573       0.15216178671496328       -1.3382379857975341E-005  0.65310405533947302        2848573515.8026490        40772.833413248809        6.1535329734113260       0.77403081899962944                0           0
         448         598  0.49694264276027938        8.1161370196568494E-002  -7.1114905845440613E-006  0.65524302808466361        1476076040.8699834        21135.587888440336        4.6665759241338183       0.11356978056841521                0           0
         496         896  0.19654063769100966       0.15058728593018661       -2.1564067089394713E-006  0.76176584734459396        7171160490.7221727        51148.079146108030        14.158177222618807       0.75356482185243301                0           0
         516         663  0.40078758403675879       0.18595681337462622       -1.4305977141066609E-005  0.85068661040875782        1289905796.9251530        19414.587328607366        15.535997241982743       0.37270729677620840                0           0
         540        1106  0.11908345594886549       0.21419108558098290       -3.9824030116365071E-007  0.73581136815263593        73778459037.124252        238686.00209440704        15.857430386817240       0.44099086862897646                0           0
         563        1076  0.53682850220895728       0.31078473953524977       -3.6927449855974448E-006  0.67908189278732300        27408752170.695957        168370.21657754167        4.8251213463535212       0.47568144031967247                0           0
         656         958   8.3917520629396281E-002  0.11415570944869273       -3.9875391683507476E-007  0.23856812697429364        21984890954.158146        89529.190031123901        10.388479993611840       0.45345948885594073                0           0
         689         584  0.28262787196724670       0.11424465493049518       -1.0389942587080019E-006   6.9787239948406937E-002   22850742010.951618        115812.93478544004        5.2607952950781529       0.13661714152405438                0           0
         834         864  0.14943489976779920       0.18613653504488009       -4.3864126209030577E-007  0.93935063603640878        72433255563.539154        236316.21137925360        7.8195559877460035       0.46581871135869712                0           0
