 WIDE PAIRS    T TPHYS N      1.0769999999999922E+00     2.2077516973563567E+00         373
 NAME(I1)    NAME(I2)    M(I1)[M*]                 M(I2)[M*]                 EB[NB]                    ECC                       P[Days]                   SEMI[AU]                  RI[PC]                    VI[km/s]                  K*(I1)      K*(I2)      
         267         268  0.11152016154947933        1.9237634443879208E-002  -2.0554331506016126E-005  0.97570990577599459        7748863.0353244785        388.97441581245056        2.5075761617934251       0.54242853274004288                0           0
         399         400  0.17014458503807270        6.6018282057290864E-002  -2.6983297579324245E-005  0.99100050574369036        45924497.622670956        1551.3388332532888        9.9172893676855107       0.23304158360255406                0           0
         425         527  0.11465606534331962       0.33302475784545238       -3.5870894506152411E-006  0.71616384872031025        4313025299.5655479        39668.948103814444        13.796308113964677       0.55091085280265617                0           0
         428         451  0.50342484150502542        8.2947249527767969E-002  -2.1283876249614470E-006  0.48571210776176577        9429994573.1926117        73114.790953255899        3.9981695253550575       0.34723637707833094                0           0
         429         573  0.87362270939974029       0.18045805036162924       -3.3160983143973094E-005  0.58038677582267639        838960381.53011751        17717.078686079542        5.4116641742607507       0.50138006214456265                0           0
         433         568  0.70744775892037870       0.83283192557172281       -2.5499403953774562E-005  0.80781176501421204        7436216094.2254438        86107.513258624822        3.9071129457894336       0.73332338921028495                0           0
         441         522  0.96223092533240573       0.15216178671496328       -1.3426325448319249E-005  0.65410937095399402        2834599503.7665577        40639.380202894572        5.7571582479243721       0.77471186677472259                0           0
         448         598  0.49694264276027938        8.1161370196568494E-002  -7.0552416388879102E-006  0.66104375169658758        1493763526.3636355        21304.094453544330        5.3150974725604874       0.10661806124740052                0           0
         456         514   2.1016478498606079       0.17931146769711101       -3.9789643347091659E-005  0.94358835739153202        1603641952.3229713        35295.334556978523        11.390014096385601       0.24458984398545519                0           0
         496         896  0.19654063769100966       0.15058728593018661       -2.1305801162253436E-006  0.76995458434836339        7301946542.8062906        51768.088972613310        13.857210551929123       0.74136975180111853                0           0
         516         663  0.40078758403675879       0.18595681337462622       -1.4268869819996963E-005  0.85285730608343369        1294940819.4772577        19465.076493798828        14.794316160032857       0.37515881502274717                0           0
         540        1106  0.11908345594886549       0.21419108558098290       -4.7875950040300294E-007  0.68218673995280743        55972059100.961960        198543.07909840113        15.094934462768800       0.44654021714677711                0           0
         563        1076  0.53682850220895728       0.31078473953524977       -3.6662208172163570E-006  0.67260993002852454        27706732455.001518        169588.33196052443        5.3287835120113494       0.48102290632428707                0           0
         656         958   8.3917520629396281E-002  0.11415570944869273       -4.0613858485124652E-007  0.25468972069830403        21388010175.153221        87901.313806611142        10.951330651829450       0.45625515944921108                0           0
         689         584  0.28262787196724670       0.11424465493049518       -9.6837326405809430E-007  0.13637790813081738        25395445918.743446        124258.87701808514        5.9066072373164937       0.13239556491502288                0           0
         834         864  0.14943489976779920       0.18613653504488009       -4.3910359200514156E-007  0.93776169005528787        72318888777.137451        236067.39525506212        8.1955515735961235       0.47039445937822544                0           0
