 WIDE PAIRS    T TPHYS N      1.3919999999999575E+00     2.8534729458867005E+00         373
 NAME(I1)    NAME(I2)    M(I1)[M*]                 M(I2)[M*]                 EB[NB]                    ECC                       P[Days]                   SEMI[AU]                  RI[PC]                    VI[km/s]                  K*(I1)      K*(I2)      
         425         527  0.11465606534331962       0.33302475784545238       -3.8681312409644945E-006  0.68647937782380009        3851620722.6664739        36786.772835741642        13.628507111450514       0.53556412147159815                0           0
         428         451  0.50342484150502542        8.2947249527767969E-002  -2.1089311034195707E-006  0.48246633997259869        9560793596.1759205        73789.331483719492        3.6554826338986106       0.34849267540835666                0           0
         429        1090  0.87362270939974029       0.20011615892944146       -2.2821020365629915E-005  0.65580747191490918        1700303361.2785027        28548.963848420608        3.4113676596383815       0.52355370384912869                0           0
         433         568  0.70744775892037870       0.83283192557172281       -2.4479026683016650E-005  0.82270438821000369        7905982098.0201969        89696.796056030493        2.4822826826565030       0.74127095813331578                0           0
         441         522  0.96223092533240573       0.15216178671496328       -1.3315594740860166E-005  0.65103734791335854        2870031137.1079421        40977.331860942286        6.7411361716828635       0.77313249776701976                0           0
         448         598  0.49694264276027938        8.1161370196568494E-002  -7.1508925412565472E-006  0.64718938163890127        1463892926.6677365        21019.129206636826        3.5612065346397848       0.12188891402051028                0           0
         456         514   2.1016478498606079       0.17931146769711101       -8.8407362325341383E-005  0.97961018935883437        484205623.13919318        15885.427829757748        13.040904363078170       0.14735482563312108                0           0
         496         896  0.19654063769100966       0.15058728593018661       -2.1682065445585817E-006  0.75272516107850662        7112699767.0697784        50869.720551687220        15.035704020823998       0.76754635334102173                0           0
         516         663  0.40078758403675879       0.18595681337462622       -1.4317724309320617E-005  0.84646143374223948        1288318641.9127254        19398.658370973866        16.876719472149269       0.37036098728352618                0           0
         563        1076  0.53682850220895728       0.31078473953524977       -3.6559189876678592E-006  0.69046220906115430        27823925019.900604        170066.20635959198        4.0304207166047243       0.46979154466867523                0           0
         656         958   8.3917520629396281E-002  0.11415570944869273       -3.9261549119784321E-007  0.22049136405268777        22502491790.325428        90928.952107986770        9.1771526241238881       0.45072197608440018                0           0
         689         584  0.28262787196724670       0.11424465493049518       -1.1185061107653054E-006   4.8314802579492531E-003   20457967624.064781        107580.07771979431        4.1391275320729122       0.14259515218399513                0           0
         834         864  0.14943489976779920       0.18613653504488009       -4.4093288952246942E-007  0.94053302983930087        71869312000.975052        235088.02286002526        7.0334996434630135       0.46048013179813047                0           0
