 WIDE PAIRS    T TPHYS N      1.8719999999999046E+00     3.8374291341234157E+00         373
 NAME(I1)    NAME(I2)    M(I1)[M*]                 M(I2)[M*]                 EB[NB]                    ECC                       P[Days]                   SEMI[AU]                  RI[PC]                    VI[km/s]                  K*(I1)      K*(I2)      
         403         404  0.17519688796893346        3.8994197612049461E-002  -1.0596703182285830E-004  0.98373321252310864        2939015.9413182866        240.25638712958192        16.699308065514266       0.40099305819563225                0           0
         425         527  0.11465606534331962       0.33302475784545238       -3.8313277242595921E-006  0.63467529776175502        3907251462.0800018        37140.144488082158        14.125227571357897       0.52356306871897051                0           0
         428         451  0.50342484150502542        8.2947249527767969E-002  -2.0929159784790048E-006  0.48556119093837280        9670742955.4897842        74353.972097649632        2.7254238017712269       0.34943101739791232                0           0
         429         573  0.87362270939974029       0.18045805036162924       -4.0228253779666053E-005  0.82504486944142430        627893196.74470484        14604.555069365126        4.0834971394172639       0.54792067763193264                0           0
         433         568  0.70744775892037870       0.83283192557172281       -2.3968835169552566E-005  0.83397014081046494        8159746223.2360849        91606.047957885006        3.4218154692410403       0.75085300367292962                0           0
         441         522  0.96223092533240573       0.15216178671496328       -1.3196033693344581E-005  0.64351647599102757        2909124703.4935794        41348.601958877771        5.7832166600447108       0.76969666311398344                0           0
         448         598  0.49694264276027938        8.1161370196568494E-002  -7.1480729823372409E-006  0.62241187972299583        1464759161.3931470        21027.420206655581        4.3996659384995365       0.14775978074861190                0           0
         456         514   2.1016478498606079       0.17931146769711101       -8.8904335869963828E-005  0.94423718673337043        480151252.01759917        15796.628590675125        12.853519884435668       0.17256966552361147                0           0
         496         896  0.19654063769100966       0.15058728593018661       -2.1914681956527058E-006  0.73258716104027133        6999752676.8567858        50329.756662146719        15.080685645120356       0.80897385741438554                0           0
         516         663  0.40078758403675879       0.18595681337462622       -1.4059697788361650E-005  0.80795910581097596        1323946104.6427901        19754.666615680042        16.368098067232491       0.36765065875593184                0           0
         563        1076  0.53682850220895728       0.31078473953524977       -3.2673938274150000E-006  0.73962748431776448        32931462112.613739        190288.74565836135        5.2139609396436830       0.45395983409138868                0           0
         656         958   8.3917520629396281E-002  0.11415570944869273       -3.7168527598963214E-007  0.17262458202051215        24429733146.264473        96049.312421453607        9.8981981299204698       0.44471203502814260                0           0
         689         584  0.28262787196724670       0.11424465493049518       -1.3575626823893911E-006  0.22399160315327676        15299604057.436121        88636.035659443922        4.9956356680262948       0.16556785854710110                0           0
         834         864  0.14943489976779920       0.18613653504488009       -4.5550413528588017E-007  0.94071164663618978        68448469674.241028        227567.72811017002        7.2419415507702505       0.44417846132607819                0           0
