 WIDE PAIRS    T TPHYS N      1.2439999999999738E+00     2.5500864545137136E+00         373
 NAME(I1)    NAME(I2)    M(I1)[M*]                 M(I2)[M*]                 EB[NB]                    ECC                       P[Days]                   SEMI[AU]                  RI[PC]                    VI[km/s]                  K*(I1)      K*(I2)      
         425         527  0.11465606534331962       0.33302475784545238       -3.7643505694588116E-006  0.70085025303127735        4011993519.2938209        37800.959988870993        13.602522348403109       0.54218827080272325                0           0
         428         451  0.50342484150502542        8.2947249527767969E-002  -2.1183457609213437E-006  0.48329662269970647        9497127281.1815128        73461.386303088613        3.8572883371650226       0.34797234037743280                0           0
         429         573  0.87362270939974029       0.18045805036162924       -2.1134481849988110E-005  0.59891843207121531        1648903128.9467266        27798.918934454934        4.6671143829576200       0.51718853792873887                0           0
         433         568  0.70744775892037870       0.83283192557172281       -2.4964230582145930E-005  0.81570583587818424        7676615123.3185368        87953.452312966547        3.4776659034020296       0.73766993130694614                0           0
         441         522  0.96223092533240573       0.15216178671496328       -1.3375936379438797E-005  0.65289253593872276        2850632093.0952115        40792.474571035433        6.1741143846573898       0.77393967547766795                0           0
         448         598  0.49694264276027938        8.1161370196568494E-002  -7.1172008412204998E-006  0.65444471225298262        1474299974.1850793        21118.630430790490        4.6256530115767998       0.11444625173627583                0           0
         496         896  0.19654063769100966       0.15058728593018661       -2.1578073105134489E-006  0.76073933032370988        7164179578.7092943        51114.879666335699        14.189783613008602       0.75506899916264480                0           0
         516         663  0.40078758403675879       0.18595681337462622       -1.4308873540185119E-005  0.85034030071464839        1289514163.0625634        19410.657431996922        15.585428978205638       0.37243087396059105                0           0
         540        1106  0.11908345594886549       0.21419108558098290       -3.8751307698637500E-007  0.74292063576109479        76863091390.795105        245293.36170238856        15.908918614144538       0.44031410204996002                0           0
         563        1076  0.53682850220895728       0.31078473953524977       -3.6918712010972413E-006  0.68011975632534694        27418483317.258163        168410.06609490773        4.7975007323764789       0.47503563331481563                0           0
         656         958   8.3917520629396281E-002  0.11415570944869273       -3.9814325496947007E-007  0.23662226991865520        22035490132.596073        89666.507595915202        10.360989050286239       0.45314756284197799                0           0
         689         584  0.28262787196724670       0.11424465493049518       -1.0475944197575800E-006   6.1723376447549327E-002   22569932700.100906        114862.17572067758        5.2203352629036690       0.13720363613393102                0           0
         834         864  0.14943489976779920       0.18613653504488009       -4.3872542337392913E-007  0.93951206356181438        72412414110.970367        236270.87852496462        7.8060345727189073       0.46524900733168839                0           0
