 WIDE PAIRS    T TPHYS N      1.0699999999999930E+00     2.1934023362779045E+00         373
 NAME(I1)    NAME(I2)    M(I1)[M*]                 M(I2)[M*]                 EB[NB]                    ECC                       P[Days]                   SEMI[AU]                  RI[PC]                    VI[km/s]                  K*(I1)      K*(I2)      
         267         268  0.11152016154947933        1.9237634443879208E-002  -2.0554774159272766E-005  0.97570808546223264        7748612.7255207067        388.96603913117082        2.4988782184704870       0.54239165948625601                0           0
         399         400  0.17014458503807270        6.6018282057290864E-002  -2.6983133561536314E-005  0.99095571866757381        45924916.353464842        1551.3482631129891        9.9058626750989465       0.23320434621500055                0           0
         425         527  0.11465606534331962       0.33302475784545238       -3.5829228892328620E-006  0.71651171850976358        4320550876.5773201        39715.078906055722        13.797007488256977       0.55130200619681036                0           0
         428         451  0.50342484150502542        8.2947249527767969E-002  -2.1287680860602959E-006  0.48584978054991879        9427466642.2645454        73101.723614502393        4.0054978002770589       0.34720198131431262                0           0
         429         573  0.87362270939974029       0.18045805036162924       -3.3521685361197610E-005  0.59433912992732196        825455719.69761539        17526.438224660276        5.4176707314003645       0.50065011553076488                0           0
         433         568  0.70744775892037870       0.83283192557172281       -2.5520866336010220E-005  0.80748916886996991        7426837571.3277721        86035.099088251969        3.9081442910250397       0.73313579171878041                0           0
         441         522  0.96223092533240573       0.15216178671496328       -1.3428222556609947E-005  0.65412504593789544        2833998826.4698520        40633.638765054478        5.7593617206916594       0.77474196518903327                0           0
         448         598  0.49694264276027938        8.1161370196568494E-002  -7.0533529074683047E-006  0.66123475167996182        1494363561.6247137        21309.799217376301        5.3172567066055150       0.10630457343384901                0           0
         456         514   2.1016478498606079       0.17931146769711101       -3.9701197599841659E-005  0.94472348156792330        1609003790.9346161        35373.964986992127        11.374820621726887       0.24352054954305033                0           0
         496         896  0.19654063769100966       0.15058728593018661       -2.1310614120701733E-006  0.77046980999913162        7299472988.0276461        51756.397255999153        13.858713142158413       0.74077111964527420                0           0
         516         663  0.40078758403675879       0.18595681337462622       -1.4266541455859712E-005  0.85293675109784428        1295257842.7154219        19468.253282383310        14.787651792695813       0.37528033479294487                0           0
         540        1106  0.11908345594886549       0.21419108558098290       -4.8007525532118853E-007  0.68137886713112217        55742110688.902451        197998.92684331219        15.087232517893955       0.44677658083617261                0           0
         563        1076  0.53682850220895728       0.31078473953524977       -3.6660188484999357E-006  0.67231707423151921        27709022120.095894        169597.67493969109        5.3245673651747616       0.48128834672686749                0           0
         656         958   8.3917520629396281E-002  0.11415570944869273       -4.0606449980580837E-007  0.25538620066612411        21393863693.414291        87917.351093373596        10.957951106043300       0.45640244996412804                0           0
         689         584  0.28262787196724670       0.11424465493049518       -9.6512931657384250E-007  0.13947580967793863        25523590422.735931        124676.53013935775        5.9086542124921291       0.13222444546555320                0           0
         834         864  0.14943489976779920       0.18613653504488009       -4.3917201346303467E-007  0.93767615675789040        72301988891.944336        236030.61678364492        8.2072161675828834       0.47060294168660821                0           0
