 WIDE PAIRS    T TPHYS N      1.1859999999999802E+00     2.4311917484351104E+00         373
 NAME(I1)    NAME(I2)    M(I1)[M*]                 M(I2)[M*]                 EB[NB]                    ECC                       P[Days]                   SEMI[AU]                  RI[PC]                    VI[km/s]                  K*(I1)      K*(I2)      
         425         527  0.11465606534331962       0.33302475784545238       -3.7013781999588807E-006  0.70666492547693782        4114813174.0939116        38444.076117857141        13.579160152975714       0.54508080391075897                0           0
         428         451  0.50342484150502542        8.2947249527767969E-002  -2.1218921185720568E-006  0.48397291084460542        9473328144.6563129        73338.608925733875        3.9318987140300763       0.34773511615271113                0           0
         429         573  0.87362270939974029       0.18045805036162924       -2.5298654313525948E-005  0.39105950031581516        1259030984.4095249        23223.201534297135        4.7703266231213695       0.51280599576869756                0           0
         433         568  0.70744775892037870       0.83283192557172281       -2.5154430086504540E-005  0.81292850171993758        7589712446.5218668        87288.412279102689        3.4887112562430209       0.73619232800269430                0           0
         441         522  0.96223092533240573       0.15216178671496328       -1.3395802688219355E-005  0.65344753205775585        2844293107.2563643        40731.978316005938        6.1493293929787249       0.77422596428023716                0           0
         448         598  0.49694264276027938        8.1161370196568494E-002  -7.0979126886385118E-006  0.65695130659637657        1480313537.7490916        21176.019044026565        4.7184365229164120       0.11164797814058119                0           0
         456         514   2.1016478498606079       0.17931146769711101       -6.2816692895685005E-005  0.89279457387970462        808443876.99750805        22356.935857330445        11.894595123860006       0.28204488701795272                0           0
         496         896  0.19654063769100966       0.15058728593018661       -2.1530493032984429E-006  0.76408364682513963        7187940792.6860037        51227.838048604972        14.088221730175780       0.75023509928428456                0           0
         516         663  0.40078758403675879       0.18595681337462622       -1.4298085251717064E-005  0.85138765839442954        1290973897.8149674        19425.303293176541        15.468357219612482       0.37333787088574427                0           0
         540        1106  0.11908345594886549       0.21419108558098290       -4.2080886188122133E-007  0.72084323431908337        67923503071.577980        225884.94199643243        15.786024047057603       0.44248577451102655                0           0
         563        1076  0.53682850220895728       0.31078473953524977       -3.6920167513765268E-006  0.67694094283399742        27416861956.018127        168403.42686930142        4.8527623992729900       0.47711954268331180                0           0
         656         958   8.3917520629396281E-002  0.11415570944869273       -4.0006929131186872E-007  0.24279180006673937        21876555040.514767        89234.829993869324        10.414288580046501       0.45416393322023751                0           0
         689         584  0.28262787196724670       0.11424465493049518       -1.0197407578094917E-006   8.7831392270430020E-002   23500946934.894772        117999.57332751460        5.3115757969716348       0.13537233853765146                0           0
         834         864  0.14943489976779920       0.18613653504488009       -4.3856645347955822E-007  0.93896755782766839        72451789341.860275        236356.52109133976        7.8305526094615505       0.46707611217984241                0           0
