 WIDE PAIRS    T TPHYS N      1.4909999999999466E+00     3.0564139097105234E+00         373
 NAME(I1)    NAME(I2)    M(I1)[M*]                 M(I2)[M*]                 EB[NB]                    ECC                       P[Days]                   SEMI[AU]                  RI[PC]                    VI[km/s]                  K*(I1)      K*(I2)      
         425         527  0.11465606534331962       0.33302475784545238       -3.8921073707485652E-006  0.67676924927558413        3816085503.1439462        36560.159241657457        13.648325067204345       0.53181483527502671                0           0
         428         451  0.50342484150502542        8.2947249527767969E-002  -2.1026530291267555E-006  0.48262502261816470        9603645284.2419624        74009.650717875003        3.5988175005972503       0.34877697232381411                0           0
         429        1090  0.87362270939974029       0.20011615892944146       -3.2254869265079398E-005  0.55540342097056927        1011896449.8789486        20199.011815800492        3.1563304024204615       0.53208235901152134                0           0
         433         568  0.70744775892037870       0.83283192557172281       -2.4177691768802468E-005  0.82708083865931981        8054244148.0209293        90814.718172140347        2.3812265081766015       0.74353058849901632                0           0
         441         522  0.96223092533240573       0.15216178671496328       -1.3269540329043550E-005  0.64950229969519135        2884985560.5231266        41119.551325209592        6.8406704521764743       0.77252701894015019                0           0
         448         598  0.49694264276027938        8.1161370196568494E-002  -7.1625020663690837E-006  0.64188939032604908        1460335186.7316086        20985.059812156109        3.3756208637390981       0.12705878587056235                0           0
         456         514   2.1016478498606079       0.17931146769711101       -8.8499675221574529E-005  0.96758668207480070        483448217.55751097        15868.857940125996        13.277553465263560       0.15747927685021126                0           0
         496         896  0.19654063769100966       0.15058728593018661       -2.1742050204135544E-006  0.74782969606686467        7083284935.3006468        50729.374637841211        15.256020218089914       0.77598851690540049                0           0
         516         663  0.40078758403675879       0.18595681337462622       -1.4305564907514319E-005  0.84252525374750731        1289961552.8092709        19415.146785318964        17.171134542652631       0.36922247188573915                0           0
         563        1076  0.53682850220895728       0.31078473953524977       -3.6050814773919044E-006  0.69900140489898366        28414538897.295021        172464.41637720665        3.9762257651332087       0.46637050676481279                0           0
         656         958   8.3917520629396281E-002  0.11415570944869273       -3.8854822564958172E-007  0.20976611784711616        22856743983.091831        91880.782974361311        8.9662546403271115       0.44924155073741912                0           0
         689         584  0.28262787196724670       0.11424465493049518       -1.1665031521170667E-006   4.9433514837521064E-002   19208398348.848896        103153.57837466056        3.9493845397738037       0.14672050704231526                0           0
         834         864  0.14943489976779920       0.18613653504488009       -4.4421136119523304E-007  0.94085694995431091        71075142015.533783        233352.97173148408        6.9154684733534122       0.45721077267319249                0           0
