 WIDE PAIRS    T TPHYS N      1.1679999999999822E+00     2.3942933913762339E+00         373
 NAME(I1)    NAME(I2)    M(I1)[M*]                 M(I2)[M*]                 EB[NB]                    ECC                       P[Days]                   SEMI[AU]                  RI[PC]                    VI[km/s]                  K*(I1)      K*(I2)      
         425         527  0.11465606534331962       0.33302475784545238       -3.6802495179445195E-006  0.70846935668402389        4150299318.3832045        38664.787418998421        13.585301515393880       0.54600962107247319                0           0
         428         451  0.50342484150502542        8.2947249527767969E-002  -2.1231944712067309E-006  0.48416961732593666        9464613171.6117020        73293.623536099039        3.9363336173132306       0.34765733856156417                0           0
         429         573  0.87362270939974029       0.18045805036162924       -2.6830609416588166E-005  0.39435553901714210        1152754280.6477985        21897.219647433500        4.7779039328953976       0.51098350254375813                0           0
         433         568  0.70744775892037870       0.83283192557172281       -2.5211942003488529E-005  0.81208899590599026        7563757491.0000000        87089.295371727407        3.4667742029307203       0.73572669903862931                0           0
         441         522  0.96223092533240573       0.15216178671496328       -1.3401511840756676E-005  0.65360749799123918        2842475763.0066810        40714.626163493886        6.1422961098485285       0.77431085885054873                0           0
         448         598  0.49694264276027938        8.1161370196568494E-002  -7.0910574099385842E-006  0.65769156508153892        1482460695.8211246        21196.490957298389        4.7250881638314697       0.11079531580369049                0           0
         456         514   2.1016478498606079       0.17931146769711101       -4.9877953048794550E-005  0.91407329957108796        1142614012.1536369        28156.503785641940        11.889418530956466       0.27004380850628706                0           0
         496         896  0.19654063769100966       0.15058728593018661       -2.1516342136830586E-006  0.76514887009198840        7195033019.9835215        51261.529640410015        14.084077073442716       0.74874009131625974                0           0
         516         663  0.40078758403675879       0.18595681337462622       -1.4294050745250257E-005  0.85166993536403868        1291520503.8963842        19430.786099495948        15.454149847417259       0.37362871357397515                0           0
         540        1106  0.11908345594886549       0.21419108558098290       -4.3045694580877304E-007  0.71443997621475652        65652733320.655373        220822.05034240882        15.769298031723304       0.44315463757918411                0           0
         563        1076  0.53682850220895728       0.31078473953524977       -3.6903269667802010E-006  0.67607805852110625        27435695203.494629        168480.53806276852        4.8491551789673988       0.47776838128405907                0           0
         656         958   8.3917520629396281E-002  0.11415570944869273       -4.0063318550982042E-007  0.24477309127634697        21830384174.829922        89109.231304822344        10.407917568527170       0.45448876997548321                0           0
         689         584  0.28262787196724670       0.11424465493049518       -1.0110834236709126E-006   9.5945767492591066E-002   23803430060.201054        119009.93677586103        5.3174371019049609       0.13483834619168666                0           0
         834         864  0.14943489976779920       0.18613653504488009       -4.3858359448288603E-007  0.93878429531493490        72447541972.908447        236347.28365527160        7.8237805608368900       0.46763806017477305                0           0
