 WIDE PAIRS    T TPHYS N      1.0889999999999909E+00     2.2323506020622745E+00         373
 NAME(I1)    NAME(I2)    M(I1)[M*]                 M(I2)[M*]                 EB[NB]                    ECC                       P[Days]                   SEMI[AU]                  RI[PC]                    VI[km/s]                  K*(I1)      K*(I2)      
         267         268  0.11152016154947933        1.9237634443879208E-002  -2.0554968581831517E-005  0.97570857195972138        7748502.7884844746        388.96236003176989        2.5189712597307246       0.54249227599568128                0           0
         399         400  0.17014458503807270        6.6018282057290864E-002  -2.6983527948071378E-005  0.99099477627789778        45923909.511300571        1551.3255888775316        9.9160436034839368       0.23276380612439576                0           0
         425         527  0.11465606534331962       0.33302475784545238       -3.5954695030616942E-006  0.71546748100183954        4297955372.0131855        39576.490675007852        13.798822165158761       0.55024479203446330                0           0
         428         451  0.50342484150502542        8.2947249527767969E-002  -2.1277533283532800E-006  0.48547695721850759        9434211598.1962910        73136.586930867823        3.9917988339083013       0.34729466511660312                0           0
         429         573  0.87362270939974029       0.18045805036162924       -3.2500551736343723E-005  0.55530570060141315        864662150.54176879        18077.100734648127        5.4173434860214833       0.50263672217402078                0           0
         433         568  0.70744775892037870       0.83283192557172281       -2.5462621479671902E-005  0.80836143696223872        7452335085.5135908        86231.901369213054        3.9247385286067229       0.73364394416919709                0           0
         441         522  0.96223092533240573       0.15216178671496328       -1.3422981637614546E-005  0.65407940619862859        2835658764.0732322        40649.503914468020        5.7495230045444661       0.77465961492935786                0           0
         448         598  0.49694264276027938        8.1161370196568494E-002  -7.0594909551992165E-006  0.66066893968982798        1492415018.6994386        21291.270889262774        5.3242112626602438       0.10715887908046073                0           0
         456         514   2.1016478498606079       0.17931146769711101       -3.9998454234475634E-005  0.94150544766028588        1591100699.3439963        35111.076183238554        11.395412082190701       0.24658114627886790                0           0
         496         896  0.19654063769100966       0.15058728593018661       -2.1297488040684811E-006  0.76907217393660154        7306222250.7418003        51788.295788374060        13.851972801727717       0.74239735729389267                0           0
         516         663  0.40078758403675879       0.18595681337462622       -1.4272527964115018E-005  0.85272283419223849        1294442998.4250278        19460.087464857192        14.791149757585170       0.37495169458574673                0           0
         540        1106  0.11908345594886549       0.21419108558098290       -4.7641258248399750E-007  0.68363143962471551        56386164900.315254        199521.14795544316        15.093477342652760       0.44613405798422878                0           0
         563        1076  0.53682850220895728       0.31078473953524977       -3.6710123815914598E-006  0.67297302243523927        27652504118.894886        169366.97792371159        5.3457030699134709       0.48059550002624590                0           0
         656         958   8.3917520629396281E-002  0.11415570944869273       -4.0626106718900677E-007  0.25349774282268733        21378338600.985001        87874.812723251802        10.960046491279936       0.45600432861325474                0           0
         689         584  0.28262787196724670       0.11424465493049518       -9.7391286183243779E-007  0.13108547578789601        25179081102.033554        123552.09489665728        5.9161255852440702       0.13269531553896877                0           0
         834         864  0.14943489976779920       0.18613653504488009       -4.3899692880558008E-007  0.93790497352707003        72345247387.281494        236124.75261234149        8.1953959899952675       0.47005089330122751                0           0
