 WIDE PAIRS    T TPHYS N      1.2899999999999687E+00     2.6443822558863990E+00         373
 NAME(I1)    NAME(I2)    M(I1)[M*]                 M(I2)[M*]                 EB[NB]                    ECC                       P[Days]                   SEMI[AU]                  RI[PC]                    VI[km/s]                  K*(I1)      K*(I2)      
         425         527  0.11465606534331962       0.33302475784545238       -3.8062123879766034E-006  0.69631331248326789        3945988253.9262729        37385.214159276431        13.634394150245905       0.54000825169825828                0           0
         428         451  0.50342484150502542        8.2947249527767969E-002  -2.1155485794568828E-006  0.48287749954648596        9515969179.5808258        73558.517056840123        3.7024124474866698       0.34814677080465167                0           0
         429         573  0.87362270939974029       0.18045805036162924       -2.1287630046950418E-005  0.87286667704371401        1631141277.7605946        27598.927000034644        4.3293971548215726       0.51680546723876719                0           0
         433         568  0.70744775892037870       0.83283192557172281       -2.4811706043999646E-005  0.81791861259497656        7747509266.2860565        88494.126931173654        3.1339163830995003       0.73881621652765350                0           0
         441         522  0.96223092533240573       0.15216178671496328       -1.3358618698447505E-005  0.65241339854215352        2856177090.0108976        40845.356615011180        6.2465666902858903       0.77370196619406850                0           0
         448         598  0.49694264276027938        8.1161370196568494E-002  -7.1299819253055848E-006  0.65230747134198008        1470337543.7474244        21080.773533798962        4.3755430419214552       0.11671663104512708                0           0
         456         681   2.1016478498606079       0.63111424875763378       -2.3435620157673954E-005  0.98837687475117297        21402058168.929111        210916.62771083612        12.362917520461593       0.19180617620137203                0           0
         496         896  0.19654063769100966       0.15058728593018661       -2.1612459544529595E-006  0.75816585649357160        7147088561.4976196        51033.553489265789        14.388028036277802       0.75892684130693089                0           0
         516         663  0.40078758403675879       0.18595681337462622       -1.4314759248638973E-005  0.84933852776044949        1288718942.8210278        19402.676475519907        15.924621059577252       0.37174709537384892                0           0
         563        1076  0.53682850220895728       0.31078473953524977       -3.6861408349009227E-006  0.68299543101604610        27482444111.454720        168671.87143363291        4.6512958725794409       0.47339218632238711                0           0
         656         958   8.3917520629396281E-002  0.11415570944869273       -3.9651550638446525E-007  0.23162470968895371        22171317192.785351        90034.600466210308        9.9747672052217435       0.45236689191566004                0           0
         689         584  0.28262787196724670       0.11424465493049518       -1.0696175785975120E-006   4.1086799403121002E-002   21876469284.903400        112497.19220580910        4.9641857947583494       0.13877248986071000                0           0
         834         864  0.14943489976779920       0.18613653504488009       -4.3911358996757872E-007  0.93988957957033603        72316418901.115555        236062.02035206588        7.4492137085489061       0.46378280488293389                0           0
