 WIDE PAIRS    T TPHYS N      1.7299999999999203E+00     3.5463420951033875E+00         373
 NAME(I1)    NAME(I2)    M(I1)[M*]                 M(I2)[M*]                 EB[NB]                    ECC                       P[Days]                   SEMI[AU]                  RI[PC]                    VI[km/s]                  K*(I1)      K*(I2)      
         403         404  0.17519688796893346        3.8994197612049461E-002  -1.0594737095420650E-004  0.98381774318280124        2939834.0780007695        240.30097199495015        13.512177009055446       0.40916178526806557                0           0
         425         527  0.11465606534331962       0.33302475784545238       -3.8658283990330611E-006  0.65097280317004547        3855062802.9485474        36808.686411375114        15.091990030617600       0.52538634160183173                0           0
         428         451  0.50342484150502542        8.2947249527767969E-002  -2.0927082604814859E-006  0.48429467239034851        9672182838.8543587        74361.352322826424        4.0414461857169020       0.34926276929677302                0           0
         429        1090  0.87362270939974029       0.20011615892944146       -4.3179363545622142E-005  0.78096235236756228        653302990.55496788        15088.607888211793        7.1887065606731522       0.54765898023204296                0           0
         433         568  0.70744775892037870       0.83283192557172281       -2.3765975310967490E-005  0.83442638840089778        8264442887.2058153        92387.972103270222        6.1267302557168257       0.74840488537033090                0           0
         441         522  0.96223092533240573       0.15216178671496328       -1.3176170661730708E-005  0.64590865037011391        2915705425.1552377        41410.934833047664        4.4430861053859463       0.77084775122766158                0           0
         448         598  0.49694264276027938        8.1161370196568494E-002  -7.1626132651135346E-006  0.62888626171744211        1460301179.5606987        20984.734021523978        7.3252085777417850       0.13994730846468159                0           0
         456         514   2.1016478498606079       0.17931146769711101       -8.8380056616609788E-005  0.94606237167176677        484430039.13403422        15890.335756749444        11.135150162321878       0.16896167425790815                0           0
         496         896  0.19654063769100966       0.15058728593018661       -2.1859366109601764E-006  0.73754130320090716        7026339136.1541929        50457.117771400830        13.520931764906226       0.79660933465830663                0           0
         516         663  0.40078758403675879       0.18595681337462622       -1.4195660765983201E-005  0.82546468506653570        1304971016.2249525        19565.460678790856        13.186664339218277       0.36761841486841962                0           0
         563        1076  0.53682850220895728       0.31078473953524977       -3.4120802115284848E-006  0.72359685956239550        30859180701.979488        182219.71186080429        7.7394805411606331       0.45846157985621272                0           0
         656         958   8.3917520629396281E-002  0.11415570944869273       -3.7791714493436893E-007  0.18530207162752410        23827960222.718941        94465.455390181509        12.723815674173958       0.44616996173630386                0           0
         689         584  0.28262787196724670       0.11424465493049518       -1.2851436205731324E-006  0.15865126339264721        16610875821.232800        93630.760328976772        7.9314827545890525       0.15807072160213384                0           0
         834         864  0.14943489976779920       0.18613653504488009       -4.5706306082680090E-007  0.94039864590043021        68098578035.104691        226791.55262357849        9.0177597165704650       0.44910606686822091                0           0
