 WIDE PAIRS    T TPHYS N      1.5119999999999443E+00     3.0994619929458795E+00         373
 NAME(I1)    NAME(I2)    M(I1)[M*]                 M(I2)[M*]                 EB[NB]                    ECC                       P[Days]                   SEMI[AU]                  RI[PC]                    VI[km/s]                  K*(I1)      K*(I2)      
         425         527  0.11465606534331962       0.33302475784545238       -3.8934605470411050E-006  0.67461931029086031        3814096249.2383566        36547.452720006717        13.742269733717096       0.53109638856975783                0           0
         428         451  0.50342484150502542        8.2947249527767969E-002  -2.1015744411362989E-006  0.48267172116074747        9611039530.1026077        74047.634583152219        3.4950652133924014       0.34882999003799547                0           0
         429        1090  0.87362270939974029       0.20011615892944146       -3.4061311488563971E-005  0.57656150414281304        932474474.51302171        19127.756886906263        3.1275652151002582       0.53332321758296564                0           0
         433         568  0.70744775892037870       0.83283192557172281       -2.4119310050480909E-005  0.82794337946806229        8083505249.0376616        91034.538692904855        2.3263033209225248       0.74399282415957013                0           0
         441         522  0.96223092533240573       0.15216178671496328       -1.3259838126585039E-005  0.64920211413342443        2888152548.6828012        41149.638435485882        6.7783955944502399       0.77239189919546403                0           0
         448         598  0.49694264276027938        8.1161370196568494E-002  -7.1639323155800614E-006  0.64069359670320958        1459897883.8148823        20980.870232478843        3.3857993489109699       0.12817063372406676                0           0
         456         514   2.1016478498606079       0.17931146769711101       -8.8369422260711864E-005  0.96471286679621571        484517486.06354660        15892.247996090291        13.321870648038241       0.15899535308329882                0           0
         496         896  0.19654063769100966       0.15058728593018661       -2.1753529605505570E-006  0.74681778050441039        7077678869.6970549        50702.604598069331        15.344639314513486       0.77778786864071570                0           0
         516         663  0.40078758403675879       0.18595681337462622       -1.4300780585873762E-005  0.84148721378232749        1290608941.2943997        19421.642116560626        17.199585502490439       0.36901246998598369                0           0
         563        1076  0.53682850220895728       0.31078473953524977       -3.5917727399576690E-006  0.70095953537595279        28572613371.872410        173103.45559279463        4.0162002289006677       0.46565665784198895                0           0
         656         958   8.3917520629396281E-002  0.11415570944869273       -3.8760424932313747E-007  0.20749750098042424        22940293208.945541        92104.550603675030        8.9274617146972499       0.44894267124349518                0           0
         689         584  0.28262787196724670       0.11424465493049518       -1.1766892131657983E-006   5.8897269349477588E-002   18959521407.292114        102260.62496354491        3.9567238580637896       0.14764074418179157                0           0
         834         864  0.14943489976779920       0.18613653504488009       -4.4513996614446577E-007  0.94088093531595562        70852853631.957550        232866.17490138838        6.8700816820926649       0.45651112643009445                0           0
