 WIDE PAIRS    T TPHYS N      1.3979999999999568E+00     2.8657723982396597E+00         373
 NAME(I1)    NAME(I2)    M(I1)[M*]                 M(I2)[M*]                 EB[NB]                    ECC                       P[Days]                   SEMI[AU]                  RI[PC]                    VI[km/s]                  K*(I1)      K*(I2)      
         425         527  0.11465606534331962       0.33302475784545238       -3.8705290577568446E-006  0.68590765951786459        3848042122.6088500        36763.983201475719        13.631104226181586       0.53531988414134990                0           0
         428         451  0.50342484150502542        8.2947249527767969E-002  -2.1085061327128265E-006  0.48247035240819475        9563684217.5520706        73804.203768824242        3.6492650717605293       0.34851130430735816                0           0
         429        1090  0.87362270939974029       0.20011615892944146       -2.3317315086871579E-005  0.63856742950877898        1646308381.1370461        27941.316698562103        3.3988323982367228       0.52431791960585694                0           0
         433         568  0.70744775892037870       0.83283192557172281       -2.4460247491552222E-005  0.82297201696877331        7915088492.6463156        89765.660171467753        2.4747006318913694       0.74141071389777335                0           0
         441         522  0.96223092533240573       0.15216178671496328       -1.3312857986591392E-005  0.65093413671723810        2870916180.7586551        40985.755663555254        6.7434384959529829       0.77309728548007028                0           0
         448         598  0.49694264276027938        8.1161370196568494E-002  -7.1518253964127643E-006  0.64687672297410992        1463606519.6057703        21016.387556502385        3.5542960834731456       0.12219840770032805                0           0
         456         514   2.1016478498606079       0.17931146769711101       -8.8506805362350454E-005  0.97912975273743641        483389798.58492410        15867.579539096798        13.057319666287560       0.14816997622563771                0           0
         496         896  0.19654063769100966       0.15058728593018661       -2.1685895901752139E-006  0.75241704530372322        7110815338.4752674        50860.735253793639        15.046615367111103       0.76805598437528866                0           0
         516         663  0.40078758403675879       0.18595681337462622       -1.4317377483843658E-005  0.84626292303139916        1288365454.7212071        19399.128285869207        16.891774988196811       0.37028515567671355                0           0
         563        1076  0.53682850220895728       0.31078473953524977       -3.6534043248661116E-006  0.69094633396864991        27852657055.066063        170183.26407479093        4.0320148024024984       0.46958202658121212                0           0
         656         958   8.3917520629396281E-002  0.11415570944869273       -3.9237501280682258E-007  0.21983687087453743        22523181915.407337        90984.680549876328        9.1640566046224272       0.45062895892397592                0           0
         689         584  0.28262787196724670       0.11424465493049518       -1.1213930119210142E-006   7.4768968050333041E-003   20379018358.513195        107303.12481621906        4.1318360379695838       0.14283397313626070                0           0
         834         864  0.14943489976779920       0.18613653504488009       -4.4108464207360270E-007  0.94056188831769960        71832225876.395020        235007.14222214546        7.0219884390367717       0.46028374226198754                0           0
