 WIDE PAIRS    T TPHYS N      1.1079999999999888E+00     2.2712988678466441E+00         373
 NAME(I1)    NAME(I2)    M(I1)[M*]                 M(I2)[M*]                 EB[NB]                    ECC                       P[Days]                   SEMI[AU]                  RI[PC]                    VI[km/s]                  K*(I1)      K*(I2)      
         267         268  0.11152016154947933        1.9237634443879208E-002  -2.0555398275732132E-005  0.97570730443385179        7748259.8255209988        388.95422908964792        2.5389942026273356       0.54259461355790839                0           0
         399         400  0.17014458503807270        6.6018282057290864E-002  -2.6983292639302407E-005  0.99079245985039344        45924510.234254420        1551.3391172678387        9.9034510853674558       0.23232719382753986                0           0
         425         527  0.11465606534331962       0.33302475784545238       -3.6131410350330089E-006  0.71402300569491162        4266462616.2611709        39382.925792404414        13.803069170231733       0.54920186556258288                0           0
         428         451  0.50342484150502542        8.2947249527767969E-002  -2.1267055340296113E-006  0.48512649324036566        9441184588.1067295        73172.620175439049        3.9872067592727385       0.34738520032235776                0           0
         429         573  0.87362270939974029       0.18045805036162924       -3.1343950898605402E-005  0.51303629494504677        912960403.29303455        18744.150970950799        5.4368685106643131       0.50463985453272997                0           0
         433         568  0.70744775892037870       0.83283192557172281       -2.5403919527373648E-005  0.80923603093128982        7478180658.6336851        86431.161210014732        3.9645734943493895       0.73414642562819687                0           0
         441         522  0.96223092533240573       0.15216178671496328       -1.3417456600884940E-005  0.65401224920921086        2837410444.5925045        40666.242556436344        5.7354863205633819       0.77457517306749946                0           0
         448         598  0.49694264276027938        8.1161370196568494E-002  -7.0672901371557365E-006  0.66002693875839269        1489945245.0916567        21267.774684560791        5.3477158053240732       0.10802415574074117                0           0
         456         514   2.1016478498606079       0.17931146769711101       -4.0571011561215793E-005  0.93770390919252211        1557538263.0775287        34615.572049995229        11.393493021722643       0.25024083613630538                0           0
         496         896  0.19654063769100966       0.15058728593018661       -2.1284174005369277E-006  0.76767751446203147        7313078789.6740313        51820.691276161553        13.838741666818146       0.74402790913873540                0           0
         516         663  0.40078758403675879       0.18595681337462622       -1.4277672208816904E-005  0.85250914381188958        1293743479.8060312        19453.075996154508        14.776362900152574       0.37462692931912450                0           0
         540        1106  0.11908345594886549       0.21419108558098290       -4.6408615045581721E-007  0.69194576470254188        58647496701.446320        204820.56028662715        15.081453847077132       0.44539889358091567                0           0
         563        1076  0.53682850220895728       0.31078473953524977       -3.6752228533733732E-006  0.67368509946181865        27604998128.139709        169172.94482428167        5.3802520828942928       0.47990205736932168                0           0
         656         958   8.3917520629396281E-002  0.11415570944869273       -4.0644371817121439E-007  0.25161510672722154        21363929462.722351        87835.322825542389        10.985711218481660       0.45561148870492474                0           0
         689         584  0.28262787196724670       0.11424465493049518       -9.8262857223954665E-007  0.12275329662038156        24844825254.899452        122456.21359447142        5.9403815604394428       0.13318639002490495                0           0
         834         864  0.14943489976779920       0.18613653504488009       -4.3884836665510369E-007  0.93812720660870930        72381986757.518463        236204.68728612451        8.2056024234864235       0.46944421722431701                0           0
