 WIDE PAIRS    T TPHYS N      1.1939999999999793E+00     2.4475910182390557E+00         373
 NAME(I1)    NAME(I2)    M(I1)[M*]                 M(I2)[M*]                 EB[NB]                    ECC                       P[Days]                   SEMI[AU]                  RI[PC]                    VI[km/s]                  K*(I1)      K*(I2)      
         425         527  0.11465606534331962       0.33302475784545238       -3.7102272012811611E-006  0.70587654012754719        4100101028.8435764        38352.385862262207        13.601511946887330       0.54467303913216680                0           0
         428         451  0.50342484150502542        8.2947249527767969E-002  -2.1216848007928303E-006  0.48380360824258006        9474716690.2087727        73345.775116267148        3.8816440819620013       0.34776853218129905                0           0
         429         573  0.87362270939974029       0.18045805036162924       -2.4617266617500702E-005  0.39974279324918155        1311664623.0499728        23866.002541966085        4.6715226530353231       0.51357870139367834                0           0
         433         568  0.70744775892037870       0.83283192557172281       -2.5127563916554957E-005  0.81332899929984104        7601887980.0824375        87381.740280444472        3.4002840158412693       0.73639817614794967                0           0
         441         522  0.96223092533240573       0.15216178671496328       -1.3393233006470609E-005  0.65340257510340338        2845111723.4916801        40739.793323869868        6.1729053271188210       0.77418769573455437                0           0
         448         598  0.49694264276027938        8.1161370196568494E-002  -7.1006054496474974E-006  0.65662492223649371        1479471549.1331110        21167.988467083283        4.6302552823339891       0.11202925553333569                0           0
         456         514   2.1016478498606079       0.17931146769711101       -6.6899260942658917E-005  0.88677892737153508        735580992.88944173        20992.590262576930        11.966780696489925       0.28976764247095566                0           0
         496         896  0.19654063769100966       0.15058728593018661       -2.1538399881844857E-006  0.76361913078352273        7183983065.1769657        51209.032066028791        14.169683633234802       0.75089845212147854                0           0
         516         663  0.40078758403675879       0.18595681337462622       -1.4299795794000160E-005  0.85125538360891961        1290742265.1996272        19422.979637431828        15.563995079952296       0.37321007034535686                0           0
         540        1106  0.11908345594886549       0.21419108558098290       -4.1643506658467411E-007  0.72374562488139971        68996403356.827072        228257.39949615154        15.881160743939018       0.44218778369540146                0           0
         563        1076  0.53682850220895728       0.31078473953524977       -3.6923867665338921E-006  0.67736181260985717        27412740881.637814        168386.55111266111        4.7776514319220196       0.47683198244807962                0           0
         656         958   8.3917520629396281E-002  0.11415570944869273       -3.9980774086100808E-007  0.24201410088160250        21898025704.803635        89293.206577492005        10.322880126412983       0.45402302486451723                0           0
         689         584  0.28262787196724670       0.11424465493049518       -1.0236383418214071E-006   8.4181950709610862E-002   23366852208.373402        117550.28061189022        5.2225884683419581       0.13561451688749332                0           0
         834         864  0.14943489976779920       0.18613653504488009       -4.3856259550050978E-007  0.93904778251441390        72452745367.646179        236358.60028941932        7.7676672192568788       0.46682559180419536                0           0
