 WIDE PAIRS    T TPHYS N      1.9099999999999004E+00     3.9153256656921558E+00         373
 NAME(I1)    NAME(I2)    M(I1)[M*]                 M(I2)[M*]                 EB[NB]                    ECC                       P[Days]                   SEMI[AU]                  RI[PC]                    VI[km/s]                  K*(I1)      K*(I2)      
         403         404  0.17519688796893346        3.8994197612049461E-002  -1.0597463130329799E-004  0.98369839043260399        2938699.8100876436        240.23915825421759        20.792941535075649       0.39824465239194617                0           0
         425         527  0.11465606534331962       0.33302475784545238       -3.8222478145835604E-006  0.63029422423448311        3921182486.4316077        37228.372455933924        14.528583828519945       0.52335427343204499                0           0
         428         451  0.50342484150502542        8.2947249527767969E-002  -2.0937938852246131E-006  0.48593039870082166        9664661325.0131550        74322.796223974612        4.6849890246254695       0.34946271707872978                0           0
         429         573  0.87362270939974029       0.18045805036162924       -4.5907106606854115E-005  0.80071318824997584        515065744.68225563        12797.925878905427        1.5331487637753989       0.52668765706555565                0           0
         433         568  0.70744775892037870       0.83283192557172281       -2.4028431465655895E-005  0.83338279699354034        8129407851.0558300        91378.842900128438        1.3271182934840451       0.75144234360756945                0           0
         441         522  0.96223092533240573       0.15216178671496328       -1.3217539196438638E-005  0.64274258537502194        2902027686.2686729        41281.326010295670        8.4763287498869389       0.76936742322579732                0           0
         448         598  0.49694264276027938        8.1161370196568494E-002  -7.1423453049950818E-006  0.62086196820977235        1466521471.0961416        21044.282773941079        3.1084242576562384       0.14985834768420611                0           0
         456         514   2.1016478498606079       0.17931146769711101       -8.8816862006597542E-005  0.94493747142360096        480860762.97812670        15812.186358645875        16.379811073115352       0.17334240816936322                0           0
         496         896  0.19654063769100966       0.15058728593018661       -2.1927531187962359E-006  0.73138989555203826        6993600940.2135868        50300.264117551029        18.004170571006419       0.81229179232371784                0           0
         516         663  0.40078758403675879       0.18595681337462622       -1.4012824121312817E-005  0.80220293651055252        1330594665.6139970        19820.747061533617        20.464674499623296       0.36779313395587571                0           0
         563        1076  0.53682850220895728       0.31078473953524977       -3.2273114172962801E-006  0.74390199747654218        33546864000.128265        192652.08484638584        4.6309441270034162       0.45277256948695432                0           0
         656         958   8.3917520629396281E-002  0.11415570944869273       -3.7005123109642546E-007  0.16951751528599693        24591724161.721436        96473.439880760430        5.8232305090945218       0.44437280890640396                0           0
         689         584  0.28262787196724670       0.11424465493049518       -1.3771376078141438E-006  0.24141153034608631        14974558299.447132        87376.144289014162        3.2951595910730749       0.16764957945936387                0           0
         834         864  0.14943489976779920       0.18613653504488009       -4.5525681599142353E-007  0.94067550775305664        68504254427.656166        227691.35479291333        5.5234684746359335       0.44285093650801732                0           0
