 WIDE PAIRS    T TPHYS N      1.4039999999999562E+00     2.8780718505926188E+00         373
 NAME(I1)    NAME(I2)    M(I1)[M*]                 M(I2)[M*]                 EB[NB]                    ECC                       P[Days]                   SEMI[AU]                  RI[PC]                    VI[km/s]                  K*(I1)      K*(I2)      
         425         527  0.11465606534331962       0.33302475784545238       -3.8728318033457528E-006  0.68534313827880655        3844610623.9655247        36742.123718687239        13.632107282529397       0.53507739867007176                0           0
         428         451  0.50342484150502542        8.2947249527767969E-002  -2.1080561223594453E-006  0.48248308446390326        9566746745.0695801        73819.958878693826        3.6448060659129622       0.34852974235854706                0           0
         429        1090  0.87362270939974029       0.20011615892944146       -2.3843115242182993E-005  0.62227051318168414        1592151917.9744334        27325.140980310440        3.3870393322293859       0.52503530367415885                0           0
         433         568  0.70744775892037870       0.83283192557172281       -2.4441856152121195E-005  0.82323182082353941        7924023766.9283953        89833.204580337057        2.4702964698014545       0.74154964217992070                0           0
         441         522  0.96223092533240573       0.15216178671496328       -1.3310077764511913E-005  0.65081961840719649        2871815747.4056206        40994.316808340125        6.7469445217370216       0.77306188304700052                0           0
         448         598  0.49694264276027938        8.1161370196568494E-002  -7.1527380740953174E-006  0.64657223781130302        1463326397.8439567        21013.705899814831        3.5466476549668760       0.12250843485857614                0           0
         456         514   2.1016478498606079       0.17931146769711101       -8.8585043730861658E-005  0.97859201534036577        482749544.72613734        15853.565282478803        13.070563265802218       0.14895165787122158                0           0
         496         896  0.19654063769100966       0.15058728593018661       -2.1689699052337408E-006  0.75211031451139110        7108945166.1916456        50851.817147803282        15.056694300104246       0.76856588791281999                0           0
         516         663  0.40078758403675879       0.18595681337462622       -1.4316922393270821E-005  0.84606449981607279        1288426884.9241548        19399.744924009839        16.906058912499567       0.37020978045463082                0           0
         563        1076  0.53682850220895728       0.31078473953524977       -3.6508078570966870E-006  0.69143538409649596        27882375703.352947        170304.29902852225        4.0319662302061712       0.46937281177179224                0           0
         656         958   8.3917520629396281E-002  0.11415570944869273       -3.9213351293182098E-007  0.21918270980171486        22543991854.455696        91040.714498149639        9.1536084691550510       0.45053636243497219                0           0
         689         584  0.28262787196724670       0.11424465493049518       -1.1242813358768421E-006   1.0150328223148986E-002   20300537041.640091        107027.45877423132        4.1239816913031158       0.14307428593268168                0           0
         834         864  0.14943489976779920       0.18613653504488009       -4.4124261516429835E-007  0.94058956210516786        71793653413.231110        234923.00527952818        7.0142942835928332       0.46008712408444308                0           0
