 WIDE PAIRS    T TPHYS N      1.6519999999999289E+00     3.3864492145149212E+00         373
 NAME(I1)    NAME(I2)    M(I1)[M*]                 M(I2)[M*]                 EB[NB]                    ECC                       P[Days]                   SEMI[AU]                  RI[PC]                    VI[km/s]                  K*(I1)      K*(I2)      
         403         404  0.17519688796893346        3.8994197612049461E-002  -1.0593470913871516E-004  0.98387762021991121        2940361.1679777564        240.32969389917329        13.104129539373556       0.41276268559968465                0           0
         425         527  0.11465606534331962       0.33302475784545238       -3.8819696201920687E-006  0.65973615867392565        3831043800.0276675        36655.635974079538        15.201334368156953       0.52704672983881484                0           0
         428         451  0.50342484150502542        8.2947249527767969E-002  -2.0948792941655341E-006  0.48360352511143995        9657151046.7872581        74284.287739137129        4.3322053377157070       0.34913327142646711                0           0
         429        1090  0.87362270939974029       0.20011615892944146       -4.1995036624014206E-005  0.73301998161537019        681133208.38587928        15514.130663476537        7.5638298506537867       0.54151575128803686                0           0
         433         568  0.70744775892037870       0.83283192557172281       -2.3817254512427846E-005  0.83283372735806693        8237766900.7111015        92189.058268280336        6.3995513983813179       0.74691165349230737                0           0
         441         522  0.96223092533240573       0.15216178671496328       -1.3198756191932505E-005  0.64704471811043129        2908224655.1082983        41340.073010482280        4.3905026300669956       0.77143024503068314                0           0
         448         598  0.49694264276027938        8.1161370196568494E-002  -7.1663594458573641E-006  0.63299745419703868        1459156280.8408411        20973.764350368107        7.6670866990136268       0.13569337827848005                0           0
         456         514   2.1016478498606079       0.17931146769711101       -8.8037153254317546E-005  0.95020629571529103        487263064.67743737        15952.228370918847        10.917160394609047       0.16625438081600033                0           0
         496         896  0.19654063769100966       0.15058728593018661       -2.1824618703292631E-006  0.74063348705800791        7043125973.2727270        50537.451544752214        13.352105377806515       0.78984842779013731                0           0
         516         663  0.40078758403675879       0.18595681337462622       -1.4246071765812701E-005  0.83249846497496960        1298050512.3882780        19496.226545258723        12.782319293197766       0.36793494611977257                0           0
         563        1076  0.53682850220895728       0.31078473953524977       -3.4840686613334493E-006  0.71508654804995386        29907711448.162479        178454.65558440299        8.0050015860912662       0.46099089840898277                0           0
         656         958   8.3917520629396281E-002  0.11415570944869273       -3.8139751939792037E-007  0.19292677501594918        23502548781.385902        93603.427867960709        13.039019970393614       0.44709081986445737                0           0
         689         584  0.28262787196724670       0.11424465493049518       -1.2459447201377128E-006  0.12281697678241664        17400906266.268867        96576.495233991285        8.2722751643294874       0.15417174848838067                0           0
         834         864  0.14943489976779920       0.18613653504488009       -4.5312205469378019E-007  0.94063330949850776        68988932906.617981        228764.06067201335        9.2767166001042867       0.45178140628888147                0           0
