 WIDE PAIRS    T TPHYS N      1.4939999999999463E+00     3.0625636358870025E+00         373
 NAME(I1)    NAME(I2)    M(I1)[M*]                 M(I2)[M*]                 EB[NB]                    ECC                       P[Days]                   SEMI[AU]                  RI[PC]                    VI[km/s]                  K*(I1)      K*(I2)      
         425         527  0.11465606534331962       0.33302475784545238       -3.8924094102476913E-006  0.67647847863822275        3815641336.2774377        36557.322281044770        13.649990170861729       0.53171044773965603                0           0
         428         451  0.50342484150502542        8.2947249527767969E-002  -2.1024399315693075E-006  0.48264558013331488        9605105420.0429745        74017.152133520096        3.5962068782444940       0.34878489567092419                0           0
         429        1090  0.87362270939974029       0.20011615892944146       -3.2522386795325422E-005  0.55797707868846558        999436912.16725218        20032.861963749972        3.1485251541316619       0.53226389503572102                0           0
         433         568  0.70744775892037870       0.83283192557172281       -2.4169218331402625E-005  0.82720448489581910        8058480100.9981060        90846.556720614040        2.3763265302786438       0.74359701672643486                0           0
         441         522  0.96223092533240573       0.15216178671496328       -1.3268017539932035E-005  0.64943860183117874        2885482245.5746379        41124.270674188439        6.8427543828403117       0.77250785486711171                0           0
         448         598  0.49694264276027938        8.1161370196568494E-002  -7.1627583974045794E-006  0.64174149252352697        1460256796.7048616        20984.308827435816        3.3711697068792996       0.12721739336371624                0           0
         456         514   2.1016478498606079       0.17931146769711101       -8.8481118775131774E-005  0.96717248195016092        483600310.19755441        15872.185990410057        13.286705600573203       0.15770525585148440                0           0
         496         896  0.19654063769100966       0.15058728593018661       -2.1743770963380778E-006  0.74768803296800757        7082444116.0901451        50725.360014960948        15.263188270961171       0.77624538736193172                0           0
         516         663  0.40078758403675879       0.18595681337462622       -1.4304901770074793E-005  0.84238835320765915        1290051252.6613209        19416.046820211490        17.180330751093685       0.36919155798710912                0           0
         563        1076  0.53682850220895728       0.31078473953524977       -3.6032539904369039E-006  0.69927671665579827        28436158431.811604        172551.88633407553        3.9765289260802437       0.46626815029381080                0           0
         656         958   8.3917520629396281E-002  0.11415570944869273       -3.8842284773959151E-007  0.20944466934058739        22867811671.498814        91910.440911850397        8.9583085429055167       0.44919851803212429                0           0
         689         584  0.28262787196724670       0.11424465493049518       -1.1679695283201701E-006   5.0795835892292272E-002   19172235724.404312        103024.06989954553        3.9446474477029843       0.14685147664326217                0           0
         834         864  0.14943489976779920       0.18613653504488009       -4.4433371141651831E-007  0.94086200089405514        71045787522.030640        233288.71644993476        6.9095150943169585       0.45711076315806692                0           0
