 WIDE PAIRS    T TPHYS N      1.1629999999999827E+00     2.3840438477487678E+00         373
 NAME(I1)    NAME(I2)    M(I1)[M*]                 M(I2)[M*]                 EB[NB]                    ECC                       P[Days]                   SEMI[AU]                  RI[PC]                    VI[km/s]                  K*(I1)      K*(I2)      
         425         527  0.11465606534331962       0.33302475784545238       -3.6742984843957297E-006  0.70896911347973945        4160386373.8745589        38727.410379017718        13.586533775102732       0.54627014452656986                0           0
         428         451  0.50342484150502542        8.2947249527767969E-002  -2.1235158696979648E-006  0.48423644867215460        9462464519.9340439        73282.530395540161        3.9376998940366184       0.34763542431334643                0           0
         429         573  0.87362270939974029       0.18045805036162924       -2.7248399946534916E-005  0.39981314094441578        1126343978.3412657        21561.476960934029        4.7786067434308688       0.51046356651579916                0           0
         433         568  0.70744775892037870       0.83283192557172281       -2.5228025986259873E-005  0.81185226372265862        7556525298.9324760        87033.772092692801        3.4596114929078778       0.73559678823035268                0           0
         441         522  0.96223092533240573       0.15216178671496328       -1.3403051562481198E-005  0.65364486414129319        2841985968.2797809        40709.948930543054        6.1413852422556392       0.77433413641886217                0           0
         448         598  0.49694264276027938        8.1161370196568494E-002  -7.0892793305931867E-006  0.65790571409060616        1483018460.1357198        21201.807300611796        4.7255262692693645       0.11055989122275979                0           0
         456         514   2.1016478498606079       0.17931146769711101       -4.7914351341082627E-005  0.91773815545253135        1213567840.3325922        29310.399379951672        11.888905277965543       0.26752170060057839                0           0
         496         896  0.19654063769100966       0.15058728593018661       -2.1512246030381544E-006  0.76544636344961681        7197088106.9310074        51271.290252196042        14.083564839414986       0.74832554308729016                0           0
         516         663  0.40078758403675879       0.18595681337462622       -1.4292694255200286E-005  0.85175059507548845        1291704371.5684676        19432.630235215671        15.451642991908185       0.37371023441485179                0           0
         540        1106  0.11908345594886549       0.21419108558098290       -4.3308100213541642E-007  0.71269780657386017        65056948995.215172        219484.08008879292        15.766091765005406       0.44334001177192217                0           0
         563        1076  0.53682850220895728       0.31078473953524977       -3.6897286124779117E-006  0.67584735512773286        27442369243.856682        168507.86014127068        4.8468339101370033       0.47794874110245683                0           0
         656         958   8.3917520629396281E-002  0.11415570944869273       -4.0078755527473217E-007  0.24531567487416087        21817772904.681545        89074.909452990978        10.404954446784741       0.45457950596439667                0           0
         689         584  0.28262787196724670       0.11424465493049518       -1.0086699382393541E-006   9.8207219781496546E-002   23888914292.073193        119294.69667375252        5.3176487037267108       0.13469301877212328                0           0
         834         864  0.14943489976779920       0.18613653504488009       -4.3859443162365833E-007  0.93873213980095915        72444856852.084503        236341.44379822043        7.8213147101888767       0.46779372121941315                0           0
