 WIDE PAIRS    T TPHYS N      1.2459999999999736E+00     2.5541862719646997E+00         373
 NAME(I1)    NAME(I2)    M(I1)[M*]                 M(I2)[M*]                 EB[NB]                    ECC                       P[Days]                   SEMI[AU]                  RI[PC]                    VI[km/s]                  K*(I1)      K*(I2)      
         425         527  0.11465606534331962       0.33302475784545238       -3.7664678451353372E-006  0.70064964374727179        4008611052.1814799        37779.710623039515        13.601617358142706       0.54209130779710990                0           0
         428         451  0.50342484150502542        8.2947249527767969E-002  -2.1181833813019669E-006  0.48328600032582320        9498219374.6338863        73467.017841911962        3.8560666305283098       0.34798022523291644                0           0
         429         573  0.87362270939974029       0.18045805036162924       -2.1053548791600484E-005  0.61063445295755947        1658420213.9597161        27905.782226316340        4.6636172279667294       0.51726282458260131                0           0
         433         568  0.70744775892037870       0.83283192557172281       -2.4957818209806909E-005  0.81579761832692366        7679573824.0212698        87976.050052880819        3.4771757123135463       0.73772025753259118                0           0
         441         522  0.96223092533240573       0.15216178671496328       -1.3375203987038341E-005  0.65286525386636463        2850866236.4245758        40794.708263949622        6.1757919437511717       0.77392941684791605                0           0
         448         598  0.49694264276027938        8.1161370196568494E-002  -7.1178541052507666E-006  0.65436755734000274        1474097015.8853629        21116.692200331574        4.6227350511952094       0.11454400276412563                0           0
         496         896  0.19654063769100966       0.15058728593018661       -2.1579610812237396E-006  0.76062600441924022        7163413841.0645342        51111.237352569660        14.191477985758336       0.75523631832932736                0           0
         516         663  0.40078758403675879       0.18595681337462622       -1.4309071843225152E-005  0.85030442184520838        1289487356.9535918        19410.388428359234        15.589554806454629       0.37240045147562889                0           0
         540        1106  0.11908345594886549       0.21419108558098290       -3.8629803854192759E-007  0.74372568667590011        77226017164.292038        246064.89257984550        15.913314688959741       0.44023874553030601                0           0
         563        1076  0.53682850220895728       0.31078473953524977       -3.6917282615642418E-006  0.68023804495867057        27420075751.557056        168416.58674174151        4.7962689367846636       0.47496396112560424                0           0
         656         958   8.3917520629396281E-002  0.11415570944869273       -3.9807466644906389E-007  0.23640575589337862        22041185471.535526        89681.957192697751        10.358617771367861       0.45311312960051070                0           0
         689         584  0.28262787196724670       0.11424465493049518       -1.0485482808144736E-006   6.0828916665917991E-002   22539142010.644379        114757.68596247118        5.2174590928914757       0.13726979208197451                0           0
         834         864  0.14943489976779920       0.18613653504488009       -4.3873797834331637E-007  0.93952940860044865        72409305891.999298        236264.11737413335        7.8041765110793211       0.46518556928206417                0           0
