 WIDE PAIRS    T TPHYS N      1.1069999999999889E+00     2.2692489591211511E+00         373
 NAME(I1)    NAME(I2)    M(I1)[M*]                 M(I2)[M*]                 EB[NB]                    ECC                       P[Days]                   SEMI[AU]                  RI[PC]                    VI[km/s]                  K*(I1)      K*(I2)      
         267         268  0.11152016154947933        1.9237634443879208E-002  -2.0555428195120592E-005  0.97570711402113497        7748242.9085945515        388.95366294855069        2.5380648976085900       0.54258918630711439                0           0
         399         400  0.17014458503807270        6.6018282057290864E-002  -2.6983240691338004E-005  0.99080695692640486        45924642.854683436        1551.3421038961005        9.9041796132913085       0.23235007583949063                0           0
         425         527  0.11465606534331962       0.33302475784545238       -3.6119631676130496E-006  0.71411715390959862        4268549737.6203852        39395.768632444837        13.802837513848882       0.54925639743178600                0           0
         428         451  0.50342484150502542        8.2947249527767969E-002  -2.1267636666729874E-006  0.48514389132679864        9440797494.8381100        73170.620085866234        3.9874386228473648       0.34738048880558070                0           0
         429         573  0.87362270939974029       0.18045805036162924       -3.1408244257656698E-005  0.51532047272448189        910158563.67347753        18705.781286271809        5.4358876082688488       0.50453404593042905                0           0
         433         568  0.70744775892037870       0.83283192557172281       -2.5406987534838877E-005  0.80919072187974295        7476826163.8463354        86420.724260437099        3.9624682146014503       0.73412008154611519                0           0
         441         522  0.96223092533240573       0.15216178671496328       -1.3417754818194895E-005  0.65401662864491017        2837315850.5020795        40665.338725830887        5.7361571858186018       0.77457967018840568                0           0
         448         598  0.49694264276027938        8.1161370196568494E-002  -7.0665527576838290E-006  0.66006405810836555        1490178460.0132189        21269.993930776494        5.3465514663075648       0.10797820528733054                0           0
         456         514   2.1016478498606079       0.17931146769711101       -4.0530367889091139E-005  0.93792415684105712        1559881688.9601471        34650.284391236673        11.393667634751210       0.25002961541753554                0           0
         496         896  0.19654063769100966       0.15058728593018661       -2.1284879148487935E-006  0.76775083326318361        7312715382.0803719        51818.974517348754        13.839352020006716       0.74394198461756489                0           0
         516         663  0.40078758403675879       0.18595681337462622       -1.4277601960443938E-005  0.85251571581166252        1293753027.9941511        19453.171708791804        14.777082880794209       0.37464392360618942                0           0
         540        1106  0.11908345594886549       0.21419108558098290       -4.6430248988818818E-007  0.69181183167181570        58606511713.133179        204725.12516681768        15.082030323587809       0.44543293503034714                0           0
         563        1076  0.53682850220895728       0.31078473953524977       -3.6752618125683563E-006  0.67363838673628618        27604559193.836800        169171.15152571429        5.3785274333831508       0.47994002044181910                0           0
         656         958   8.3917520629396281E-002  0.11415570944869273       -4.0643443985131277E-007  0.25171406158203558        21364661029.060295        87837.327980971968        10.984346652790572       0.45563203275996411                0           0
         689         584  0.28262787196724670       0.11424465493049518       -9.8217153913861640E-007  0.12319037110010710        24862168806.279041        122513.19604692199        5.9391769026859995       0.13316004246654017                0           0
         834         864  0.14943489976779920       0.18613653504488009       -4.3885526742882074E-007  0.93811564226948030        72380279509.872223        236200.97308871400        8.2049859585347313       0.46948165142402698                0           0
