 WIDE PAIRS    T TPHYS N      1.0859999999999912E+00     2.2262008758857950E+00         373
 NAME(I1)    NAME(I2)    M(I1)[M*]                 M(I2)[M*]                 EB[NB]                    ECC                       P[Days]                   SEMI[AU]                  RI[PC]                    VI[km/s]                  K*(I1)      K*(I2)      
         267         268  0.11152016154947933        1.9237634443879208E-002  -2.0555123050058443E-005  0.97570742701573321        7748415.4456428243        388.95943704629570        2.5164019318948361       0.54247627623840722                0           0
         399         400  0.17014458503807270        6.6018282057290864E-002  -2.6983364362479325E-005  0.99100628811693081        45924327.129793867        1551.3349937282951        9.9186652905440624       0.23283310310903971                0           0
         425         527  0.11465606534331962       0.33302475784545238       -3.5929603329516837E-006  0.71567330997238154        4302458420.7914400        39604.129206541336        13.797831471002189       0.55041077466769861                0           0
         428         451  0.50342484150502542        8.2947249527767969E-002  -2.1279185701280403E-006  0.48553373460562010        9433112710.5613289        73130.907569075498        3.9926409636926223       0.34728017426455060                0           0
         429         573  0.87362270939974029       0.18045805036162924       -3.2670697966765747E-005  0.56170828898784686        857916321.60805953        17982.956723703261        5.4140898556767922       0.50232193737136854                0           0
         433         568  0.70744775892037870       0.83283192557172281       -2.5471805864631415E-005  0.80822463962737623        7448304809.1891823        86200.808678644724        3.9181318377260030       0.73356392879373111                0           0
         441         522  0.96223092533240573       0.15216178671496328       -1.3423828418714837E-005  0.65408828405499253        2835390456.3700109        40646.939725581120        5.7518634903087067       0.77467275099271315                0           0
         448         598  0.49694264276027938        8.1161370196568494E-002  -7.0581889155845588E-006  0.66076995413152229        1492828001.3594754        21295.198536776294        5.3204463026454727       0.10702327457063691                0           0
         456         514   2.1016478498606079       0.17931146769711101       -3.9935938341115091E-005  0.94204939664750609        1594838235.1186767        35166.039216176367        11.396350537930983       0.24606319409039232                0           0
         496         896  0.19654063769100966       0.15058728593018661       -2.1299573520967797E-006  0.76929267136843948        7305149228.5902719        51783.225101411728        13.853688659233892       0.74214029364103096                0           0
         516         663  0.40078758403675879       0.18595681337462622       -1.4271715356958634E-005  0.85275473079433362        1294553555.0670192        19461.195489081492        14.793630000109713       0.37500333143516590                0           0
         540        1106  0.11908345594886549       0.21419108558098290       -4.7700998584284422E-007  0.68326327878754478        56280271723.102875        199271.26932085035        15.095535025154254       0.44623571329175310                0           0
         563        1076  0.53682850220895728       0.31078473953524977       -3.6710069154986740E-006  0.67284147882633361        27652565880.373283        169367.23010945722        5.3403280702272227       0.48070933061481957                0           0
         656         958   8.3917520629396281E-002  0.11415570944869273       -4.0623097433067107E-007  0.25379551111340570        21380714148.160465        87881.322330981537        10.955598788599280       0.45606683885288751                0           0
         689         584  0.28262787196724670       0.11424465493049518       -9.7253050083956582E-007  0.13240641587822136        25232784731.636158        123727.71262425071        5.9122354219330653       0.13261962099720009                0           0
         834         864  0.14943489976779920       0.18613653504488009       -4.3902164970438982E-007  0.93786945373795860        72339136933.396179        236111.45664819088        8.1932253501902697       0.47016275285876991                0           0
