 WIDE PAIRS    T TPHYS N      1.9059999999999009E+00     3.9071260307901832E+00         373
 NAME(I1)    NAME(I2)    M(I1)[M*]                 M(I2)[M*]                 EB[NB]                    ECC                       P[Days]                   SEMI[AU]                  RI[PC]                    VI[km/s]                  K*(I1)      K*(I2)      
         403         404  0.17519688796893346        3.8994197612049461E-002  -1.0597379179576650E-004  0.98370100602290944        2938734.7300258777        240.24106139063747        20.794323176054707       0.39854858682875632                0           0
         425         527  0.11465606534331962       0.33302475784545238       -3.8231796840331415E-006  0.63074576396846183        3919748938.5219717        37219.298338101020        14.535950622097220       0.52337084831874303                0           0
         428         451  0.50342484150502542        8.2947249527767969E-002  -2.0937628956762422E-006  0.48586981383252092        9664875894.1497555        74323.896267295364        4.6962064663170553       0.34945966550346896                0           0
         429         573  0.87362270939974029       0.18045805036162924       -4.5282790459661232E-005  0.80348044592186196        525754231.80724120        12974.371537303974        1.5770959607452624       0.52722631547762489                0           0
         433         568  0.70744775892037870       0.83283192557172281       -2.4023924850502134E-005  0.83344162989052251        8131695435.0528135        91395.984532093644        1.3252888058121042       0.75138171208043569                0           0
         441         522  0.96223092533240573       0.15216178671496328       -1.3210571092250725E-005  0.64294898418990620        2904324062.8725500        41303.100434629501        8.4782282061242213       0.76940252625457772                0           0
         448         598  0.49694264276027938        8.1161370196568494E-002  -7.1429504911165951E-006  0.62101039404068015        1466335098.6069353        21042.499798140278        3.1486693122957945       0.14963727060753612                0           0
         456         514   2.1016478498606079       0.17931146769711101       -8.8826540667043545E-005  0.94487314905080755        480782172.25686568        15810.463441356460        16.409105007945683       0.17326412494619886                0           0
         496         896  0.19654063769100966       0.15058728593018661       -2.1926170623687997E-006  0.73151056885652577        6994251901.4343348        50303.385353061043        17.997075977277603       0.81194238441859257                0           0
         516         663  0.40078758403675879       0.18595681337462622       -1.4017948887157841E-005  0.80282629409185302        1329865062.1376228        19813.500873922185        20.465945015588172       0.36777605194335666                0           0
         563        1076  0.53682850220895728       0.31078473953524977       -3.2315393150117482E-006  0.74345390405942890        33481050329.782356        192400.03366272285        4.6680497451824161       0.45289731192168270                0           0
         656         958   8.3917520629396281E-002  0.11415570944869273       -3.7021680100681939E-007  0.16983662141638567        24575228985.303871        96430.294624378192        5.8004138344328720       0.44440752627685964                0           0
         689         584  0.28262787196724670       0.11424465493049518       -1.3750806051401234E-006  0.23958221888719419        15008171845.115486        87506.851508486419        3.3344436566544609       0.16742879559268040                0           0
         834         864  0.14943489976779920       0.18613653504488009       -4.5512888027693185E-007  0.94070163104176585        68533141047.409393        227755.35832558584        5.4775586452711149       0.44299100295555038                0           0
