 WIDE PAIRS    T TPHYS N      1.7119999999999223E+00     3.5094437380445109E+00         373
 NAME(I1)    NAME(I2)    M(I1)[M*]                 M(I2)[M*]                 EB[NB]                    ECC                       P[Days]                   SEMI[AU]                  RI[PC]                    VI[km/s]                  K*(I1)      K*(I2)      
         403         404  0.17519688796893346        3.8994197612049461E-002  -1.0594304036003453E-004  0.98384053463924648        2940014.3355955533        240.31079468821346        13.414276606528190       0.41003236582854696                0           0
         425         527  0.11465606534331962       0.33302475784545238       -3.8698861086952269E-006  0.65301036470211127        3849001142.2396550        36770.091228388344        15.119791883053567       0.52573067189403089                0           0
         428         451  0.50342484150502542        8.2947249527767969E-002  -2.0930987647606801E-006  0.48412655609463634        9669476192.1269627        74347.478908548219        4.1096841514336333       0.34923515270891115                0           0
         429        1090  0.87362270939974029       0.20011615892944146       -4.3180818093778962E-005  0.77219935263645634        653269981.01391685        15088.099627651625        7.2790553784660261       0.54600890514051537                0           0
         433         568  0.70744775892037870       0.83283192557172281       -2.3768664504730257E-005  0.83415446565279183        8263040364.5932112        92377.519300661763        6.1924798832566994       0.74806904022312093                0           0
         441         522  0.96223092533240573       0.15216178671496328       -1.3180684797324978E-005  0.64616562271376565        2914207692.3527908        41396.752370012073        4.4269984011090076       0.77098521683652177                0           0
         448         598  0.49694264276027938        8.1161370196568494E-002  -7.1637844143708796E-006  0.62981741800628066        1459943094.9276674        20981.303396836895        7.4081942615745753       0.13896256805831755                0           0
         456         514   2.1016478498606079       0.17931146769711101       -8.8274480586480851E-005  0.94683479628664746        485299364.37560141        15909.340553554450        11.084873650247491       0.16839485152697969                0           0
         496         896  0.19654063769100966       0.15058728593018661       -2.1851603667245163E-006  0.73823025104351436        7030083465.1855364        50475.041877756819        13.479838509588715       0.79504688702391424                0           0
         516         663  0.40078758403675879       0.18595681337462622       -1.4208675017545052E-005  0.82722964383355346        1303178519.9245253        19547.539948892896        13.089592924428841       0.36767229781493949                0           0
         563        1076  0.53682850220895728       0.31078473953524977       -3.4293243328183868E-006  0.72160174527626053        30626713653.806293        181303.43258600144        7.8045606785737229       0.45904125420935415                0           0
         656         958   8.3917520629396281E-002  0.11415570944869273       -3.7871298120267184E-007  0.18702201605430338        23752890750.625427        94266.943484773583        12.799310338290752       0.44637517270946303                0           0
         689         584  0.28262787196724670       0.11424465493049518       -1.2760685488339480E-006  0.15037763692484640        16788388919.297361        94296.638245767608        8.0142202208917084       0.15715567799300509                0           0
         834         864  0.14943489976779920       0.18613653504488009       -4.5644029894569900E-007  0.94042779917707753        68237994934.827744        227100.98440306011        9.0776870185392884       0.44972582778632852                0           0
