 WIDE PAIRS    T TPHYS N      1.7409999999999191E+00     3.5688910910838123E+00         373
 NAME(I1)    NAME(I2)    M(I1)[M*]                 M(I2)[M*]                 EB[NB]                    ECC                       P[Days]                   SEMI[AU]                  RI[PC]                    VI[km/s]                  K*(I1)      K*(I2)      
         403         404  0.17519688796893346        3.8994197612049461E-002  -1.0594818132131331E-004  0.98382037928651933        2939800.3491497720        240.29913400206522        13.569939501082134       0.40861583586786776                0           0
         425         527  0.11465606534331962       0.33302475784545238       -3.8632837715992119E-006  0.64974336027865887        3858872248.8659973        36832.931172770826        15.075676496647615       0.52518751423591303                0           0
         428         451  0.50342484150502542        8.2947249527767969E-002  -2.0925266188032596E-006  0.48439291929399086        9673442256.2731705        74367.807256641710        4.0015800713773650       0.34927898693484960                0           0
         429        1090  0.87362270939974029       0.20011615892944146       -4.3063069060381916E-005  0.78579738167186275        655951204.24759495        15129.355608372907        7.1354811018304041       0.54877919246026452                0           0
         433         568  0.70744775892037870       0.83283192557172281       -2.3760910520781591E-005  0.83460177409552905        8267085456.3743286        92407.665190957021        6.0887882746408213       0.74860745532843265                0           0
         441         522  0.96223092533240573       0.15216178671496328       -1.3175556323585017E-005  0.64573745740091848        2915909353.9192395        41412.865705360899        4.4535143037314127       0.77076282606580393                0           0
         448         598  0.49694264276027938        8.1161370196568494E-002  -7.1618453760618750E-006  0.62834023054866106        1460536044.8683329        20986.983992957455        7.2762562338931271       0.14054991717273232                0           0
         456         514   2.1016478498606079       0.17931146769711101       -8.8448593851084400E-005  0.94563397380267511        483867083.95705801        15878.022619590087        11.164234786984370       0.16929335267095344                0           0
         496         896  0.19654063769100966       0.15058728593018661       -2.1864042553381481E-006  0.73712796706335315        7024084988.3122692        50446.325628366503        13.545700098379244       0.79756477541711779                0           0
         516         663  0.40078758403675879       0.18595681337462622       -1.4187290803796714E-005  0.82434624742757112        1306126011.4625707        19577.003556730517        13.243938068527685       0.36759116463766001                0           0
         563        1076  0.53682850220895728       0.31078473953524977       -3.4013906571904228E-006  0.72482255023173869        31004766709.893513        182792.37395925642        7.7013271060989776       0.45810840298545558                0           0
         656         958   8.3917520629396281E-002  0.11415570944869273       -3.7743423938722406E-007  0.18426347300035284        23873704617.542213        94586.318543708723        12.679921924905443       0.44604674388559157                0           0
         689         584  0.28262787196724670       0.11424465493049518       -1.2906962994528643E-006  0.16370694118372528        16503799213.392595        93227.953297150350        7.8826857999700479       0.15863428085541428                0           0
         834         864  0.14943489976779920       0.18613653504488009       -4.5740398116194068E-007  0.94038223244961172        68022457588.550316        226622.51637704019        8.9835392903481512       0.44872659895222089                0           0
