 WIDE PAIRS    T TPHYS N      1.2499999999999731E+00     2.5623859068666723E+00         373
 NAME(I1)    NAME(I2)    M(I1)[M*]                 M(I2)[M*]                 EB[NB]                    ECC                       P[Days]                   SEMI[AU]                  RI[PC]                    VI[km/s]                  K*(I1)      K*(I2)      
         425         527  0.11465606534331962       0.33302475784545238       -3.7708079283520332E-006  0.70024788840354302        4001692363.0579143        37736.227345417807        13.599799728258436       0.54189795268009200                0           0
         428         451  0.50342484150502542        8.2947249527767969E-002  -2.1178451879128817E-006  0.48326866953502245        9500494585.7215118        73478.749605825462        3.8536224326583999       0.34799593371178972                0           0
         429         573  0.87362270939974029       0.18045805036162924       -2.0912476244293814E-005  0.63449208803970669        1675229678.3090961        28094.030606721593        4.6565988329885304       0.51738911174292324                0           0
         433         568  0.70744775892037870       0.83283192557172281       -2.4945083022858641E-005  0.81597919946155684        7685455541.6557417        88020.964373004244        3.4761713088435724       0.73782078388020234                0           0
         441         522  0.96223092533240573       0.15216178671496328       -1.3373729156892660E-005  0.65280779541244172        2851337831.8187222        40799.207029015524        6.1791616137432879       0.77390882070620282                0           0
         448         598  0.49694264276027938        8.1161370196568494E-002  -7.1192047396910034E-006  0.65423088027405207        1473677543.8015432        21112.686004022788        4.6168785868474025       0.11473968834188848                0           0
         496         896  0.19654063769100966       0.15058728593018661       -2.1582675296125247E-006  0.76039979724315898        7161888215.5286674        51103.980163124601        14.194886567692084       0.75557106836120336                0           0
         516         663  0.40078758403675879       0.18595681337462622       -1.4309323614371353E-005  0.85023728128143583        1289453324.4978435        19410.046904477706        15.597837158210394       0.37233978144693447                0           0
         540        1106  0.11908345594886549       0.21419108558098290       -3.8385372814232558E-007  0.74534510449511715        77964831961.750015        247631.78885260192        15.922137160763084       0.44008793504795229                0           0
         563        1076  0.53682850220895728       0.31078473953524977       -3.6914055390239569E-006  0.68047699363377889        27423671646.053116        168431.31062621446        4.7937964283685268       0.47482064770034199                0           0
         656         958   8.3917520629396281E-002  0.11415570944869273       -3.9793706331537939E-007  0.23597254930969802        22052618931.670971        89712.968424076564        10.353841098731257       0.45304439827667714                0           0
         689         584  0.28262787196724670       0.11424465493049518       -1.0504549625345001E-006   5.9040927288029114E-002   22477803641.020260        114549.38918644452        5.2116850943782973       0.13740269484875905                0           0
         834         864  0.14943489976779920       0.18613653504488009       -4.3876511201973280E-007  0.93956370943764034        72402589199.241913        236249.50656316863        7.8004351246928865       0.46505860725155196                0           0
