 WIDE PAIRS    T TPHYS N      1.0659999999999934E+00     2.1852027013759319E+00         373
 NAME(I1)    NAME(I2)    M(I1)[M*]                 M(I2)[M*]                 EB[NB]                    ECC                       P[Days]                   SEMI[AU]                  RI[PC]                    VI[km/s]                  K*(I1)      K*(I2)      
         267         268  0.11152016154947933        1.9237634443879208E-002  -2.0554742758603565E-005  0.97570800988840856        7748630.4814022155        388.96663333923607        2.4958902155835205       0.54237069802233895                0           0
         399         400  0.17014458503807270        6.6018282057290864E-002  -2.6983027211180868E-005  0.99091544261273812        45925187.865031295        1551.3543775655266        9.9057213504262815       0.23329747264925324                0           0
         425         527  0.11465606534331962       0.33302475784545238       -3.5793012829234501E-006  0.71680596158237864        4327109960.5210705        39755.263391511355        13.796360332363506       0.55152638497828232                0           0
         428         451  0.50342484150502542        8.2947249527767969E-002  -2.1289786079508837E-006  0.48593083822095584        9426068338.6160526        73094.495024697360        4.0078700166145431       0.34718219442079074                0           0
         429         573  0.87362270939974029       0.18045805036162924       -3.3719794286736095E-005  0.60207839120616347        818191897.85392833        17423.467731552322        5.4169845625552506       0.50023397134727654                0           0
         433         568  0.70744775892037870       0.83283192557172281       -2.5533110104288301E-005  0.80730469866324905        7421496178.7643232        85993.843095044882        3.9032527861039958       0.73302839258668029                0           0
         441         522  0.96223092533240573       0.15216178671496328       -1.3429288982559631E-005  0.65413232786074682        2833661259.4668450        40630.412029308049        5.7612362290251804       0.77475904797056028                0           0
         448         598  0.49694264276027938        8.1161370196568494E-002  -7.0521305472712663E-006  0.66134453937355164        1494752110.0947196        21313.492888415938        5.3154644507077080       0.10612610464718576                0           0
         456         514   2.1016478498606079       0.17931146769711101       -3.9654215524456040E-005  0.94536021634250644        1611864144.7296903        35415.875847356576        11.372542207451120       0.24293734683827248                0           0
         496         896  0.19654063769100966       0.15058728593018661       -2.1313351927311326E-006  0.77076437047926527        7298066552.4982491        51749.748888019341        13.859734620448648       0.74042931262612988                0           0
         516         663  0.40078758403675879       0.18595681337462622       -1.4265297622536266E-005  0.85297913303759232        1295427252.4285758        19469.950776737980        14.787515138093058       0.37535000047373496                0           0
         540        1106  0.11908345594886549       0.21419108558098290       -4.8080975899847709E-007  0.68092856936692137        55614428760.393700        197696.45598629685        15.086533443031513       0.44691145969303026                0           0
         563        1076  0.53682850220895728       0.31078473953524977       -3.6658588098032489E-006  0.67215285149040360        27710836659.777534        169605.07898667344        5.3201881174407033       0.48143998908962754                0           0
         656         958   8.3917520629396281E-002  0.11415570944869273       -4.0602127546793393E-007  0.25578459461359121        21397280116.122692        87926.710625788022        10.955991854209390       0.45648693761908038                0           0
         689         584  0.28262787196724670       0.11424465493049518       -9.6327148601646850E-007  0.14124954900197792        25597465799.305244        124916.98973028589        5.9067254525113242       0.13212790173820702                0           0
         834         864  0.14943489976779920       0.18613653504488009       -4.3921236973186076E-007  0.93762753854818792        72292024106.084579        236008.92951871673        8.2076889656721654       0.47075148991461241                0           0
