 WIDE PAIRS    T TPHYS N      1.5009999999999455E+00     3.0769129969654547E+00         373
 NAME(I1)    NAME(I2)    M(I1)[M*]                 M(I2)[M*]                 EB[NB]                    ECC                       P[Days]                   SEMI[AU]                  RI[PC]                    VI[km/s]                  K*(I1)      K*(I2)      
         425         527  0.11465606534331962       0.33302475784545238       -3.8928203714816353E-006  0.67573461529805134        3815037131.9462729        36553.462960336226        13.740329136388535       0.53146936542001644                0           0
         428         451  0.50342484150502542        8.2947249527767969E-002  -2.1022129378091140E-006  0.48262417056967305        9606661179.0808105        74025.144393190567        3.5010451782488214       0.34880211680351547                0           0
         429        1090  0.87362270939974029       0.20011615892944146       -3.3134918419366957E-005  0.56464373564239712        971852022.23085141        19662.534766394219        3.1538509077922274       0.53268294611497302                0           0
         433         568  0.70744775892037870       0.83283192557172281       -2.4149568702522224E-005  0.82749800181581501        8068317441.2238388        90920.475271566713        2.3416858652848997       0.74375142847669962                0           0
         441         522  0.96223092533240573       0.15216178671496328       -1.3265072200973891E-005  0.64938137809459684        2886443325.3429332        41133.401790454285        6.7693496518559861       0.77246298094405719                0           0
         448         598  0.49694264276027938        8.1161370196568494E-002  -7.1631900732012781E-006  0.64129724391565568        1460124799.3658104        20983.044248646383        3.4001216084958528       0.12758745860344872                0           0
         456         514   2.1016478498606079       0.17931146769711101       -8.8437371612871247E-005  0.96620654257677097        483959187.16815913        15880.037457310173        13.288795917184466       0.15822105707822537                0           0
         496         896  0.19654063769100966       0.15058728593018661       -2.1747408335993892E-006  0.74733644878111660        7080667324.3009987        50716.875921938998        15.323006407032791       0.77684502021218393                0           0
         516         663  0.40078758403675879       0.18595681337462622       -1.4303388423384878E-005  0.84203111395823227        1290255995.7306738        19418.101103386696        17.167455105077671       0.36912143631240701                0           0
         563        1076  0.53682850220895728       0.31078473953524977       -3.5988368258473800E-006  0.69992818947534563        28488527738.522469        172763.67423084713        4.0130628407993560       0.46603053673198980                0           0
         656         958   8.3917520629396281E-002  0.11415570944869273       -3.8807874892216369E-007  0.20867570596069110        22898232807.584236        91991.935387172416        8.9548617054210862       0.44909857116079765                0           0
         689         584  0.28262787196724670       0.11424465493049518       -1.1713136800131150E-006   5.3907142079333212E-002   19090188001.622894        102729.93168221951        3.9720361397323272       0.14715559976680775                0           0
         834         864  0.14943489976779920       0.18613653504488009       -4.4463917934430495E-007  0.94087127835080975        70972587219.260284        233128.44667592374        6.8914668144742111       0.45687843135611655                0           0
