 WIDE PAIRS    T TPHYS N      1.0429999999999959E+00     2.1380548006895892E+00         373
 NAME(I1)    NAME(I2)    M(I1)[M*]                 M(I2)[M*]                 EB[NB]                    ECC                       P[Days]                   SEMI[AU]                  RI[PC]                    VI[km/s]                  K*(I1)      K*(I2)      
         267         268  0.11152016154947933        1.9237634443879208E-002  -2.0554374788992569E-005  0.97570828237301688        7748838.5592445880        388.97359671818720        2.4821422015204275       0.54225164896709899                0           0
         399         400  0.17014458503807270        6.6018282057290864E-002  -2.6982417962498999E-005  0.99084361289303136        45926743.323375620        1551.3894063242894        9.9119197592984758       0.23383717415258631                0           0
         425         527  0.11465606534331962       0.33302475784545238       -3.5698848739629574E-006  0.71761228954188283        4344241897.1887102        39860.127226520970        13.789408671826777       0.55282875833040779                0           0
         428         451  0.50342484150502542        8.2947249527767969E-002  -2.1298310101506583E-006  0.48648363281997486        9420410145.0514526        73065.241103586479        4.0217090960708166       0.34707814462542413                0           0
         429         573  0.87362270939974029       0.18045805036162924       -3.4747763793447812E-005  0.64325474189476761        782153977.83222389        16908.016042756488        5.4088027903474440       0.49785408893434918                0           0
         433         568  0.70744775892037870       0.83283192557172281       -2.5604191768165015E-005  0.80621813361566597        7390612603.0312014        85755.109316384900        3.8699915465046519       0.73242430070731523                0           0
         441         522  0.96223092533240573       0.15216178671496328       -1.3435457784748066E-005  0.65410876875381396        2831709898.0676589        40611.756842513598        5.7743602005927244       0.77488080958911321                0           0
         448         598  0.49694264276027938        8.1161370196568494E-002  -7.0457285575319277E-006  0.66191067335678810        1496789847.0794628        21332.859056395151        5.3019635685666717       0.10511005452228024                0           0
         456         514   2.1016478498606079       0.17931146769711101       -3.9510917887296334E-005  0.94867097744411677        1620640919.6587446        35544.321644068863        11.366320854829226       0.23990317530933220                0           0
         496         896  0.19654063769100966       0.15058728593018661       -2.1328909674492297E-006  0.77245984193457362        7290082968.1045103        51712.001552493726        13.863966332396187       0.73846776192483954                0           0
         516         663  0.40078758403675879       0.18595681337462622       -1.4258636653127051E-005  0.85318469686714538        1296335103.1412771        19479.046228826264        14.790677471067280       0.37575779721798619                0           0
         540        1106  0.11908345594886549       0.21419108558098290       -4.9326942999670522E-007  0.67255728779268065        53520614340.008766        192702.76967753572        15.086571007218421       0.44777518039313507                0           0
         563        1076  0.53682850220895728       0.31078473953524977       -3.6548632442953735E-006  0.67157575317039997        27835981714.096760        170115.33166421947        5.2930788672502320       0.48225518186184363                0           0
         656         958   8.3917520629396281E-002  0.11415570944869273       -4.0575981538818691E-007  0.25808154549149148        21417965145.158161        87983.368096292121        10.938970258976539       0.45697727929018661                0           0
         689         584  0.28262787196724670       0.11424465493049518       -9.5252772469918374E-007  0.15150020522674398        26031763542.011715        126325.95483160065        5.8923811190495190       0.13159032554931166                0           0
         834         864  0.14943489976779920       0.18613653504488009       -4.3946373969506624E-007  0.93734127732882822        72230007233.078354        235873.93418105712        8.2042765814350869       0.47144777308148073                0           0
