 WIDE PAIRS    T TPHYS N      1.7049999999999230E+00     3.4950943769660587E+00         373
 NAME(I1)    NAME(I2)    M(I1)[M*]                 M(I2)[M*]                 EB[NB]                    ECC                       P[Days]                   SEMI[AU]                  RI[PC]                    VI[km/s]                  K*(I1)      K*(I2)      
         403         404  0.17519688796893346        3.8994197612049461E-002  -1.0594325833473358E-004  0.98383938335945753        2940005.2621289575        240.31030025681713        13.376980904146409       0.41036385774864359                0           0
         425         527  0.11465606534331962       0.33302475784545238       -3.8714190515915869E-006  0.65379279017281533        3846715269.2437496        36755.531592917236        15.130530439338992       0.52587061664110690                0           0
         428         451  0.50342484150502542        8.2947249527767969E-002  -2.0932628985036079E-006  0.48406427137259483        9668338932.0561752        74341.649287243024        4.1355989613507846       0.34922410620637695                0           0
         429        1090  0.87362270939974029       0.20011615892944146       -4.3128386298683028E-005  0.76846294084611477        654461627.47287774        15106.442445826769        7.3133092997256526       0.54541608217143411                0           0
         433         568  0.70744775892037870       0.83283192557172281       -2.3771072839827004E-005  0.83403347437564368        8261784657.7388191        92368.160193339121        6.2174215434241802       0.74793698136008391                0           0
         441         522  0.96223092533240573       0.15216178671496328       -1.3182868040316855E-005  0.64626688323814752        2913483780.0670695        41389.896565249262        4.4211329442636966       0.77103817671519981                0           0
         448         598  0.49694264276027938        8.1161370196568494E-002  -7.1641654043548562E-006  0.63017060189662211        1459826636.9168811        20980.187612095226        7.4394875986593778       0.13858005879345625                0           0
         456         514   2.1016478498606079       0.17931146769711101       -8.8237415650714072E-005  0.94716007926189572        485605178.15878558        15916.023417976086        11.064865965465012       0.16816587014303197                0           0
         496         896  0.19654063769100966       0.15058728593018661       -2.1848546183724310E-006  0.73850230025459573        7031559200.6504917        50482.105350422600        13.464882202834657       0.79443961494169713                0           0
         516         663  0.40078758403675879       0.18595681337462622       -1.4213520191004908E-005  0.82789218939585130        1302512226.0263219        19540.876488997455        13.052643468374693       0.36769625249812743                0           0
         563        1076  0.53682850220895728       0.31078473953524977       -3.4359328658786464E-006  0.72083060764422224        30538396897.248299        180954.72096241830        7.8288650094966341       0.45926730643498265                0           0
         656         958   8.3917520629396281E-002  0.11415570944869273       -3.7902407775820538E-007  0.18769757929410030        23723652795.412956        94189.570771165934        12.828185091153827       0.44645617003451232                0           0
         689         584  0.28262787196724670       0.11424465493049518       -1.2725435007951095E-006  0.14716026055544279        16858194990.862698        94557.847532137472        8.0454159768081830       0.15680225518449498                0           0
         834         864  0.14943489976779920       0.18613653504488009       -4.5611358133338978E-007  0.94044800138914608        68311327151.789299        227263.65855795005        9.1012581301524165       0.44996653335149733                0           0
