 WIDE PAIRS    T TPHYS N      1.7459999999999185E+00     3.5791406347112780E+00         373
 NAME(I1)    NAME(I2)    M(I1)[M*]                 M(I2)[M*]                 EB[NB]                    ECC                       P[Days]                   SEMI[AU]                  RI[PC]                    VI[km/s]                  K*(I1)      K*(I2)      
         403         404  0.17519688796893346        3.8994197612049461E-002  -1.0595319691865217E-004  0.98380022721301241        2939591.6058451156        240.28775875589918        13.614029909103142       0.40836395818681942                0           0
         425         527  0.11465606534331962       0.33302475784545238       -3.8621141742940456E-006  0.64918926644944097        3860625304.8599572        36844.085606611181        15.062394060514780       0.52510002402016831                0           0
         428         451  0.50342484150502542        8.2947249527767969E-002  -2.0924608836120113E-006  0.48443568654975128        9673898100.3292007        74370.143540235353        3.9700059855834930       0.34928620058349824                0           0
         429        1090  0.87362270939974029       0.20011615892944146       -4.2975334498541253E-005  0.78788879790268773        657960925.20234716        15160.242334461735        7.0936702114812098       0.54932354684117846                0           0
         433         568  0.70744775892037870       0.83283192557172281       -2.3769256766291289E-005  0.83461046991662668        8262731529.6926584        92375.217518392194        6.0538924952763722       0.74869885763864963                0           0
         441         522  0.96223092533240573       0.15216178671496328       -1.3173163583167932E-005  0.64568251931372000        2916703847.6942401        41420.387834493733        4.4598068060107963       0.77072399359520105                0           0
         448         598  0.49694264276027938        8.1161370196568494E-002  -7.1614839343604586E-006  0.62809778848537456        1460646616.6364069        20988.043210749682        7.2374301533697754       0.14082402722895446                0           0
         456         514   2.1016478498606079       0.17931146769711101       -8.8483633305476759E-005  0.94544477748626676        483579695.89347196        15871.734934188435        11.187203159073293       0.16944061744123104                0           0
         496         896  0.19654063769100966       0.15058728593018661       -2.1866152134506982E-006  0.73694205504177035        7023068518.6822519        50441.458717364432        13.564756668445977       0.79799921538571739                0           0
         516         663  0.40078758403675879       0.18595681337462622       -1.4183383963189603E-005  0.82382793616196504        1306665711.0362978        19582.396080310184        13.287825099227197       0.36758018632381056                0           0
         563        1076  0.53682850220895728       0.31078473953524977       -3.3964919468915024E-006  0.72538142954402651        31071867467.382088        183056.01270737647        7.6688794612584141       0.45794816467931959                0           0
         656         958   8.3917520629396281E-002  0.11415570944869273       -3.7721572059635548E-007  0.18379456839892105        23894452461.143265        94641.111827318979        12.642471691744854       0.44599128808020161                0           0
         689         584  0.28262787196724670       0.11424465493049518       -1.2932217667224312E-006  0.16600470188083144        16455478673.265974        93045.893150376476        7.8438905634665410       0.15889152519783575                0           0
         834         864  0.14943489976779920       0.18613653504488009       -4.5745456324292756E-007  0.94038732203023900        68011175739.091896        226597.45806655887        8.9542517494497744       0.44855398402906460                0           0
