 WIDE PAIRS    T TPHYS N      1.7969999999999129E+00     3.6836859797114290E+00         373
 NAME(I1)    NAME(I2)    M(I1)[M*]                 M(I2)[M*]                 EB[NB]                    ECC                       P[Days]                   SEMI[AU]                  RI[PC]                    VI[km/s]                  K*(I1)      K*(I2)      
         403         404  0.17519688796893346        3.8994197612049461E-002  -1.0595665024806896E-004  0.98378423079909860        2939447.8966664784        240.27992731932710        16.557467122571225       0.40564312599092706                0           0
         425         527  0.11465606534331962       0.33302475784545238       -3.8497150986351113E-006  0.64330110450954714        3879291637.2559562        36962.752207467587        14.140456533209857       0.52432757588751788                0           0
         428         451  0.50342484150502542        8.2947249527767969E-002  -2.0920438990614244E-006  0.48491421016532493        9676790535.1296921        74384.966938967642        2.7896970141683242       0.34935250324083272                0           0
         429        1090  0.87362270939974029       0.20011615892944146       -3.9991830152420741E-005  0.80910852266295752        732946174.18663526        16291.239558662761        4.1988470422617903       0.55715188117740633                0           0
         433         568  0.70744775892037870       0.83283192557172281       -2.3824951255395191E-005  0.83474090043688509        8233775359.2733450        92159.276235222365        3.4047261365664951       0.74960587895988895                0           0
         441         522  0.96223092533240573       0.15216178671496328       -1.3174945164409450E-005  0.64485303860532239        2916112251.0168595        41414.786764807184        5.7332258028966345       0.77031969917468257                0           0
         448         598  0.49694264276027938        8.1161370196568494E-002  -7.1568760351921922E-006  0.62562780825608244        1462057482.6750929        21001.556199710059        4.5083611677475490       0.14362583540898671                0           0
         456         514   2.1016478498606079       0.17931146769711101       -8.8814912201310372E-005  0.94384451028840022        480876597.98793465        15812.533492745315        12.810896565151568       0.17083012072206955                0           0
         496         896  0.19654063769100966       0.15058728593018661       -2.1886460218098716E-006  0.73508190073727619        7013295903.2512360        50394.654924064220        14.964483222170886       0.80243556781834957                0           0
         516         663  0.40078758403675879       0.18595681337462622       -1.4138926805558451E-005  0.81799256645563490        1312833394.4949300        19643.969188461204        16.228238511078409       0.36753361732556056                0           0
         563        1076  0.53682850220895728       0.31078473953524977       -3.3454699827802297E-006  0.73111798659946059        31785389183.104065        185847.81097750968        5.2558366154342897       0.45632323774095179                0           0
         656         958   8.3917520629396281E-002  0.11415570944869273       -3.7490164206367430E-007  0.17909406169973374        24116026084.585072        95225.283622308008        9.9397125734971024       0.44544605955289091                0           0
         689         584  0.28262787196724670       0.11424465493049518       -1.3192282641343306E-006  0.18952710983623364        15971294122.671715        91211.640621689949        5.1017342648197506       0.16154612806408278                0           0
         834         864  0.14943489976779920       0.18613653504488009       -4.5697075938026908E-007  0.94053266710039374        68119211460.283966        226837.36121841453        7.2139639902591099       0.44679052665534269                0           0
