 WIDE PAIRS    T TPHYS N      1.3309999999999642E+00     2.7284285136316182E+00         373
 NAME(I1)    NAME(I2)    M(I1)[M*]                 M(I2)[M*]                 EB[NB]                    ECC                       P[Days]                   SEMI[AU]                  RI[PC]                    VI[km/s]                  K*(I1)      K*(I2)      
         425         527  0.11465606534331962       0.33302475784545238       -3.8362977725397251E-006  0.69234518663439004        3899660965.2098584        37092.028225429618        13.455181132651495       0.53815421843812217                0           0
         428         451  0.50342484150502542        8.2947249527767969E-002  -2.1128948329843772E-006  0.48263949795326361        9533902559.5632095        73650.904833134031        3.8740217230428682       0.34829241058122357                0           0
         429        1090  0.87362270939974029       0.20011615892944146       -2.0817363520333475E-005  0.81279905018037357        1951598214.2465465        31296.781879514503        3.4371746123219795       0.51274830063751853                0           0
         433         568  0.70744775892037870       0.83283192557172281       -2.4677037705472667E-005  0.81985559069775826        7811015654.1324587        88977.059979518192        2.5126398728617794       0.73981791645393058                0           0
         441         522  0.96223092533240573       0.15216178671496328       -1.3342008827559032E-005  0.65188732021898044        2861512361.7101002        40896.206236573991        6.8799469964235787       0.77347967765921100                0           0
         448         598  0.49694264276027938        8.1161370196568494E-002  -7.1395858372632227E-006  0.65030640267085971        1467371774.5530252        21052.416441716556        3.5390913792809924       0.11877444953046845                0           0
         456         514   2.1016478498606079       0.17931146769711101       -8.4870796127153994E-005  0.98024051867104645        514784029.01077169        16547.373630552378        13.002063813623010       0.13618608628061360                0           0
         496         896  0.19654063769100966       0.15058728593018661       -2.1641600714724001E-006  0.75594177214192870        7132657716.0898027        50964.835029505826        14.878832604073800       0.76238113914019667                0           0
         516         663  0.40078758403675879       0.18595681337462622       -1.4317719551219518E-005  0.84830020369488646        1288319284.1187866        19398.664817585519        16.849723179941428       0.37116707838845797                0           0
         563        1076  0.53682850220895728       0.31078473953524977       -3.6768176849748234E-006  0.68582414854288865        27587039439.634819        169099.56551052927        3.9550373608809446       0.47193618923631381                0           0
         656         958   8.3917520629396281E-002  0.11415570944869273       -3.9500381899054363E-007  0.22715677556281272        22298713987.567154        90379.164655208166        9.1978198488820802       0.45169139073877823                0           0
         689         584  0.28262787196724670       0.11424465493049518       -1.0892806705075498E-006   2.2685204618180257E-002   21286797711.708790        110466.45514248333        4.1182887461231292       0.14025458130981308                0           0
         834         864  0.14943489976779920       0.18613653504488009       -4.3966275192202245E-007  0.94018353155085566        72180970689.463150        235767.16644438377        7.0789076313191082       0.46246332332556794                0           0
