 WIDE PAIRS    T TPHYS N      1.9779999999998930E+00     4.0547194590256908E+00         373
 NAME(I1)    NAME(I2)    M(I1)[M*]                 M(I2)[M*]                 EB[NB]                    ECC                       P[Days]                   SEMI[AU]                  RI[PC]                    VI[km/s]                  K*(I1)      K*(I2)      
         403         404  0.17519688796893346        3.8994197612049461E-002  -1.0598614424036324E-004  0.98365569662393915        2938220.9906995273        240.21306184011169        20.832071146289117       0.39248432816019363                0           0
         425         527  0.11465606534331962       0.33302475784545238       -3.8073059149284265E-006  0.62271105796075776        3944288337.4699268        37374.476451249728        14.530567046335255       0.52327022239484411                0           0
         428         451  0.50342484150502542        8.2947249527767969E-002  -2.0968730470866705E-006  0.48644944419173619        9643380974.5106926        74213.656607757846        4.6121545433559756       0.34950697214920967                0           0
         429         573  0.87362270939974029       0.18045805036162924       -4.9205153811414811E-005  0.76068026559590196        464158874.86913806        11940.126229891683        1.4929222952239618       0.52689079769751457                0           0
         433         568  0.70744775892037870       0.83283192557172281       -2.4033720273777869E-005  0.83256296913715522        8126724589.0169201        91358.734271043926        1.3103349796560679       0.75242094178433216                0           0
         441         522  0.96223092533240573       0.15216178671496328       -1.3252143180066166E-005  0.64175432872484539        2890668451.7644343        41173.532251205317        8.4187569548991572       0.76875414321388802                0           0
         448         598  0.49694264276027938        8.1161370196568494E-002  -7.1310003643369066E-006  0.61854655623533872        1470022567.8113456        21077.762808587864        3.0934915765290989       0.15361851217199660                0           0
         456         514   2.1016478498606079       0.17931146769711101       -8.8637062368446371E-005  0.94572587343887438        482324638.57176852        15844.261263992417        16.362678908871974       0.17457378385313024                0           0
         496         896  0.19654063769100966       0.15058728593018661       -2.1949797758972901E-006  0.72946068610622594        6982961843.6077404        50249.237934297715        18.083818927496711       0.81823609727464064                0           0
         516         663  0.40078758403675879       0.18595681337462622       -1.3918419957194013E-005  0.79095678918077950        1344155088.0638757        19955.184811242929        20.502792871809653       0.36817570345122380                0           0
         563        1076  0.53682850220895728       0.31078473953524977       -3.1559226596498122E-006  0.75138117610436972        34691550623.610596        197009.98409753907        4.6761715265210499       0.45066277137688776                0           0
         656         958   8.3917520629396281E-002  0.11415570944869273       -3.6733566837499320E-007  0.16432349701523091        24864922397.734165        97186.628660133429        5.8660190308854476       0.44382048166292221                0           0
         689         584  0.28262787196724670       0.11424465493049518       -1.4121272074127908E-006  0.27237338230751551        14421462257.565407        85211.143652316910        3.2898445940820706       0.17145219630162684                0           0
         834         864  0.14943489976779920       0.18613653504488009       -4.5479017375579930E-007  0.94052062001810499        68609715733.417030        227924.97989953213        5.6058656325143188       0.44046349299064064                0           0
