 WIDE PAIRS    T TPHYS N      1.1969999999999790E+00     2.4537407444155352E+00         373
 NAME(I1)    NAME(I2)    M(I1)[M*]                 M(I2)[M*]                 EB[NB]                    ECC                       P[Days]                   SEMI[AU]                  RI[PC]                    VI[km/s]                  K*(I1)      K*(I2)      
         425         527  0.11465606534331962       0.33302475784545238       -3.7136299949030723E-006  0.70557496546155241        4094466945.2818589        38317.243628335746        13.600629877246890       0.54452057657195341                0           0
         428         451  0.50342484150502542        8.2947249527767969E-002  -2.1214977562589687E-006  0.48376647200485146        9475969743.4040337        73352.241739329489        3.8804854046877879       0.34778113215474549                0           0
         429         573  0.87362270939974029       0.18045805036162924       -2.4364228786838872E-005  0.40480114362101349        1332151278.1392925        24113.865979903057        4.6692637669377808       0.51386013303870337                0           0
         433         568  0.70744775892037870       0.83283192557172281       -2.5117805103130526E-005  0.81347178363869521        7606318658.5211458        87415.689986503494        3.4029654815252064       0.73647521367871771                0           0
         441         522  0.96223092533240573       0.15216178671496328       -1.3392246025124450E-005  0.65337646690296669        2845426247.7242351        40742.795763937167        6.1743028985798905       0.77417325404822379                0           0
         448         598  0.49694264276027938        8.1161370196568494E-002  -7.1016085341589768E-006  0.65648832948525782        1479158102.6969247        21164.998541453282        4.6282693177945085       0.11217267890948397                0           0
         456         514   2.1016478498606079       0.17931146769711101       -6.1956705936025796E-005  0.89517949917170192        825334499.94148540        22667.260187921787        11.968524362998398       0.29328325631526181                0           0
         496         896  0.19654063769100966       0.15058728593018661       -2.1540849287284032E-006  0.76344389035685789        7182757766.2070351        51203.209097769533        14.171148640913348       0.75114799507034014                0           0
         516         663  0.40078758403675879       0.18595681337462622       -1.4300516841931695E-005  0.85120159714198618        1290644645.4437377        19422.000309240644        15.567287910542316       0.37316233851406411                0           0
         540        1106  0.11908345594886549       0.21419108558098290       -4.1477462787477100E-007  0.72484714996662536        69411130554.665344        229171.16662768318        15.884859711289147       0.44207590274335434                0           0
         563        1076  0.53682850220895728       0.31078473953524977       -3.6925167623412364E-006  0.67751671603780561        27411293287.660126        168380.62302971209        4.7775161063207765       0.47672399867203635                0           0
         656         958   8.3917520629396281E-002  0.11415570944869273       -3.9971078581317086E-007  0.24169182150735463        21905993664.192314        89314.865805670313        10.322965830585407       0.45396970438949752                0           0
         689         584  0.28262787196724670       0.11424465493049518       -1.0250815069624689E-006   8.2829336101838041E-002   23317523904.397320        117384.78697440983        5.2207250315216971       0.13570631489588120                0           0
         834         864  0.14943489976779920       0.18613653504488009       -4.3857037094544823E-007  0.93907639935883003        72450818596.462021        236354.40987117853        7.7681509909523481       0.46673151910535726                0           0
